# Cluster list (68 data points):
# "Cluster Identifier" "Cluster Size" "Radius of Gyration" "Gyration Tensor.XX" "Gyration Tensor.YY" "Gyration Tensor.ZZ" "Gyration Tensor.XY" "Gyration Tensor.XZ" "Gyration Tensor.YZ"
1 53 3.4895411353 4.4641716922 3.5061323124 4.2065933306 -0.6920603091 -0.8466602857 0.292269796 
2 40 3.1731000176 4.1699999291 2.8723591179 3.026204675 -0.174013348 -0.1301130934 0.0444388798 
3 39 3.1854408013 2.6548543984 3.3710901832 4.121088517 -0.0215170061 0.0904966073 0.8959748497 
4 37 3.0825245305 3.39631056 3.1020003559 3.003646565 0.6737852992 -0.2464593093 -0.0938601285 
5 35 3.0288319418 2.7956615401 2.4394425071 3.9387188847 -0.0901106598 -0.1109080957 -0.4737704868 
6 33 3.019051245 4.0335888147 2.8217610445 2.2593205606 -0.5667924725 -0.2891664022 0.1339536345 
7 32 3.1707482606 2.8513077267 2.6377086262 4.5646281794 -0.586929877 1.4718193909 -1.2086346452 
8 31 2.8983473541 3.4105487149 2.5092592268 2.4806094434 -0.1380117444 0.4891390219 -0.2039860374 
9 28 2.8151363209 2.4861772958 2.1758117256 3.2630034838 0.1920185566 -0.2452188334 0.3910802941 
10 28 2.8138329449 2.3120842053 3.0091636552 2.5964079812 -0.0225689834 0.1176495352 -0.1219507895 
11 27 2.8455207178 2.9066784383 3.2049319884 1.9853777286 0.9386735741 -0.0835732527 0.2315989925 
12 23 2.8065750609 3.7441709916 2.6574157784 1.4752768028 1.2735032108 -0.3259081493 0.0664898839 
13 23 2.6234214317 2.5096612404 2.3276863644 2.0449924035 -0.2274614673 0.0906184888 -0.3000826593 
14 23 2.6011974881 2.6014547694 1.9206054678 2.244168135 0.1372229382 -0.1097931378 0.1372675774 
15 22 2.5864300388 1.7182682749 2.5392617094 2.4320903612 0.0422926321 -0.5388478542 -0.2426175061 
16 22 2.6046051461 2.722171553 1.8134182362 2.2483781779 -0.0153211608 -0.2211952528 0.1496111437 
17 21 2.6399365341 3.2201189108 1.5181294789 2.2310165145 0.3019021759 0.7851733427 -0.0628378388 
18 21 2.5421672283 1.4865716719 2.8318913496 2.1441511951 -0.0152908911 -0.1767569802 0.1371323242 
19 21 2.5573745249 2.1704747828 2.033721268 2.33596841 0.3178105173 -0.2770004326 -0.4798290475 
20 21 2.5789265417 1.5814858452 2.3881961323 2.6811801302 -0.1915499402 0.2701855771 0.1874836429 
21 20 2.4907056805 2.0762483081 2.438518044 1.6888484349 -0.4679839689 -0.3337339358 0.0359258897 
22 20 2.4990559834 2.2020562583 1.5180408808 2.5251836689 0.0525058738 0.5271145229 -0.2460046221 
23 18 2.4168585176 2.2242560795 2.0489307059 1.5680183086 -0.4742393145 -0.0234410388 0.0598021951 
24 18 2.3904257777 1.5780586882 2.2094134379 1.9266632725 -0.0578473562 0.0442256546 -0.4793009693 
25 17 2.390455876 2.0766045649 1.5847644185 2.0529103117 -0.1102398695 0.2935056139 -0.612146254 
26 16 2.4193190998 1.3966501775 1.530968417 2.9254863124 0.460405429 -0.3677056104 0.1915199193 
27 16 2.3213352385 1.6418384928 1.628792486 2.1179663105 0.1797466558 0.1630259202 -0.0043714625 
28 15 2.2534924367 1.4080897031 1.3928190083 2.277319451 0.0553657659 -0.3065816879 -0.0501241665 
29 14 2.1812850112 1.3337940013 1.6388396492 1.7853706495 -0.1269503552 -0.1463317739 0.3308591833 
30 14 2.2095378008 1.6744390862 1.6998024914 1.5078157158 -0.278572062 0.2018574528 -0.1797390786 
31 14 2.160215436 1.3116626114 2.0408606461 1.3140074725 -0.1007800546 0.0154813837 -0.0170020407 
32 14 2.1790302178 1.4873343455 1.7983920264 1.4624463185 0.2173037849 -0.1789714147 -0.2545764979 
33 14 2.205897281 1.4377152594 1.930771791 1.4974957638 -0.2187382272 0.1227552105 -0.1886326193 
34 13 2.0590409494 1.4037059871 1.4381361548 1.3978074895 -0.0511638416 -0.0171133998 0.0151537226 
35 13 2.0704743406 1.4071604508 1.4678290833 1.4118744611 0.043773812 -0.0221707358 0.004493524 
36 12 2.0797284335 1.5925535475 1.4239269123 1.3087898975 -0.0243485137 -0.0151769413 0.1774845057 
37 12 2.0486447127 1.4937556191 1.4493152096 1.2538743303 -0.0131275689 0.0428460781 0.159558102 
38 11 2.0394052063 1.4076531549 1.6395230562 1.1119973845 -0.0748190047 0.2063785626 0.1416396908 
39 10 1.9877248815 1.6434958281 0.6961098866 1.6114444898 0.011509803 0.0161270457 0.1091095132 
40 10 1.9657889812 1.1314786871 1.3870933218 1.3457543099 -0.3464299428 0.2655360421 0.2503102464 
41 10 1.9777142353 0.8608628252 1.5891374945 1.4613532768 -0.1014109209 -0.300113859 -0.1266573514 
42 9 1.8696012011 1.149895357 1.2705323491 1.0749809451 -0.1352911443 0.2482526386 0.15366559 
43 9 1.9279844689 1.2660700486 1.1626763162 1.2883777474 -0.6311283792 -0.0338590668 -0.0147594605 
44 9 1.9608940933 1.4223594766 1.6079086831 0.8148374856 0.0382353727 -0.0366743355 -0.4713166905 
45 8 1.8112301931 0.8838894139 1.4755775801 0.9210878182 0.099874596 -0.0727095476 -0.2715141709 
46 8 1.8225071285 0.9855434805 1.2073724355 1.1286163172 0.2121298053 0.142803458 0.3030017582 
47 8 1.8189173374 0.9019293751 0.853841842 1.5526890631 -0.0285640448 0.0145696438 -0.1640377614 
48 7 1.7301344242 1.0257525487 0.8656746513 1.1019379259 -0.391630183 -0.0900226313 -0.1534602644 
49 7 1.7551463658 0.9709926781 1.0510098395 1.0585362479 -0.2959160003 0.3609649147 0.259063221 
50 7 1.702880965 1.2681921532 1.1999480507 0.4316633769 0.0450041138 0.0578324807 -0.2129535992 
51 6 1.5906051832 0.8633246324 0.8006453029 0.8660549135 0.0359822862 -0.0115809675 0.0097866323 
52 6 1.6027826426 0.8484318709 0.875562422 0.8449179066 0.0505614842 0.0207948342 -0.0015114429 
53 5 1.5813905238 0.8588596926 0.9321466566 0.7097896396 -0.2291916549 0.1937190026 0.0512718407 
54 4 1.385017515 0.6015830041 0.6333608013 0.6833297113 0.0206225583 -0.0274713615 0.013777616 
55 4 1.3804691257 0.6606260817 0.6501187504 0.5949501749 0.0863144919 0.0143395454 0.0054555081 
56 4 1.3952185123 0.6747881021 0.6114080634 0.6604385317 0.0563332753 0.023224526 -0.0751552722 
57 3 1.3858886953 0.6397503002 0.9108330897 0.3701040859 -0.025833787 0.4659529174 0.1484011769 
58 3 1.2893615016 0.613164574 0.8591211044 0.1901674035 -0.0276832312 0.3328206266 0.0753217845 
59 2 1.2156030969 0.7890225704 0.253171425 0.4354968937 0.4469429141 0.5861884326 0.3320472393 
60 2 1.2498500165 0.0284308117 0.0867512414 1.4469430107 -0.049662946 0.2028244666 -0.3542938081 
61 1 0.0 0.0 0.0 0.0 0.0 0.0 0.0 
62 1 0.0 0.0 0.0 0.0 0.0 0.0 0.0 
63 1 0.0 0.0 0.0 0.0 0.0 0.0 0.0 
64 1 0.0 0.0 0.0 0.0 0.0 0.0 0.0 
65 1 0.0 0.0 0.0 0.0 0.0 0.0 0.0 
66 1 0.0 0.0 0.0 0.0 0.0 0.0 0.0 
67 1 0.0 0.0 0.0 0.0 0.0 0.0 0.0 
68 1 0.0 0.0 0.0 0.0 0.0 0.0 0.0 
