# Cluster list (49 data points):
# "Cluster Identifier" "Cluster Size" "Radius of Gyration" "Gyration Tensor.XX" "Gyration Tensor.YY" "Gyration Tensor.ZZ" "Gyration Tensor.XY" "Gyration Tensor.XZ" "Gyration Tensor.YZ"
1 76 4.1472744722 7.7950928509 3.6195253369 5.7852673602 1.0850558309 -2.4189498079 -0.7539960753 
2 53 3.4892544571 3.8834933438 4.1640139641 4.1273893588 0.1585008016 -0.1550024013 0.5949761464 
3 53 3.491970203 4.5758023612 3.4488138996 4.1692396379 -0.5972040406 -0.6850463582 0.4581145128 
4 47 3.3939921362 4.3051125533 3.8800828509 3.3339872162 0.7736021509 0.9101385915 0.4210271549 
5 40 3.1648499105 4.0507205147 2.8045104121 3.1610440294 0.0018708655 0.4156029007 0.1018655361 
6 40 3.1846581989 3.0832064734 3.7133350455 3.345506325 0.440388332 -0.7150647386 -0.1732370427 
7 39 3.1418870655 2.9634804203 4.0590905575 2.8488833547 -0.5685270585 0.1575915098 -0.3835807317 
8 36 3.0893786868 3.4288768335 2.4819102376 3.6334735994 0.4215113037 -0.8586626325 -0.4704028824 
9 33 3.0115781976 3.0718542692 3.4000849839 2.5976639873 -0.8016453562 0.451730239 -0.4150505489 
10 31 2.9214853442 2.3294035099 2.7038427005 3.5018304061 0.6284597865 -0.022922803 -0.0794085285 
11 31 2.8991375792 2.6116975908 3.4070769978 2.3862241148 -0.3258441402 0.1402701753 -0.2475202532 
12 28 2.8191701072 1.991717567 2.4893991557 3.4666033705 0.0876785089 -0.4427076131 0.1001666669 
13 27 2.8083907213 2.7829813928 3.2451382392 1.8589388117 0.75877656 -0.2803064349 -0.3446992273 
14 23 2.6214900865 2.1081237096 2.657421291 2.1066652728 -0.2198957159 0.1865078421 0.1737913018 
15 23 2.6632307245 3.1976540316 2.4271705533 1.4679733071 -0.2736985099 0.0302456027 0.0835275046 
16 22 2.6050141096 2.6573819756 2.141383686 1.9873328495 -0.0148918499 -0.2503373707 0.154172466 
17 21 2.5427322055 1.9411723788 2.5090565308 2.0152581593 0.5287607589 -0.4229116103 -0.0451843448 
18 21 2.5850487852 2.615474327 2.4390638208 1.6279390741 0.2608195059 0.0851207549 -0.2628392038 
19 21 2.5631555889 1.7735995946 2.8655921559 1.9305748225 -0.3364674151 0.0558008879 0.1993189195 
20 20 2.4731109352 2.2058537967 1.8369421081 2.0734817929 0.090388009 0.6527713845 -0.1877142716 
21 18 2.4058304924 2.5044229624 1.6547921427 1.6288052531 0.1175802059 0.1273965231 -0.0334423181 
22 17 2.4136847397 1.9574814616 2.0263787969 1.8420137642 -0.0524716228 0.652901998 -0.2957258013 
23 16 2.2726063385 1.8937908597 1.5846784292 1.6862702809 0.0699539312 -0.0338133355 -0.0931534714 
24 15 2.2575328739 1.4346289696 1.7897525502 1.8720731568 -0.2990771845 0.2967283014 -0.4214512227 
25 15 2.2566863443 1.2912863208 1.3419210703 2.4594258653 -0.0715583535 0.0344708091 0.0826148548 
26 15 2.2339844809 1.7872850357 1.6532506222 1.5501510031 0.3736382822 -0.2882355045 -0.3351495573 
27 14 2.1859813038 2.0749148958 1.3159967251 1.3876026396 0.0404435236 -4.4551795281e-04 0.011167764 
28 14 2.1557615319 1.721402517 1.6117915831 1.3141136824 -0.3022265142 -0.0293578548 0.0591523298 
29 14 2.1696813705 1.4324059313 1.7081452695 1.5669660485 0.2066276367 0.1453756937 0.2633547955 
30 13 2.0688063238 1.4664886335 1.4087434838 1.4047274883 0.0319317469 -0.0097122635 0.0233792576 
31 13 2.0651536944 1.4682309807 1.4021265822 1.3945022185 -0.0043864875 0.0020832356 -0.0191044627 
32 13 2.0705603717 1.4273876117 1.4504681723 1.4093644689 -0.0118016287 -0.021811148 0.0355226117 
33 12 2.066196938 1.557478448 1.3410197518 1.3706715867 0.165732095 -0.1098561281 0.1745687551 
34 12 2.0558078487 1.1603068111 1.5239605892 1.5420785103 -0.0992307755 -0.1262494082 -0.0158665387 
35 11 2.0207772129 1.0992899687 1.6228274862 1.3614230891 0.0051309089 0.2944791868 0.1932116752 
36 11 2.0859923038 1.7274052463 1.2078420006 1.4161166445 -0.2984947687 0.3627293081 0.152990811 
37 10 2.0120217506 1.7297451332 1.3474901168 0.970996275 -0.0805883278 0.0471687423 0.407588137 
38 10 1.986072368 1.62852934 1.554739881 0.7612142301 0.0260130668 -0.1920260349 0.0407442408 
39 9 1.9383565505 0.897245241 1.5436035546 1.3163773213 -0.4073507906 0.1737182263 0.3283622632 
40 9 1.8815784005 1.1815749485 1.135183952 1.2235783767 -0.2737687432 -0.1482786643 -0.1482756158 
41 8 1.8255200021 1.1760503701 0.8685321451 1.2879407628 -0.0146414886 -0.3325233431 -0.0407242062 
42 7 1.7483732112 1.1575100735 0.6337215673 1.2655772449 -0.3708900324 0.0435338064 0.0547535846 
43 7 1.7557613236 1.356098632 0.8156220245 0.910977169 0.1334730775 0.1146748346 -0.4547633629 
44 7 1.730131851 0.5524889815 1.1853873265 1.2554799137 -0.2951826451 0.1708319435 0.1112024352 
45 7 1.7506047817 1.1008321536 1.3217830222 0.6420019258 -0.1873869501 0.3601456758 0.1576807401 
46 6 1.5919564919 0.8454105173 0.8675282638 0.8213866911 0.0141210017 -0.0268930101 -0.0359578485 
47 5 1.5605223486 0.9210424994 0.7105726955 0.8036148057 -0.2462006375 -0.3532076694 0.2101921995 
48 4 1.3757090293 0.6345853669 0.6535229193 0.6044670472 0.0350734963 -0.0151647644 0.0159850871 
49 3 1.3264305978 0.5299126735 0.6575877083 0.5719177492 -0.3127372123 0.3291873778 0.2226159107 
