# Cluster list (624 data points):
# "Cluster Identifier" "Cluster Size" "Radius of Gyration" "Gyration Tensor.XX" "Gyration Tensor.YY" "Gyration Tensor.ZZ" "Gyration Tensor.XY" "Gyration Tensor.XZ" "Gyration Tensor.YZ"
1 13 6.9308379367 18.5505716765 24.8102532904 4.675689538 19.7673798795 -8.351923907 -9.3370046136 
2 8 4.3791537377 0.7442536249 6.6537814421 11.7789523918 -0.6790219346 -0.7934817436 8.2459824211 
3 8 3.783764585 5.5619941215 8.112930165 0.6419501485 -3.1371601689 -0.2197464787 0.9829495061 
4 7 4.8431536989 1.16857144 20.4989808022 1.7885855094 1.4878187213 0.5916116824 3.0213440941 
5 7 3.5123119311 7.4333854677 2.2302884782 2.6726611554 -1.4491743531 -3.133772369 1.9154389285 
6 7 2.8309550672 3.0877989056 2.6926978896 2.2338097975 -0.9541015324 1.6690188447 -1.0434838558 
7 6 3.9834503801 11.6585336614 0.3196935622 3.8896497071 -0.8294736736 -6.369995343 0.2915468172 
8 6 3.013503603 1.8188357637 1.3053013668 5.9570668346 0.6764127822 1.9622833628 2.4121989163 
9 6 2.7114695686 3.3794125444 3.5402692631 0.4323854141 -2.4434366901 0.3967180102 0.3444100993 
10 6 3.1695812429 2.8961448847 3.8130245487 3.3370758219 -1.9439744593 -1.5553310764 2.9200945239 
11 5 2.2705611407 0.1913603559 2.3263787136 2.6377088243 -0.2972996662 -0.1974767117 1.0772619596 
12 5 2.2771026139 1.7725997056 2.3632894517 1.049307157 -0.4916489714 -0.914178088 1.0477572778 
13 5 2.499018814 2.1276041429 3.1344139511 0.9830769388 0.106959313 1.225525087 -0.0595516084 
14 5 2.7632844456 1.3371300712 2.9518855069 3.3467253494 -1.1806652296 1.2107679497 -3.0038700285 
15 5 2.3527543381 2.1405927407 0.4414137392 2.9534464955 0.4410309986 2.0619580219 0.2053898682 
16 4 2.6341636306 1.3552687858 0.5185345549 5.0650146921 -0.1083322519 -0.1777497724 1.4383817222 
17 4 2.0861321541 3.2517638025 0.3155108882 0.7846726736 -0.4647306766 0.6670878425 0.256269011 
18 4 2.2572354047 0.6300453732 1.4307491282 3.0343171707 -0.4150607406 0.5009333914 1.4106276307 
19 4 2.3287856096 1.7344404571 0.570543655 3.1182583035 0.2220535732 -1.9030241058 -0.2714120817 
20 4 2.337762912 2.7316922936 2.1375370843 0.5959060547 1.7056450136 -0.0509956147 0.261950863 
21 4 2.1019767724 1.7815340413 2.1292205074 0.5075518031 1.145531584 -0.8744561398 -0.2902644842 
22 4 2.3468182433 1.1573597435 2.3901606705 1.960035453 1.2770962331 -1.3647559336 -0.9410894759 
23 4 2.4451988966 0.495869125 1.61174748 3.8713810387 0.1888064774 1.0712513954 1.4992127534 
24 4 2.0929831824 2.8463527563 0.4980765441 1.0361493014 0.128147301 0.5642114939 -0.4071253111 
25 4 1.6488753039 1.2749404849 1.1876488587 0.2562004241 0.5250488807 -0.1256372102 -0.533802781 
26 4 2.5292435902 1.1050695329 3.1397003585 2.152303247 1.5737349763 0.6491111447 2.0942129607 
27 4 2.7465042821 2.8694710144 2.176955494 2.496859263 2.4572193103 2.3746157919 2.161287795 
28 4 2.5203454013 2.3626810851 2.8867003077 1.1027595489 2.233581804 -0.0855957167 -0.76573373 
29 4 1.6017373253 0.8997292662 0.6835199459 0.9823132471 -0.2897763687 0.0310357776 0.7283982462 
30 4 1.9491362391 1.9120941829 1.0013264816 0.8857114141 -0.3264558793 0.1954576964 0.4719745733 
31 4 2.2436302874 0.3251216676 0.9849456906 3.7238095082 0.4873760567 0.1703820436 -0.2735652512 
32 4 2.7519875785 4.7872256982 0.7348825172 2.0513274168 1.833797865 2.0361758506 0.8656964947 
33 4 1.8384049738 0.4063985936 0.069380043 2.9039542113 0.1109686962 0.9900597793 0.1349403568 
34 3 2.4234490436 1.4457662954 3.5270170721 0.9003218995 2.2581452814 0.3369085147 0.5226582129 
35 3 2.027428077 3.8112085294 0.2572048885 0.0420511893 -0.7287915145 0.3763423401 -0.0959677397 
36 3 2.1144927222 2.7158023504 1.623656585 0.1316205367 0.2664893988 -0.133298338 0.4339243772 
37 3 2.5825546487 2.8999932681 0.2765031856 3.4930920597 -0.3180073132 -2.7482654255 -0.1620068614 
38 3 1.0715876847 0.0072652618 0.9194776899 0.2215572144 -0.0654869157 -0.0293228451 0.4486339626 
39 3 1.8707186779 1.3515143173 0.8809919075 1.2670821468 0.4094175868 -1.136367648 -0.8299172351 
40 3 1.800410669 2.7516446819 0.2425124413 0.2473214539 -0.7085422245 -0.0348520725 -0.1127988583 
41 3 2.5121838889 0.7778788503 5.2024670902 0.3307219515 1.1874845177 -0.4362029784 -1.2061802304 
42 3 2.3358461426 1.5369847748 1.8731252554 2.0460671716 -1.6164525818 1.6387288583 -1.4960119802 
43 3 1.9482254383 1.5208872555 0.2629298386 2.0117652643 0.4069965598 1.4837418451 0.102259532 
44 3 2.1755798786 0.7512750859 0.509591466 3.4722812563 0.0813956543 -0.4762910888 -1.3116076641 
45 3 1.8453094499 1.9460295914 1.0725148709 0.3866225034 -0.4058649669 0.783432206 0.1018697351 
46 3 2.249951492 4.4974712524 0.4887971373 0.0760133266 1.0110478657 0.5836097084 0.1226128465 
47 3 1.6517601738 0.3153260833 0.8755885673 1.5373970213 0.0264439079 0.5829050023 0.6826192607 
48 3 1.6061821957 1.4558457723 0.8436446756 0.2803307978 0.1020448484 0.194319427 0.4749213618 
49 3 1.8654956545 2.2725058154 0.5705938858 0.6369743357 -0.8177824344 -1.1623342032 0.5266004498 
50 3 1.8833570345 0.0284006244 0.9005159151 2.6181171798 -0.1143498024 0.2165187042 -1.5242876368 
51 3 1.3260357069 1.2052623457 0.4230104145 0.1300979358 0.561136164 0.0468231363 -0.1222509973 
52 3 2.083383237 2.14073324 1.9549739931 0.244778479 -2.0159166283 0.0258130033 -0.1419344198 
53 3 1.5714250725 0.2429430374 1.2569548691 0.969478852 -0.0605845174 0.4531834996 -0.5056097995 
54 3 1.7353436717 1.3391782932 0.0429414312 1.6292979346 0.0171635454 -0.461535734 0.2447050237 
55 3 1.4494411753 0.0841202301 0.6253825458 1.3913769447 0.2277347952 0.1474699677 0.4993484553 
56 3 2.2109766474 3.319688044 1.0488911587 0.5198385329 -1.5641357662 0.239748127 -0.5088739847 
57 3 1.9176521919 0.8157304393 0.31224 2.5494194898 0.1271790772 1.4376854411 0.1566755298 
58 3 1.8437332974 2.6259146234 0.551645391 0.2217924575 1.1971207206 -0.6755073791 -0.2911323381 
59 3 1.6671030801 0.173345608 1.158927971 1.4469591008 -0.4369440915 -0.0851560272 0.4990007704 
60 3 1.3282486478 0.3144105594 1.277617963 0.1722159478 -0.5570665107 -0.0273842078 -0.1736432241 
61 3 1.6369864592 1.2371306522 0.3172060034 1.1253880119 0.6130199478 -1.1662846504 -0.5592572847 
62 3 1.5976579441 0.6323355087 1.1615782117 0.7585971858 0.1134753002 -0.6282817744 0.2788059514 
63 3 1.9743130837 0.6834591081 1.0968973025 2.117555742 -0.0043642889 0.4573220423 1.4067010105 
64 3 2.3367444842 3.4071480125 1.8289040208 0.2243227514 -1.8626230615 0.8698649807 -0.432915579 
65 3 1.8701425226 0.5018433735 0.4099053762 2.5856843051 -0.2148695129 -0.1942170596 0.9765269388 
66 3 1.2439834064 0.7549806632 0.706842164 0.0856718883 0.7252028512 0.2340441318 0.2364045792 
67 3 1.8509381967 0.897876589 0.3637002447 2.1643953742 -0.4712229448 -0.8738490233 0.8496790922 
68 3 2.1586929466 1.8555377105 0.6963213834 2.108096144 -1.1208860275 1.9443848643 -1.1377164634 
69 3 1.7060647607 1.4972932981 0.5392884262 0.8740752435 -0.5040293962 0.9766965549 -0.0328300674 
70 3 0.9015268522 0.1985049788 0.5383626291 0.0758830573 -0.051719431 0.1009327482 -0.1398424593 
71 3 2.1743032163 3.2903161501 1.3157849505 0.1214933756 -2.0097825828 -0.1142031312 -0.0320421562 
72 3 1.697337451 0.5445208859 2.2985181067 0.03791543 0.3918289862 -0.0702746783 0.1906152927 
73 3 2.1036616959 0.5674051217 3.1884136506 0.6695737585 0.1822340418 -0.4926089506 0.711916552 
74 3 1.3238113177 0.6174377538 0.8650084982 0.2700301529 0.4274608162 -0.3863037159 -0.1404564779 
75 3 1.9607875426 2.8544648156 0.3389109173 0.6513120541 0.6326939805 1.1286613028 0.4519988968 
76 3 1.7284645802 2.3161265954 0.4116810153 0.2597821943 0.8736852976 0.6117201439 0.1409476266 
77 3 1.8820979972 0.0447349127 3.2206109373 0.276947021 0.0963574032 0.0824474933 -0.4361011671 
78 3 1.5781600538 0.1602826259 0.6646757648 1.6656307647 0.2804942589 -0.3961793795 -1.0387104619 
79 3 1.8142659882 0.0616951126 1.8995258983 1.330340065 0.00717065 0.0198655216 -1.5831757101 
80 3 1.6876682755 0.3971301146 1.8810345326 0.570059561 0.4892385275 0.4429705884 0.8573163681 
81 3 2.0252562088 1.5219335416 0.729837781 1.8498913888 -0.9149390732 -1.4078717831 0.5326026906 
82 3 2.0615235026 0.9250512704 0.5790789511 2.7457489304 0.7190302775 -1.168687581 -1.0684723157 
83 2 1.7361759404 0.7796947128 2.1680957151 0.0665164681 1.300174129 -0.2277334812 -0.3797552757 
84 2 1.5655011649 1.1574563219 0.3827484224 0.910589153 -0.6655934053 -1.0266290332 0.5903613823 
85 2 1.656883127 0.5101123189 1.9546993284 0.2804500491 -0.9985570626 0.3782340874 -0.7404022708 
86 2 1.510184191 0.0447040871 0.1476793384 2.0882728651 0.0812518924 0.3055394117 0.5553330128 
87 2 1.5270134984 1.0003643368 5.3651724011e-04 1.3308693702 -0.023167061 -1.153843254 0.0267214214 
88 2 1.5877607303 1.1546375335 0.4404990936 0.9258475097 0.7131737425 -1.0339334045 -0.6386195964 
89 2 1.0777835654 0.0924713221 0.0107867801 1.0583593116 -0.0315827139 0.3128384325 -0.1068470362 
90 2 1.3215151678 0.2685370881 0.2690369561 1.2088282944 0.2687869059 0.5697501472 0.570280181 
91 2 1.3008520161 0.1501265397 1.5109030543 0.0311863738 -0.4762632123 -0.0684244283 0.2170704665 
92 2 1.5561843932 2.3218077267 0.0268049058 0.0730972331 -0.2494711154 0.4119681063 -0.0442647088 
93 2 1.5184997566 0.0238664216 0.6619085958 1.6200664934 -0.1256876669 -0.1966346611 1.0355365458 
94 2 1.6054043551 1.1691597207 1.2810763364 0.1270870864 1.2238393896 -0.3854673817 -0.4034950545 
95 2 1.6019844258 0.3930977252 0.0934649197 2.0797914556 -0.1916790216 -0.9041909589 0.4408940252 
96 2 1.4720239753 1.1730794449 0.9249374399 0.0688376991 -1.0416453804 -0.2841691218 0.25233027 
97 2 1.4658477124 1.3614478849 0.6149931246 0.1722685063 0.9150306491 -0.4842877178 -0.3254903178 
98 2 1.111418791 1.0924417737 0.1234286102 0.0193813452 -0.3672037171 0.1455094194 -0.0489102495 
99 2 1.0806107889 0.0135032088 0.4211356133 0.733080855 -0.075410093 0.0994934363 -0.5556315825 
100 2 1.140518336 1.0400566095 0.1155735168 0.1451519484 -0.3467030431 0.3885437469 -0.1295211224 
101 2 1.5156959565 1.694702516 0.0612444205 0.5413872959 0.3221662204 -0.9578571984 -0.1820905028 
102 2 1.739433857 0.1916754596 0.3044377361 2.5295169473 0.2415641591 -0.6963090717 -0.877542257 
103 2 1.4459577469 0.6605697027 1.1379724543 0.2922516486 -0.8670121832 -0.4393774968 0.5766925749 
104 2 1.4864227381 0.2028106545 2.0065859849 5.5916899328e-05 -0.6379318278 -0.0033675723 0.0105925477 
105 2 0.8360973868 0.1431561342 0.3385114736 0.2173912324 0.2201363076 0.1764111347 0.2712737113 
106 2 1.598175906 1.4708885294 0.8592011778 0.2240765195 1.1241837736 -0.5741006725 -0.4387787705 
107 2 1.7285112704 0.5300710268 1.7663259089 0.6913542763 0.9676146899 0.6053650726 1.1050597135 
108 2 1.1237813251 0.2412038705 0.9665023631 0.0551782329 -0.4828292771 0.1153655207 -0.230932658 
109 2 1.2013580992 2.1376723544e-04 1.4430372597 1.0255611414e-05 -0.0175634303 4.682214967e-05 -0.0038469767 
110 2 0.9577780481 0.2622573794 0.0588517349 0.5962296751 -0.1242348654 0.3954309448 -0.1873209833 
111 2 1.5117004057 0.0040485474 0.5489922229 1.7321973463 0.0471446821 0.0837429585 0.9751732521 
112 2 1.3964662859 0.4081174085 1.3971987778 0.1448019013 -0.7551298857 0.243097052 -0.4497966646 
113 2 1.2865902247 1.6025520462 0.0111035498 0.0416588104 0.1333942142 0.2583803626 0.0215072237 
114 2 1.296503034 2.4972541723e-05 1.6776409057 0.0032542389 -0.0064726314 -2.8507300158e-04 0.0738880522 
115 2 0.4907309534 0.1591904797 7.820884126e-04 0.0808443005 0.0111580029 -0.1134444489 -0.0079515653 
116 2 1.6077185864 2.5331793685 0.0044798677 0.0470998169 -0.1065284398 -0.3454161034 0.0145258717 
117 2 1.3530207948 0.1583298058 0.0547921985 1.617543267 -0.0931409585 -0.5060684848 0.2977058141 
118 2 0.8917683743 0.1207281421 0.5510022607 0.1235204306 -0.2579175823 0.1221163056 -0.2608831856 
119 2 1.0919022913 0.807057997 1.8978083972e-05 0.3851736387 0.0039136191 0.5575459311 0.0027036748 
120 2 1.7132271976 2.5936099633 0.0471385802 0.2943988869 0.3496556754 0.8738168494 0.1178029947 
121 2 1.2042757882 0.5921999027 0.855461281 0.0026189903 0.7117612573 0.0393823028 0.0473333367 
122 2 1.2255215473 1.1875567336 0.0315449451 0.2828013841 0.1935495078 0.5795193594 0.0944508027 
123 2 1.643146835 1.5447100651 1.1311264214 0.0240950346 -1.321840523 0.1929244477 -0.1650894615 
124 2 1.2893053154 0.849844724 0.7222947648 0.0901687077 0.7834783947 -0.2768201591 -0.2552026362 
125 2 0.8344914671 0.0187068835 0.6646611991 0.0130079262 0.1115066796 -0.0155992871 -0.0929831371 
126 2 1.529086476 0.4523167181 1.1675521391 0.7182365938 0.7267071981 0.5699740511 0.9157394124 
127 2 1.2692605606 1.3115450524 0.1108853111 0.1885920071 -0.3813542725 -0.4973398374 0.1446101081 
128 2 1.2539714789 0.5769762096 0.5198240907 0.4756441697 -0.5476551228 -0.523865794 0.4972437008 
129 2 0.9468156205 0.0838219831 1.1915373398e-04 0.8125186824 0.0031603326 0.2609730393 0.0098394428 
130 2 1.5999219156 0.2740669421 0.1200526117 2.1656305822 -0.181390331 0.7704075229 -0.5098917604 
131 2 0.682635338 0.1955916117 0.0936903749 0.1767090181 0.1353700537 -0.1859107357 -0.128669865 
132 2 1.3954423444 0.0228739316 0.8452914948 1.0790939103 0.1390508533 -0.1571086257 -0.9550648692 
133 2 1.320728528 0.1894710352 0.1158201305 1.439032679 0.1481369637 0.5221637783 0.4082510903 
134 2 0.7868018817 0.0090802192 0.5914439565 0.0185330255 0.0732832911 0.0129724297 0.1046959689 
135 2 1.7022686304 0.1179170113 1.4953529991 1.2844484795 0.4199137489 0.3891764714 1.3858946158 
136 2 1.4860949211 0.0046210604 0.5935177023 1.6103393518 -0.0523706136 0.0862639871 -0.977632299 
137 2 0.9228267358 0.0395833527 0.584617594 0.2274082376 -0.1521220708 -0.0948766593 0.3646187827 
138 2 1.3661288624 0.8611242133 0.9391825334 0.0660013221 0.8993068554 -0.2384016287 -0.2489724661 
139 2 1.2554739721 0.1735640929 0.0634794161 1.3391713856 -0.1049654575 -0.4821120894 0.2915644313 
140 2 1.5815802455 2.3315613816 0.1096909945 0.0601436969 0.5057185845 0.3744712551 0.0812232844 
141 2 1.5779090111 0.1092741489 1.0794429181 1.3010797804 -0.3434460747 -0.3770601884 1.1850912854 
142 2 1.4502458934 1.9289777604 0.0187820906 0.1554533002 -0.1903424154 -0.5476001816 0.0540345998 
143 2 1.3727729758 0.2868272078 0.5154396875 1.0822387478 0.38450244 0.5571494577 0.7468793758 
144 2 0.8649381892 0.2659556936 0.1407423264 0.3414200512 0.1934715045 0.3013347085 0.2192082395 
145 2 1.282203807 0.9857706627 0.0065132468 0.6517626932 0.0801284447 -0.8015538297 -0.0651543651 
146 2 1.1146845995 0.3386282826 0.7105178533 0.1933756205 -0.490511407 -0.2558953971 0.3706707848 
147 2 1.5976048034 1.9217790145 0.158097274 0.4724648193 -0.5512059718 -0.9528761592 0.2733045919 
148 2 1.5955939415 0.0439319483 1.4490752278 1.05291285 -0.2523107171 -0.2150732732 1.2352125032 
149 2 0.9288985587 0.0079480115 0.8488568309 0.00604769 0.0821384432 0.0069330448 0.0716493054 
150 2 0.6753544327 0.016033423 0.1143415692 0.3257286176 -0.042816898 0.072267176 -0.1929878786 
151 2 1.1669805404 0.0235866913 0.1112489068 1.2270079836 0.0512249316 0.1701207175 0.3694635256 
152 2 0.6932646162 0.103248724 0.3167732826 0.0605938215 -0.1808492113 0.0790963637 -0.1385442303 
153 2 1.1423683586 0.3136620899 0.081034495 0.9103088817 -0.1594285077 -0.5343494983 0.2715997433 
154 2 1.7127948025 1.5437572413 0.0605264657 1.3293823286 -0.3056765769 1.4325653898 -0.2836596797 
155 2 1.6944083526 2.7520608204 0.0276340653 0.0913247797 -0.275772784 0.5013295802 -0.0502361914 
156 2 1.6383994113 0.2855700947 0.0063733128 2.3924092233 0.0426617808 0.8265594525 0.1234810605 
157 2 1.5207985207 0.0125470952 0.2072501972 2.0930308484 -0.0509939991 -0.1620538714 0.6586205706 
158 2 1.4033749265 0.931407522 0.464487689 0.5735659733 0.65774412 -0.7309060554 -0.516153401 
159 2 0.988349388 0.0206846861 0.1756886169 0.7804612098 -0.0602831974 0.1270574481 -0.3702946806 
160 2 1.1167207833 0.608058197 0.2443394509 0.39466766 0.385451172 -0.4898784602 -0.3105364381 
161 2 1.1146588306 1.015939788e-04 1.0321247796 0.210237935 0.0102400031 0.0046215699 0.4658237675 
162 2 1.6872432652 2.0735438602 0.7722532538 9.9272205625e-04 1.2654252222 -0.0453701744 -0.0276881353 
163 2 0.9660136816 0.1504984992 0.7409470324 0.0417369014 0.3339332513 0.0792549117 0.1758545798 
164 2 0.6519157392 0.0857575021 0.3214970116 0.0177396174 0.1660445141 0.0390039136 0.0755197589 
165 2 1.011133315 0.2276081581 7.2503734395e-04 0.7940573853 -0.0128461829 0.4251281441 -0.0239941922 
166 2 1.4475135219 0.8894285699 0.94270711 0.2631597164 -0.9156804228 0.4837993077 -0.4980788448 
167 2 0.9842435898 0.9682845581 2.3748114563e-04 2.134048591e-04 -0.0151640801 -0.014374861 2.251213682e-04 
168 2 1.1036799026 0.0940607167 0.9448287325 0.1792198784 0.2981128439 0.1298366289 0.4114998062 
169 2 1.1281860769 0.9619184288 0.2378949979 0.0729903974 0.4783676229 0.2649732221 0.1317727227 
170 2 1.2778181836 0.1973081675 0.7096258341 0.7258853087 -0.3741857466 0.3784482793 -0.7177095287 
171 2 0.3879077726 0.0637134232 0.0855548664 0.0012041504 -0.0738308432 -0.0087590265 0.0101499226 
172 2 1.4580902966 1.9486754581 0.0746978053 0.1026540495 -0.3815255955 -0.447257674 0.087567301 
173 2 0.8251551861 0.0552776859 0.4098507219 0.2157526733 0.1505177714 0.1092076395 0.2973657494 
174 2 1.3386665028 0.5601710396 0.6036837225 0.6281732437 -0.58152054 0.5931984988 -0.6158067571 
175 2 1.4072368213 1.8802073259 0.0114178711 0.0886902743 -0.1465195034 0.4083578131 -0.0318222268 
176 2 1.6405305523 0.708822693 1.2891554866 0.6933623135 -0.9559197998 -0.7010498857 0.9454373753 
177 2 1.7450929282 0.3081290882 0.2585481043 2.4786721355 0.2822520002 -0.8739284783 -0.8005348098 
178 2 1.5877863589 0.1751018972 1.7036755111 0.6422881132 -0.5461838649 -0.3353593106 1.0460643047 
179 2 1.1971912811 0.6306213895 0.3092460288 0.4933995451 0.4416074732 -0.557806693 -0.3906172679 
180 2 1.4546846158 0.0458979155 0.9786725309 1.0915368851 0.2119410983 0.223828657 1.0335652693 
181 2 1.6924453266 0.8296434668 1.8188439032 0.2158838135 1.2284103392 -0.4232098717 -0.6266250538 
182 2 1.6810372515 0.9482570773 1.0868927874 0.7907363761 -1.0152111987 0.8659222627 -0.9270629234 
183 2 1.6618333194 2.6990592729 0.0419460226 0.0206846861 -0.336474072 0.2362820217 -0.0294557347 
184 2 1.1847798541 0.1290398849 0.8610609385 0.4136024793 -0.3333334733 -0.2310221122 0.5967720997 
185 2 1.2829820071 0.318855537 1.0104086435 0.3167786501 -0.5676040791 -0.317815397 0.5657524955 
186 2 0.9539400532 0.0873483161 0.0313111048 0.7913422041 0.0522969624 -0.262911409 -0.1574096525 
187 2 1.2448088105 0.3740497987 0.7114514063 0.4640477697 -0.5158665092 -0.4166257011 0.5745845789 
188 2 0.7787528071 0.2180426915 0.0405746544 0.3478385886 -0.0940585288 -0.2753972804 0.11879996 
189 2 1.2855804667 0.7658265366 0.0656525283 0.8212380715 -0.2242285628 -0.7930484903 0.2321989572 
190 2 1.3920072588 1.5156473315 0.1181153854 0.3039214916 0.4231090506 -0.6787030262 -0.1894671584 
191 2 1.1961502104 5.8612176929e-05 0.8395441915 0.5911725222 0.0070148067 -0.0058864173 -0.7044965985 
192 2 1.6985453827 1.4004472106 1.3282148359 0.1563943706 -1.3638529107 -0.4679979274 0.4557689363 
193 2 0.3241378877 0.0028230155 0.0571001857 0.0451421691 -0.0126962478 0.0112888017 -0.0507703283 
194 2 1.5207949511 2.02143529 0.1684029435 0.1229790498 -0.5834515001 -0.4985922094 0.143909812 
195 2 1.2624805758 0.4327406225 0.9633294376 0.1977871442 -0.6456560853 -0.2925585957 0.4365022089 
196 2 1.3233560211 0.111356924 0.1569420896 1.4829721451 -0.1321990482 0.4063732477 -0.4824321168 
197 2 1.6090763613 2.0572751528 0.4356089204 0.0962426633 0.9466611898 -0.4449692571 -0.2047539075 
198 2 1.3249805718 1.5369425927 0.0586136801 0.1600172429 -0.3001430682 -0.4959206753 0.0968462672 
199 2 1.5859311463 0.9349446955 0.0022979022 1.577935003 -0.0463509601 -1.2146118561 0.0602157817 
200 2 0.994404659 0.0435804486 0.5476808219 0.3975793554 0.1544932876 -0.1316308728 -0.466633248 
201 2 1.33403396 1.7000078679 0.0796386447 9.3861274308e-08 -0.3679488042 -3.9945576077e-04 8.6457993689e-05 
202 2 1.722330623 0.370939332 0.1286525467 2.4668308963 0.2184543195 0.9565796385 0.5633507585 
203 2 1.4389964899 0.0421979712 0.3063310375 1.7221818893 0.1136949792 0.2695785261 0.7263317182 
204 2 1.3233801396 0.040935159 0.3039964158 1.4064034191 0.1115533128 -0.2399402999 -0.653866652 
205 2 1.5369449455 0.7223251592 1.0390949772 0.6007796292 0.8663512249 0.6587550692 0.7901057493 
206 2 0.2940555485 0.0273835179 6.0024476625e-06 0.0590791452 -4.0542339957e-04 -0.0402218203 5.9549935122e-04 
207 2 0.7683023864 0.0270860622 0.5364208484 0.0267816464 -0.1205384937 0.0269334242 -0.1198592236 
208 2 1.3467841479 0.7716616901 0.0641215567 0.9780442942 -0.2224413379 0.8687458277 -0.2504270805 
209 2 1.1930664289 0.1108251401 1.0370486299 0.2755337338 -0.339014837 -0.1747457142 0.5345482963 
210 2 1.2381664409 0.0738394959 0.7518192041 0.7073974353 0.2356139874 0.2285473037 0.7292701673 
211 2 1.0107649629 0.2320715879 0.0120674261 0.7775067963 -0.0529198143 -0.4247790447 0.0968633358 
212 2 1.6439150973 2.1254433504 0.55006256 0.0269509366 -1.0812616753 0.2393380224 -0.1217567295 
213 2 0.8829452438 0.1268633095 0.1388624455 0.5138665486 -0.1327273499 0.2553249126 -0.2671268718 
214 2 0.9528733382 0.350864972 0.485550499 0.0715521275 -0.4127501209 0.158446001 -0.1863925192 
215 2 1.0943993369 0.1652219802 0.0941868933 0.938301035 0.1247467235 0.393735895 0.2972804391 
216 2 1.1122331489 0.2621509219 0.6410642849 0.3338473707 0.4099458419 -0.2958350824 -0.4626203908 
217 2 1.6647309972 2.5436820924 0.0265003708 0.2011468299 -0.2596315054 0.71529965 -0.0730100375 
218 2 1.6236996717 1.0137138041 0.9434331961 0.6792536236 0.9779423573 0.8298004427 0.8005188424 
219 2 1.3984280464 1.542814706 0.0117194352 0.4010668597 0.1344653 0.7866205243 0.0685585666 
220 2 0.5536956367 0.1335487541 0.0653659659 0.1076641381 -0.0934320251 -0.1199100142 0.0838902281 
221 2 0.5030685638 0.0474294239 0.1025793265 0.1030692295 0.0697515473 0.0699179103 0.1028239862 
222 2 1.1085859228 0.0020434163 1.2266050044 3.1432745368e-04 0.0500646051 8.0143736341e-04 0.0196355705 
223 1 0.0 0.0 0.0 0.0 0.0 0.0 0.0 
224 1 0.0 0.0 0.0 0.0 0.0 0.0 0.0 
225 1 0.0 0.0 0.0 0.0 0.0 0.0 0.0 
226 1 0.0 0.0 0.0 0.0 0.0 0.0 0.0 
227 1 0.0 0.0 0.0 0.0 0.0 0.0 0.0 
228 1 0.0 0.0 0.0 0.0 0.0 0.0 0.0 
229 1 0.0 0.0 0.0 0.0 0.0 0.0 0.0 
230 1 0.0 0.0 0.0 0.0 0.0 0.0 0.0 
231 1 0.0 0.0 0.0 0.0 0.0 0.0 0.0 
232 1 0.0 0.0 0.0 0.0 0.0 0.0 0.0 
233 1 0.0 0.0 0.0 0.0 0.0 0.0 0.0 
234 1 0.0 0.0 0.0 0.0 0.0 0.0 0.0 
235 1 0.0 0.0 0.0 0.0 0.0 0.0 0.0 
236 1 0.0 0.0 0.0 0.0 0.0 0.0 0.0 
237 1 0.0 0.0 0.0 0.0 0.0 0.0 0.0 
238 1 0.0 0.0 0.0 0.0 0.0 0.0 0.0 
239 1 0.0 0.0 0.0 0.0 0.0 0.0 0.0 
240 1 0.0 0.0 0.0 0.0 0.0 0.0 0.0 
241 1 0.0 0.0 0.0 0.0 0.0 0.0 0.0 
242 1 0.0 0.0 0.0 0.0 0.0 0.0 0.0 
243 1 0.0 0.0 0.0 0.0 0.0 0.0 0.0 
244 1 0.0 0.0 0.0 0.0 0.0 0.0 0.0 
245 1 0.0 0.0 0.0 0.0 0.0 0.0 0.0 
246 1 0.0 0.0 0.0 0.0 0.0 0.0 0.0 
247 1 0.0 0.0 0.0 0.0 0.0 0.0 0.0 
248 1 0.0 0.0 0.0 0.0 0.0 0.0 0.0 
249 1 0.0 0.0 0.0 0.0 0.0 0.0 0.0 
250 1 0.0 0.0 0.0 0.0 0.0 0.0 0.0 
251 1 0.0 0.0 0.0 0.0 0.0 0.0 0.0 
252 1 0.0 0.0 0.0 0.0 0.0 0.0 0.0 
253 1 0.0 0.0 0.0 0.0 0.0 0.0 0.0 
254 1 0.0 0.0 0.0 0.0 0.0 0.0 0.0 
255 1 0.0 0.0 0.0 0.0 0.0 0.0 0.0 
256 1 0.0 0.0 0.0 0.0 0.0 0.0 0.0 
257 1 0.0 0.0 0.0 0.0 0.0 0.0 0.0 
258 1 0.0 0.0 0.0 0.0 0.0 0.0 0.0 
259 1 0.0 0.0 0.0 0.0 0.0 0.0 0.0 
260 1 0.0 0.0 0.0 0.0 0.0 0.0 0.0 
261 1 0.0 0.0 0.0 0.0 0.0 0.0 0.0 
262 1 0.0 0.0 0.0 0.0 0.0 0.0 0.0 
263 1 0.0 0.0 0.0 0.0 0.0 0.0 0.0 
264 1 0.0 0.0 0.0 0.0 0.0 0.0 0.0 
265 1 0.0 0.0 0.0 0.0 0.0 0.0 0.0 
266 1 0.0 0.0 0.0 0.0 0.0 0.0 0.0 
267 1 0.0 0.0 0.0 0.0 0.0 0.0 0.0 
268 1 0.0 0.0 0.0 0.0 0.0 0.0 0.0 
269 1 0.0 0.0 0.0 0.0 0.0 0.0 0.0 
270 1 0.0 0.0 0.0 0.0 0.0 0.0 0.0 
271 1 0.0 0.0 0.0 0.0 0.0 0.0 0.0 
272 1 0.0 0.0 0.0 0.0 0.0 0.0 0.0 
273 1 0.0 0.0 0.0 0.0 0.0 0.0 0.0 
274 1 0.0 0.0 0.0 0.0 0.0 0.0 0.0 
275 1 0.0 0.0 0.0 0.0 0.0 0.0 0.0 
276 1 0.0 0.0 0.0 0.0 0.0 0.0 0.0 
277 1 0.0 0.0 0.0 0.0 0.0 0.0 0.0 
278 1 0.0 0.0 0.0 0.0 0.0 0.0 0.0 
279 1 0.0 0.0 0.0 0.0 0.0 0.0 0.0 
280 1 0.0 0.0 0.0 0.0 0.0 0.0 0.0 
281 1 0.0 0.0 0.0 0.0 0.0 0.0 0.0 
282 1 0.0 0.0 0.0 0.0 0.0 0.0 0.0 
283 1 0.0 0.0 0.0 0.0 0.0 0.0 0.0 
284 1 0.0 0.0 0.0 0.0 0.0 0.0 0.0 
285 1 0.0 0.0 0.0 0.0 0.0 0.0 0.0 
286 1 0.0 0.0 0.0 0.0 0.0 0.0 0.0 
287 1 0.0 0.0 0.0 0.0 0.0 0.0 0.0 
288 1 0.0 0.0 0.0 0.0 0.0 0.0 0.0 
289 1 0.0 0.0 0.0 0.0 0.0 0.0 0.0 
290 1 0.0 0.0 0.0 0.0 0.0 0.0 0.0 
291 1 0.0 0.0 0.0 0.0 0.0 0.0 0.0 
292 1 0.0 0.0 0.0 0.0 0.0 0.0 0.0 
293 1 0.0 0.0 0.0 0.0 0.0 0.0 0.0 
294 1 0.0 0.0 0.0 0.0 0.0 0.0 0.0 
295 1 0.0 0.0 0.0 0.0 0.0 0.0 0.0 
296 1 0.0 0.0 0.0 0.0 0.0 0.0 0.0 
297 1 0.0 0.0 0.0 0.0 0.0 0.0 0.0 
298 1 0.0 0.0 0.0 0.0 0.0 0.0 0.0 
299 1 0.0 0.0 0.0 0.0 0.0 0.0 0.0 
300 1 0.0 0.0 0.0 0.0 0.0 0.0 0.0 
301 1 0.0 0.0 0.0 0.0 0.0 0.0 0.0 
302 1 0.0 0.0 0.0 0.0 0.0 0.0 0.0 
303 1 0.0 0.0 0.0 0.0 0.0 0.0 0.0 
304 1 0.0 0.0 0.0 0.0 0.0 0.0 0.0 
305 1 0.0 0.0 0.0 0.0 0.0 0.0 0.0 
306 1 0.0 0.0 0.0 0.0 0.0 0.0 0.0 
307 1 0.0 0.0 0.0 0.0 0.0 0.0 0.0 
308 1 0.0 0.0 0.0 0.0 0.0 0.0 0.0 
309 1 0.0 0.0 0.0 0.0 0.0 0.0 0.0 
310 1 0.0 0.0 0.0 0.0 0.0 0.0 0.0 
311 1 0.0 0.0 0.0 0.0 0.0 0.0 0.0 
312 1 0.0 0.0 0.0 0.0 0.0 0.0 0.0 
313 1 0.0 0.0 0.0 0.0 0.0 0.0 0.0 
314 1 0.0 0.0 0.0 0.0 0.0 0.0 0.0 
315 1 0.0 0.0 0.0 0.0 0.0 0.0 0.0 
316 1 0.0 0.0 0.0 0.0 0.0 0.0 0.0 
317 1 0.0 0.0 0.0 0.0 0.0 0.0 0.0 
318 1 0.0 0.0 0.0 0.0 0.0 0.0 0.0 
319 1 0.0 0.0 0.0 0.0 0.0 0.0 0.0 
320 1 0.0 0.0 0.0 0.0 0.0 0.0 0.0 
321 1 0.0 0.0 0.0 0.0 0.0 0.0 0.0 
322 1 0.0 0.0 0.0 0.0 0.0 0.0 0.0 
323 1 0.0 0.0 0.0 0.0 0.0 0.0 0.0 
324 1 0.0 0.0 0.0 0.0 0.0 0.0 0.0 
325 1 0.0 0.0 0.0 0.0 0.0 0.0 0.0 
326 1 0.0 0.0 0.0 0.0 0.0 0.0 0.0 
327 1 0.0 0.0 0.0 0.0 0.0 0.0 0.0 
328 1 0.0 0.0 0.0 0.0 0.0 0.0 0.0 
329 1 0.0 0.0 0.0 0.0 0.0 0.0 0.0 
330 1 0.0 0.0 0.0 0.0 0.0 0.0 0.0 
331 1 0.0 0.0 0.0 0.0 0.0 0.0 0.0 
332 1 0.0 0.0 0.0 0.0 0.0 0.0 0.0 
333 1 0.0 0.0 0.0 0.0 0.0 0.0 0.0 
334 1 0.0 0.0 0.0 0.0 0.0 0.0 0.0 
335 1 0.0 0.0 0.0 0.0 0.0 0.0 0.0 
336 1 0.0 0.0 0.0 0.0 0.0 0.0 0.0 
337 1 0.0 0.0 0.0 0.0 0.0 0.0 0.0 
338 1 0.0 0.0 0.0 0.0 0.0 0.0 0.0 
339 1 0.0 0.0 0.0 0.0 0.0 0.0 0.0 
340 1 0.0 0.0 0.0 0.0 0.0 0.0 0.0 
341 1 0.0 0.0 0.0 0.0 0.0 0.0 0.0 
342 1 0.0 0.0 0.0 0.0 0.0 0.0 0.0 
343 1 0.0 0.0 0.0 0.0 0.0 0.0 0.0 
344 1 0.0 0.0 0.0 0.0 0.0 0.0 0.0 
345 1 0.0 0.0 0.0 0.0 0.0 0.0 0.0 
346 1 0.0 0.0 0.0 0.0 0.0 0.0 0.0 
347 1 0.0 0.0 0.0 0.0 0.0 0.0 0.0 
348 1 0.0 0.0 0.0 0.0 0.0 0.0 0.0 
349 1 0.0 0.0 0.0 0.0 0.0 0.0 0.0 
350 1 0.0 0.0 0.0 0.0 0.0 0.0 0.0 
351 1 0.0 0.0 0.0 0.0 0.0 0.0 0.0 
352 1 0.0 0.0 0.0 0.0 0.0 0.0 0.0 
353 1 0.0 0.0 0.0 0.0 0.0 0.0 0.0 
354 1 0.0 0.0 0.0 0.0 0.0 0.0 0.0 
355 1 0.0 0.0 0.0 0.0 0.0 0.0 0.0 
356 1 0.0 0.0 0.0 0.0 0.0 0.0 0.0 
357 1 0.0 0.0 0.0 0.0 0.0 0.0 0.0 
358 1 0.0 0.0 0.0 0.0 0.0 0.0 0.0 
359 1 0.0 0.0 0.0 0.0 0.0 0.0 0.0 
360 1 0.0 0.0 0.0 0.0 0.0 0.0 0.0 
361 1 0.0 0.0 0.0 0.0 0.0 0.0 0.0 
362 1 0.0 0.0 0.0 0.0 0.0 0.0 0.0 
363 1 0.0 0.0 0.0 0.0 0.0 0.0 0.0 
364 1 0.0 0.0 0.0 0.0 0.0 0.0 0.0 
365 1 0.0 0.0 0.0 0.0 0.0 0.0 0.0 
366 1 0.0 0.0 0.0 0.0 0.0 0.0 0.0 
367 1 0.0 0.0 0.0 0.0 0.0 0.0 0.0 
368 1 0.0 0.0 0.0 0.0 0.0 0.0 0.0 
369 1 0.0 0.0 0.0 0.0 0.0 0.0 0.0 
370 1 0.0 0.0 0.0 0.0 0.0 0.0 0.0 
371 1 0.0 0.0 0.0 0.0 0.0 0.0 0.0 
372 1 0.0 0.0 0.0 0.0 0.0 0.0 0.0 
373 1 0.0 0.0 0.0 0.0 0.0 0.0 0.0 
374 1 0.0 0.0 0.0 0.0 0.0 0.0 0.0 
375 1 0.0 0.0 0.0 0.0 0.0 0.0 0.0 
376 1 0.0 0.0 0.0 0.0 0.0 0.0 0.0 
377 1 0.0 0.0 0.0 0.0 0.0 0.0 0.0 
378 1 0.0 0.0 0.0 0.0 0.0 0.0 0.0 
379 1 0.0 0.0 0.0 0.0 0.0 0.0 0.0 
380 1 0.0 0.0 0.0 0.0 0.0 0.0 0.0 
381 1 0.0 0.0 0.0 0.0 0.0 0.0 0.0 
382 1 0.0 0.0 0.0 0.0 0.0 0.0 0.0 
383 1 0.0 0.0 0.0 0.0 0.0 0.0 0.0 
384 1 0.0 0.0 0.0 0.0 0.0 0.0 0.0 
385 1 0.0 0.0 0.0 0.0 0.0 0.0 0.0 
386 1 0.0 0.0 0.0 0.0 0.0 0.0 0.0 
387 1 0.0 0.0 0.0 0.0 0.0 0.0 0.0 
388 1 0.0 0.0 0.0 0.0 0.0 0.0 0.0 
389 1 0.0 0.0 0.0 0.0 0.0 0.0 0.0 
390 1 0.0 0.0 0.0 0.0 0.0 0.0 0.0 
391 1 0.0 0.0 0.0 0.0 0.0 0.0 0.0 
392 1 0.0 0.0 0.0 0.0 0.0 0.0 0.0 
393 1 0.0 0.0 0.0 0.0 0.0 0.0 0.0 
394 1 0.0 0.0 0.0 0.0 0.0 0.0 0.0 
395 1 0.0 0.0 0.0 0.0 0.0 0.0 0.0 
396 1 0.0 0.0 0.0 0.0 0.0 0.0 0.0 
397 1 0.0 0.0 0.0 0.0 0.0 0.0 0.0 
398 1 0.0 0.0 0.0 0.0 0.0 0.0 0.0 
399 1 0.0 0.0 0.0 0.0 0.0 0.0 0.0 
400 1 0.0 0.0 0.0 0.0 0.0 0.0 0.0 
401 1 0.0 0.0 0.0 0.0 0.0 0.0 0.0 
402 1 0.0 0.0 0.0 0.0 0.0 0.0 0.0 
403 1 0.0 0.0 0.0 0.0 0.0 0.0 0.0 
404 1 0.0 0.0 0.0 0.0 0.0 0.0 0.0 
405 1 0.0 0.0 0.0 0.0 0.0 0.0 0.0 
406 1 0.0 0.0 0.0 0.0 0.0 0.0 0.0 
407 1 0.0 0.0 0.0 0.0 0.0 0.0 0.0 
408 1 0.0 0.0 0.0 0.0 0.0 0.0 0.0 
409 1 0.0 0.0 0.0 0.0 0.0 0.0 0.0 
410 1 0.0 0.0 0.0 0.0 0.0 0.0 0.0 
411 1 0.0 0.0 0.0 0.0 0.0 0.0 0.0 
412 1 0.0 0.0 0.0 0.0 0.0 0.0 0.0 
413 1 0.0 0.0 0.0 0.0 0.0 0.0 0.0 
414 1 0.0 0.0 0.0 0.0 0.0 0.0 0.0 
415 1 0.0 0.0 0.0 0.0 0.0 0.0 0.0 
416 1 0.0 0.0 0.0 0.0 0.0 0.0 0.0 
417 1 0.0 0.0 0.0 0.0 0.0 0.0 0.0 
418 1 0.0 0.0 0.0 0.0 0.0 0.0 0.0 
419 1 0.0 0.0 0.0 0.0 0.0 0.0 0.0 
420 1 0.0 0.0 0.0 0.0 0.0 0.0 0.0 
421 1 0.0 0.0 0.0 0.0 0.0 0.0 0.0 
422 1 0.0 0.0 0.0 0.0 0.0 0.0 0.0 
423 1 0.0 0.0 0.0 0.0 0.0 0.0 0.0 
424 1 0.0 0.0 0.0 0.0 0.0 0.0 0.0 
425 1 0.0 0.0 0.0 0.0 0.0 0.0 0.0 
426 1 0.0 0.0 0.0 0.0 0.0 0.0 0.0 
427 1 0.0 0.0 0.0 0.0 0.0 0.0 0.0 
428 1 0.0 0.0 0.0 0.0 0.0 0.0 0.0 
429 1 0.0 0.0 0.0 0.0 0.0 0.0 0.0 
430 1 0.0 0.0 0.0 0.0 0.0 0.0 0.0 
431 1 0.0 0.0 0.0 0.0 0.0 0.0 0.0 
432 1 0.0 0.0 0.0 0.0 0.0 0.0 0.0 
433 1 0.0 0.0 0.0 0.0 0.0 0.0 0.0 
434 1 0.0 0.0 0.0 0.0 0.0 0.0 0.0 
435 1 0.0 0.0 0.0 0.0 0.0 0.0 0.0 
436 1 0.0 0.0 0.0 0.0 0.0 0.0 0.0 
437 1 0.0 0.0 0.0 0.0 0.0 0.0 0.0 
438 1 0.0 0.0 0.0 0.0 0.0 0.0 0.0 
439 1 0.0 0.0 0.0 0.0 0.0 0.0 0.0 
440 1 0.0 0.0 0.0 0.0 0.0 0.0 0.0 
441 1 0.0 0.0 0.0 0.0 0.0 0.0 0.0 
442 1 0.0 0.0 0.0 0.0 0.0 0.0 0.0 
443 1 0.0 0.0 0.0 0.0 0.0 0.0 0.0 
444 1 0.0 0.0 0.0 0.0 0.0 0.0 0.0 
445 1 0.0 0.0 0.0 0.0 0.0 0.0 0.0 
446 1 0.0 0.0 0.0 0.0 0.0 0.0 0.0 
447 1 0.0 0.0 0.0 0.0 0.0 0.0 0.0 
448 1 0.0 0.0 0.0 0.0 0.0 0.0 0.0 
449 1 0.0 0.0 0.0 0.0 0.0 0.0 0.0 
450 1 0.0 0.0 0.0 0.0 0.0 0.0 0.0 
451 1 0.0 0.0 0.0 0.0 0.0 0.0 0.0 
452 1 0.0 0.0 0.0 0.0 0.0 0.0 0.0 
453 1 0.0 0.0 0.0 0.0 0.0 0.0 0.0 
454 1 0.0 0.0 0.0 0.0 0.0 0.0 0.0 
455 1 0.0 0.0 0.0 0.0 0.0 0.0 0.0 
456 1 0.0 0.0 0.0 0.0 0.0 0.0 0.0 
457 1 0.0 0.0 0.0 0.0 0.0 0.0 0.0 
458 1 0.0 0.0 0.0 0.0 0.0 0.0 0.0 
459 1 0.0 0.0 0.0 0.0 0.0 0.0 0.0 
460 1 0.0 0.0 0.0 0.0 0.0 0.0 0.0 
461 1 0.0 0.0 0.0 0.0 0.0 0.0 0.0 
462 1 0.0 0.0 0.0 0.0 0.0 0.0 0.0 
463 1 0.0 0.0 0.0 0.0 0.0 0.0 0.0 
464 1 0.0 0.0 0.0 0.0 0.0 0.0 0.0 
465 1 0.0 0.0 0.0 0.0 0.0 0.0 0.0 
466 1 0.0 0.0 0.0 0.0 0.0 0.0 0.0 
467 1 0.0 0.0 0.0 0.0 0.0 0.0 0.0 
468 1 0.0 0.0 0.0 0.0 0.0 0.0 0.0 
469 1 0.0 0.0 0.0 0.0 0.0 0.0 0.0 
470 1 0.0 0.0 0.0 0.0 0.0 0.0 0.0 
471 1 0.0 0.0 0.0 0.0 0.0 0.0 0.0 
472 1 0.0 0.0 0.0 0.0 0.0 0.0 0.0 
473 1 0.0 0.0 0.0 0.0 0.0 0.0 0.0 
474 1 0.0 0.0 0.0 0.0 0.0 0.0 0.0 
475 1 0.0 0.0 0.0 0.0 0.0 0.0 0.0 
476 1 0.0 0.0 0.0 0.0 0.0 0.0 0.0 
477 1 0.0 0.0 0.0 0.0 0.0 0.0 0.0 
478 1 0.0 0.0 0.0 0.0 0.0 0.0 0.0 
479 1 0.0 0.0 0.0 0.0 0.0 0.0 0.0 
480 1 0.0 0.0 0.0 0.0 0.0 0.0 0.0 
481 1 0.0 0.0 0.0 0.0 0.0 0.0 0.0 
482 1 0.0 0.0 0.0 0.0 0.0 0.0 0.0 
483 1 0.0 0.0 0.0 0.0 0.0 0.0 0.0 
484 1 0.0 0.0 0.0 0.0 0.0 0.0 0.0 
485 1 0.0 0.0 0.0 0.0 0.0 0.0 0.0 
486 1 0.0 0.0 0.0 0.0 0.0 0.0 0.0 
487 1 0.0 0.0 0.0 0.0 0.0 0.0 0.0 
488 1 0.0 0.0 0.0 0.0 0.0 0.0 0.0 
489 1 0.0 0.0 0.0 0.0 0.0 0.0 0.0 
490 1 0.0 0.0 0.0 0.0 0.0 0.0 0.0 
491 1 0.0 0.0 0.0 0.0 0.0 0.0 0.0 
492 1 0.0 0.0 0.0 0.0 0.0 0.0 0.0 
493 1 0.0 0.0 0.0 0.0 0.0 0.0 0.0 
494 1 0.0 0.0 0.0 0.0 0.0 0.0 0.0 
495 1 0.0 0.0 0.0 0.0 0.0 0.0 0.0 
496 1 0.0 0.0 0.0 0.0 0.0 0.0 0.0 
497 1 0.0 0.0 0.0 0.0 0.0 0.0 0.0 
498 1 0.0 0.0 0.0 0.0 0.0 0.0 0.0 
499 1 0.0 0.0 0.0 0.0 0.0 0.0 0.0 
500 1 0.0 0.0 0.0 0.0 0.0 0.0 0.0 
501 1 0.0 0.0 0.0 0.0 0.0 0.0 0.0 
502 1 0.0 0.0 0.0 0.0 0.0 0.0 0.0 
503 1 0.0 0.0 0.0 0.0 0.0 0.0 0.0 
504 1 0.0 0.0 0.0 0.0 0.0 0.0 0.0 
505 1 0.0 0.0 0.0 0.0 0.0 0.0 0.0 
506 1 0.0 0.0 0.0 0.0 0.0 0.0 0.0 
507 1 0.0 0.0 0.0 0.0 0.0 0.0 0.0 
508 1 0.0 0.0 0.0 0.0 0.0 0.0 0.0 
509 1 0.0 0.0 0.0 0.0 0.0 0.0 0.0 
510 1 0.0 0.0 0.0 0.0 0.0 0.0 0.0 
511 1 0.0 0.0 0.0 0.0 0.0 0.0 0.0 
512 1 0.0 0.0 0.0 0.0 0.0 0.0 0.0 
513 1 0.0 0.0 0.0 0.0 0.0 0.0 0.0 
514 1 0.0 0.0 0.0 0.0 0.0 0.0 0.0 
515 1 0.0 0.0 0.0 0.0 0.0 0.0 0.0 
516 1 0.0 0.0 0.0 0.0 0.0 0.0 0.0 
517 1 0.0 0.0 0.0 0.0 0.0 0.0 0.0 
518 1 0.0 0.0 0.0 0.0 0.0 0.0 0.0 
519 1 0.0 0.0 0.0 0.0 0.0 0.0 0.0 
520 1 0.0 0.0 0.0 0.0 0.0 0.0 0.0 
521 1 0.0 0.0 0.0 0.0 0.0 0.0 0.0 
522 1 0.0 0.0 0.0 0.0 0.0 0.0 0.0 
523 1 0.0 0.0 0.0 0.0 0.0 0.0 0.0 
524 1 0.0 0.0 0.0 0.0 0.0 0.0 0.0 
525 1 0.0 0.0 0.0 0.0 0.0 0.0 0.0 
526 1 0.0 0.0 0.0 0.0 0.0 0.0 0.0 
527 1 0.0 0.0 0.0 0.0 0.0 0.0 0.0 
528 1 0.0 0.0 0.0 0.0 0.0 0.0 0.0 
529 1 0.0 0.0 0.0 0.0 0.0 0.0 0.0 
530 1 0.0 0.0 0.0 0.0 0.0 0.0 0.0 
531 1 0.0 0.0 0.0 0.0 0.0 0.0 0.0 
532 1 0.0 0.0 0.0 0.0 0.0 0.0 0.0 
533 1 0.0 0.0 0.0 0.0 0.0 0.0 0.0 
534 1 0.0 0.0 0.0 0.0 0.0 0.0 0.0 
535 1 0.0 0.0 0.0 0.0 0.0 0.0 0.0 
536 1 0.0 0.0 0.0 0.0 0.0 0.0 0.0 
537 1 0.0 0.0 0.0 0.0 0.0 0.0 0.0 
538 1 0.0 0.0 0.0 0.0 0.0 0.0 0.0 
539 1 0.0 0.0 0.0 0.0 0.0 0.0 0.0 
540 1 0.0 0.0 0.0 0.0 0.0 0.0 0.0 
541 1 0.0 0.0 0.0 0.0 0.0 0.0 0.0 
542 1 0.0 0.0 0.0 0.0 0.0 0.0 0.0 
543 1 0.0 0.0 0.0 0.0 0.0 0.0 0.0 
544 1 0.0 0.0 0.0 0.0 0.0 0.0 0.0 
545 1 0.0 0.0 0.0 0.0 0.0 0.0 0.0 
546 1 0.0 0.0 0.0 0.0 0.0 0.0 0.0 
547 1 0.0 0.0 0.0 0.0 0.0 0.0 0.0 
548 1 0.0 0.0 0.0 0.0 0.0 0.0 0.0 
549 1 0.0 0.0 0.0 0.0 0.0 0.0 0.0 
550 1 0.0 0.0 0.0 0.0 0.0 0.0 0.0 
551 1 0.0 0.0 0.0 0.0 0.0 0.0 0.0 
552 1 0.0 0.0 0.0 0.0 0.0 0.0 0.0 
553 1 0.0 0.0 0.0 0.0 0.0 0.0 0.0 
554 1 0.0 0.0 0.0 0.0 0.0 0.0 0.0 
555 1 0.0 0.0 0.0 0.0 0.0 0.0 0.0 
556 1 0.0 0.0 0.0 0.0 0.0 0.0 0.0 
557 1 0.0 0.0 0.0 0.0 0.0 0.0 0.0 
558 1 0.0 0.0 0.0 0.0 0.0 0.0 0.0 
559 1 0.0 0.0 0.0 0.0 0.0 0.0 0.0 
560 1 0.0 0.0 0.0 0.0 0.0 0.0 0.0 
561 1 0.0 0.0 0.0 0.0 0.0 0.0 0.0 
562 1 0.0 0.0 0.0 0.0 0.0 0.0 0.0 
563 1 0.0 0.0 0.0 0.0 0.0 0.0 0.0 
564 1 0.0 0.0 0.0 0.0 0.0 0.0 0.0 
565 1 0.0 0.0 0.0 0.0 0.0 0.0 0.0 
566 1 0.0 0.0 0.0 0.0 0.0 0.0 0.0 
567 1 0.0 0.0 0.0 0.0 0.0 0.0 0.0 
568 1 0.0 0.0 0.0 0.0 0.0 0.0 0.0 
569 1 0.0 0.0 0.0 0.0 0.0 0.0 0.0 
570 1 0.0 0.0 0.0 0.0 0.0 0.0 0.0 
571 1 0.0 0.0 0.0 0.0 0.0 0.0 0.0 
572 1 0.0 0.0 0.0 0.0 0.0 0.0 0.0 
573 1 0.0 0.0 0.0 0.0 0.0 0.0 0.0 
574 1 0.0 0.0 0.0 0.0 0.0 0.0 0.0 
575 1 0.0 0.0 0.0 0.0 0.0 0.0 0.0 
576 1 0.0 0.0 0.0 0.0 0.0 0.0 0.0 
577 1 0.0 0.0 0.0 0.0 0.0 0.0 0.0 
578 1 0.0 0.0 0.0 0.0 0.0 0.0 0.0 
579 1 0.0 0.0 0.0 0.0 0.0 0.0 0.0 
580 1 0.0 0.0 0.0 0.0 0.0 0.0 0.0 
581 1 0.0 0.0 0.0 0.0 0.0 0.0 0.0 
582 1 0.0 0.0 0.0 0.0 0.0 0.0 0.0 
583 1 0.0 0.0 0.0 0.0 0.0 0.0 0.0 
584 1 0.0 0.0 0.0 0.0 0.0 0.0 0.0 
585 1 0.0 0.0 0.0 0.0 0.0 0.0 0.0 
586 1 0.0 0.0 0.0 0.0 0.0 0.0 0.0 
587 1 0.0 0.0 0.0 0.0 0.0 0.0 0.0 
588 1 0.0 0.0 0.0 0.0 0.0 0.0 0.0 
589 1 0.0 0.0 0.0 0.0 0.0 0.0 0.0 
590 1 0.0 0.0 0.0 0.0 0.0 0.0 0.0 
591 1 0.0 0.0 0.0 0.0 0.0 0.0 0.0 
592 1 0.0 0.0 0.0 0.0 0.0 0.0 0.0 
593 1 0.0 0.0 0.0 0.0 0.0 0.0 0.0 
594 1 0.0 0.0 0.0 0.0 0.0 0.0 0.0 
595 1 0.0 0.0 0.0 0.0 0.0 0.0 0.0 
596 1 0.0 0.0 0.0 0.0 0.0 0.0 0.0 
597 1 0.0 0.0 0.0 0.0 0.0 0.0 0.0 
598 1 0.0 0.0 0.0 0.0 0.0 0.0 0.0 
599 1 0.0 0.0 0.0 0.0 0.0 0.0 0.0 
600 1 0.0 0.0 0.0 0.0 0.0 0.0 0.0 
601 1 0.0 0.0 0.0 0.0 0.0 0.0 0.0 
602 1 0.0 0.0 0.0 0.0 0.0 0.0 0.0 
603 1 0.0 0.0 0.0 0.0 0.0 0.0 0.0 
604 1 0.0 0.0 0.0 0.0 0.0 0.0 0.0 
605 1 0.0 0.0 0.0 0.0 0.0 0.0 0.0 
606 1 0.0 0.0 0.0 0.0 0.0 0.0 0.0 
607 1 0.0 0.0 0.0 0.0 0.0 0.0 0.0 
608 1 0.0 0.0 0.0 0.0 0.0 0.0 0.0 
609 1 0.0 0.0 0.0 0.0 0.0 0.0 0.0 
610 1 0.0 0.0 0.0 0.0 0.0 0.0 0.0 
611 1 0.0 0.0 0.0 0.0 0.0 0.0 0.0 
612 1 0.0 0.0 0.0 0.0 0.0 0.0 0.0 
613 1 0.0 0.0 0.0 0.0 0.0 0.0 0.0 
614 1 0.0 0.0 0.0 0.0 0.0 0.0 0.0 
615 1 0.0 0.0 0.0 0.0 0.0 0.0 0.0 
616 1 0.0 0.0 0.0 0.0 0.0 0.0 0.0 
617 1 0.0 0.0 0.0 0.0 0.0 0.0 0.0 
618 1 0.0 0.0 0.0 0.0 0.0 0.0 0.0 
619 1 0.0 0.0 0.0 0.0 0.0 0.0 0.0 
620 1 0.0 0.0 0.0 0.0 0.0 0.0 0.0 
621 1 0.0 0.0 0.0 0.0 0.0 0.0 0.0 
622 1 0.0 0.0 0.0 0.0 0.0 0.0 0.0 
623 1 0.0 0.0 0.0 0.0 0.0 0.0 0.0 
624 1 0.0 0.0 0.0 0.0 0.0 0.0 0.0 
