# Cluster list (49 data points):
# "Cluster Identifier" "Cluster Size" "Radius of Gyration" "Gyration Tensor.XX" "Gyration Tensor.YY" "Gyration Tensor.ZZ" "Gyration Tensor.XY" "Gyration Tensor.XZ" "Gyration Tensor.YZ"
1 76 4.1606374266 8.4830793835 3.496490946 5.3313334664 0.8444600246 -2.2936652194 -0.5355129103 
2 53 3.4785101296 3.9192735901 4.0911247788 4.0896343529 0.1816561939 -0.0247386995 0.6018276745 
3 53 3.4774154246 4.4407201877 3.4841792113 4.167518636 -0.5747950776 -0.6900894957 0.4769292255 
4 47 3.3917963147 4.001692782 4.1530085014 3.3495809573 0.7489084507 0.8609461441 0.5723010692 
5 40 3.1643802439 4.070925274 2.7598272972 3.1825497568 0.0570337451 0.2867386205 0.0128638437 
6 40 3.1862273431 3.0177293611 3.6794428796 3.4548724414 0.4209504277 -0.6913001025 -0.2792541778 
7 39 3.1389198524 2.8517503343 4.1463397127 2.8547277929 -0.526421038 0.1753269801 -0.3942483641 
8 36 3.1062568764 3.6006395874 2.5713511974 3.4768409974 0.5952955054 -0.8375915784 -0.5596918786 
9 33 3.0258009086 2.9120513567 3.581866504 2.6615532778 -0.7792561894 0.4827729103 -0.4247251488 
10 31 2.925340941 2.3393435041 2.7542178555 3.4640582614 0.6232239021 0.2249894708 -0.2172468802 
11 31 2.9108585022 2.5857054913 3.4359561186 2.4514356101 -0.3745343346 0.234240459 -0.5121170641 
12 28 2.8114219932 1.8690584472 2.5703714805 3.4646636958 0.1425837491 0.0466971396 0.1008349179 
13 27 2.832822194 2.5896226541 3.5320908698 1.9031680587 0.7706620797 -0.3545584622 -0.365610956 
14 23 2.6167315484 2.0067448 2.629622662 2.2109165343 -0.1293894399 0.1347579154 0.1081939291 
15 23 2.6804963438 3.2613559761 2.4207802106 1.5029244626 -0.2871300987 -0.1662226839 -0.151606009 
16 22 2.5950465987 2.7411376402 2.0860998983 1.9070293108 -0.0271614086 -0.124457681 0.137435582 
17 21 2.5508585882 1.9298773157 2.5186540772 2.0583481442 0.4163217703 -0.5302758278 -0.2000787071 
18 21 2.580320461 2.6708035946 2.3372557468 1.6499943399 0.1673234593 4.6131071332e-04 -0.4012850001 
19 21 2.5479397559 1.9414708296 2.5358261318 2.0147000382 -0.3783639136 -0.0437180553 0.3666650522 
20 20 2.498323655 1.9129978963 1.8867921847 2.4418310039 0.0716819356 0.5405940083 -0.3683824062 
21 18 2.3865648836 2.4276968611 1.6591526241 1.6088424586 0.2933056914 0.1820799348 0.0778505816 
22 17 2.3903338466 1.6503325433 1.9719729373 2.0913904178 0.0417106514 0.6262906409 -0.2257726979 
23 16 2.2782400836 1.8107127073 1.5342391195 1.8454260517 -0.1216267033 -0.0970003867 -0.074402356 
24 15 2.2382556561 1.4757792132 1.9282884202 1.6057207489 -0.3211987965 0.25077034 -0.3601763988 
25 15 2.2185095884 1.6315427339 1.3074866762 1.9827553838 -0.0114338132 -0.0460102335 0.1374140855 
26 15 2.2470636635 1.5866610581 1.5809874856 1.8816465642 0.3169891474 -0.2798133964 -0.4022451403 
27 14 2.174589225 2.023531398 1.3540916182 1.3512152812 -0.1162797429 -0.1344110377 0.0094806199 
28 14 2.1698651587 1.8128021865 1.5439420042 1.3515706164 -0.3466318117 -0.1083616982 0.1233101695 
29 14 2.1672783819 1.4247927359 1.7365499718 1.5357528771 0.1770529331 0.1422012746 0.2702133724 
30 13 2.0808050527 1.4523068052 1.4484416668 1.4290011951 0.0164109807 -0.0218091158 -0.02717347 
31 13 2.0694078362 1.4144457572 1.4086020397 1.4594009957 0.0047092668 -8.8883859898e-05 -0.0309714 
32 13 2.0608458605 1.4232859419 1.4050889071 1.4187108116 6.0964012443e-04 0.0244278346 0.0611216775 
33 12 2.0424652019 1.4037708074 1.2875705376 1.480322756 0.1446059963 -0.0859539332 0.0803405192 
34 12 2.060478611 1.2707166702 1.5415615344 1.4332939016 -0.012972077 -0.2116943475 -0.0152940982 
35 11 2.0331025155 1.2604211703 1.6680240953 1.2050605727 0.1614688003 0.3010066452 0.0161039461 
36 11 2.0813578749 1.8220167807 1.5086600694 1.0013737534 -0.1292450206 0.3942389529 -0.0121308597 
37 10 1.9781703102 1.5711877884 1.1455416446 1.1964283432 -0.010669101 -0.0478236058 0.4670350643 
38 10 1.9747393478 1.4270860284 1.2718122458 1.2006972176 0.2332123669 0.3082267951 -0.3180470673 
39 9 1.9339334543 0.8693130916 1.4046699743 1.4661155399 -0.2339391146 -0.3623297515 0.2301067164 
40 9 1.8711415504 1.2242298767 0.9847899292 1.2921508958 -0.1891639704 -0.0726586586 -0.1093111519 
41 8 1.8039803723 1.1675473146 0.8491175147 1.2376803542 -0.1217842287 -0.4036893472 0.1122314583 
42 7 1.7283692638 1.2603382164 0.4538866501 1.2730354455 -0.1861085083 -0.0905651018 -0.0975369583 
43 7 1.7246722405 1.1119789305 0.525023167 1.3374922398 0.2270334797 0.0509182101 0.0629364629 
44 7 1.7135902621 0.5754527955 1.2308936867 1.1300451042 -0.0914371083 0.3141079513 0.0921268512 
45 7 1.7304022601 1.3083008132 0.9770975314 0.7088936372 -0.0724279471 0.0976428219 0.4465416606 
46 6 1.5896577819 0.8488148917 0.797338036 0.8808589359 0.0455333268 -0.0017758224 -0.0268365172 
47 5 1.5532876735 0.9598092335 0.8340841268 0.6188092363 -0.3189176327 -0.1588635894 0.225270195 
48 4 1.4260612229 0.6938810862 0.6160174227 0.7237521026 0.1238691752 -0.0272481207 -0.0458534591 
49 3 1.3220928515 0.8640985331 0.2152746441 0.6685563309 -0.1841466171 0.0974093897 0.3194675847 
