# Cluster list (59 data points):
# "Cluster Identifier" "Cluster Size" "Radius of Gyration" "Gyration Tensor.XX" "Gyration Tensor.YY" "Gyration Tensor.ZZ" "Gyration Tensor.XY" "Gyration Tensor.XZ" "Gyration Tensor.YZ"
1 76 5.4184747447 22.270833977 3.2214277356 3.8676068467 1.9885211174 -2.2641702967 -0.1895126545 
2 53 3.4873062964 4.4130454274 3.4003185539 4.3479412234 -0.5096698115 -0.7249022327 0.4277050441 
3 47 4.6581784083 2.7740549448 3.3845079442 15.5400631946 0.2580564404 2.3922160893 1.9982968977 
4 40 3.1620551207 4.0960498656 2.9412184278 2.961324293 -7.0611764994e-04 0.1111576985 -3.501926222e-04 
5 40 3.1922885354 3.5438521025 2.906781007 3.7400729835 0.5157937155 -0.6696199728 0.1344198873 
6 36 3.1058340193 2.7777259111 2.5371987094 4.3312803351 -0.0305268807 -0.148300416 -0.7046265531 
7 33 3.0065441196 3.9279537788 2.686993081 2.4243606832 -0.5147523637 -0.3380810371 0.2022799563 
8 31 2.8989514434 3.3714064771 2.6696816669 2.3628313273 -0.3790456728 0.3975776572 -0.2618527921 
9 30 3.2869737122 2.3894714229 6.2416811161 2.1730436455 1.4365923984 0.18288025 1.6582959698 
10 28 2.8091338984 2.2465177811 2.1731329469 3.4715825311 0.319059819 0.1820476113 0.2324573024 
11 28 2.7868031517 2.471393096 2.9652702642 2.329608446 -0.2314509235 0.0562149192 -0.1374729427 
12 27 2.8151161603 2.5653797155 3.4868636246 1.8726356557 0.813852616 -0.1202053298 0.2585638308 
13 23 2.7829983928 4.1888994141 2.1188035876 1.4373770525 0.9283568921 -0.3422017008 0.0809678214 
14 23 2.6022237742 2.560116339 2.1416037184 2.0698485137 -0.2107604685 0.0912954584 0.1443383277 
15 22 2.6099738405 2.7991652404 2.0107146234 2.0020835841 0.0450767995 -0.0848307365 0.2108576915 
16 22 2.6023884822 2.0714856026 2.4721569168 2.228783293 0.2843352161 -0.6648151004 0.1473503852 
17 21 2.5421136554 1.4959036921 2.8692347356 2.0972034092 -0.0501346357 -0.1768948762 -0.0061946599 
18 21 2.5587611142 1.9741120346 1.9961349331 2.5770114718 0.2346797078 -0.1327741063 -0.4619071408 
19 21 2.5772017957 1.7020243107 2.382869514 2.5570752711 -0.0481451187 0.4677413423 0.1845369509 
20 20 2.4902025308 2.1635906512 1.6438351009 2.3936828923 -0.1295438938 0.4782968187 -0.4330007946 
21 18 2.3925578019 2.0631344795 1.9883368259 1.67286153 -0.4790622716 0.1895140661 -0.1583174835 
22 18 2.3955066739 1.6171324376 2.3476479724 1.7736718146 0.1631162729 -0.1000610859 -0.3953804436 
23 17 2.4080344331 2.1377167816 1.4992200051 2.1616930444 -0.4068182107 0.2079842662 -0.4792324655 
24 16 2.4271627376 1.5039792087 1.5666629415 2.8204768047 0.5908190687 -0.4161099802 0.0232553312 
25 16 2.2962849343 1.628576228 1.9693858756 1.6749623958 0.0704060664 -0.0663092771 0.1193420652 
26 15 2.2645695995 1.8871461625 1.398008066 1.8431212426 0.0811872926 -0.5826098361 0.0118874198 
27 14 2.1771868311 1.5592414982 1.8181997501 1.3627012493 0.2417091395 0.0906913711 0.1748924667 
28 14 2.1811110984 1.9497813755 1.3785663657 1.4288978824 -0.1901326287 0.2374507658 -0.0762551583 
29 14 2.1827419655 1.9320475272 1.3592020934 1.4731128676 0.1236992219 0.2939122928 0.0891649705 
30 14 2.1908816123 1.956835229 1.4406886162 1.4024383937 -0.167089737 -0.1605543311 0.0759017746 
31 14 2.1930907716 1.325258518 2.1112772222 1.3731113921 0.0878783146 -0.0267235057 0.0257486232 
32 13 2.3086111882 1.8493480768 1.9094015607 1.5709359807 -0.3315165898 -0.1029160802 -0.7070155152 
33 13 2.0585195667 1.4008330275 1.4381175667 1.3985522124 -0.0145267214 0.0263474138 0.0177909442 
34 13 2.0554195705 1.4282222936 1.3739938341 1.4225334831 0.0126765759 0.0023879773 0.0123428958 
35 12 2.0575597839 1.4594591039 1.1994771019 1.5746160586 -0.0339979542 0.0198609172 -0.0851572273 
36 12 2.0718671945 1.4466780108 1.5254662661 1.3204893949 -0.1161982073 0.2219171124 0.1175943795 
37 11 2.0879091339 1.6905094566 1.7903391435 0.8785159513 0.2343348526 0.2486026957 0.1792828141 
38 11 2.0286907524 1.7152059196 1.0371232239 1.3632570254 -0.125862921 -0.0380230162 0.2361077487 
39 10 1.9987177157 1.5210203595 1.0125471804 1.4613049671 -0.1241438095 0.1141719157 0.4463251319 
40 9 1.8876573779 0.9689733193 1.3700317982 1.2242452589 -0.0045113794 -0.1419234951 -0.0352589592 
41 9 1.9237524779 1.2460673123 1.3039045893 1.1508516947 0.013753964 -0.2565920529 -0.5685539346 
42 8 1.8086337154 0.8564999285 1.5031880687 0.9114679193 -0.1050050467 -0.0285244569 -0.1839099119 
43 8 1.8043917659 0.858042515 0.8978799967 1.499907133 0.0233675601 0.0759161611 0.1563307311 
44 7 1.7570242728 1.3196898064 1.3346519507 0.4327925379 -0.0435339599 0.2729581275 -0.006531606 
45 7 1.7282880643 1.014845713 1.2699243363 0.702209584 -0.0569264204 0.3621826468 0.0110916418 
46 7 1.7161491089 1.2531058757 1.2250426051 0.4670192834 0.0070645072 -0.0112318665 -0.2661175638 
47 7 1.7369995146 1.2338922331 0.6145813406 1.1686937402 -0.1612618709 -0.0825448791 -0.2848911723 
48 6 1.5949368758 0.8178492154 0.8728800951 0.8530943273 -0.0390234089 0.0205142032 0.0200842925 
49 5 1.560717321 0.7477271669 1.0820784313 0.606032958 -0.3891496958 -0.0405128953 0.0871809014 
50 4 1.3660309009 0.6161901666 0.6150338359 0.6348164196 -0.0457978755 9.0104939738e-04 0.0016510279 
51 4 1.4014659444 0.6653929997 0.6380552031 0.6606585906 0.0480258563 -0.0037902206 0.0739304137 
52 3 1.3111817096 0.7153326571 0.3910299434 0.6128348751 -0.2699227653 0.1317085182 0.3628608863 
53 2 1.2197504979 0.0211445018 1.1749414927 0.2917052826 0.1576183763 -0.0785363793 -0.5854371359 
54 2 1.0681422519 0.4191747928 0.0069408951 0.7148121824 -0.0539393017 0.5473858314 -0.0704374643 
55 1 0.0 0.0 0.0 0.0 0.0 0.0 0.0 
56 1 0.0 0.0 0.0 0.0 0.0 0.0 0.0 
57 1 0.0 0.0 0.0 0.0 0.0 0.0 0.0 
58 1 0.0 0.0 0.0 0.0 0.0 0.0 0.0 
59 1 0.0 0.0 0.0 0.0 0.0 0.0 0.0 
