# Cluster list (55 data points):
# "Cluster Identifier" "Cluster Size" "Radius of Gyration" "Gyration Tensor.XX" "Gyration Tensor.YY" "Gyration Tensor.ZZ" "Gyration Tensor.XY" "Gyration Tensor.XZ" "Gyration Tensor.YZ"
1 76 4.152974209 9.2979752386 3.3841529762 4.565066566 0.3601228212 -1.6671528266 -0.1450776191 
2 53 3.4828751701 4.6496338525 3.4483349637 4.0324506342 -0.596113638 -0.6243393167 0.4488544159 
3 47 3.3998696055 3.1354283146 3.7114201258 4.7122648943 0.3082562609 0.7962928781 0.3996854973 
4 40 3.1657110832 4.2124549811 2.7742420458 3.0350296355 0.0228956996 0.0211184755 0.0409039113 
5 40 3.1843704494 3.3645968936 3.1373293811 3.6382888845 0.6028869672 -0.6086489204 0.0482793532 
6 36 3.0967662123 2.8100451681 2.9203888959 3.8595269097 0.2207957501 -0.1672507212 -1.0555833084 
7 33 3.0268914391 3.9953116251 2.6892027094 2.4775574493 -0.5949516385 -0.0568783777 0.194614369 
8 31 2.8900443176 3.3207000774 2.6969724329 2.3346836472 -0.3856151389 0.2065344509 -0.1511111935 
9 30 2.9474185246 2.4260513316 4.1111844761 2.1500401512 0.1006004842 -0.3793957406 -0.5673739507 
10 29 2.8325407334 2.3949212009 3.3589946327 2.2693711728 -0.1650636265 -0.0149038072 -0.2156280761 
11 28 2.8198486856 2.1175921155 2.3542128594 3.479741635 0.2724718113 0.3163200936 0.0429063389 
12 27 2.8100805604 2.6760719384 3.2509627803 1.9695180371 0.8850070459 -0.047439363 0.4258976699 
13 23 2.6737007469 3.1327237164 2.4350358274 1.5809161399 0.2373262876 -0.237254732 0.2547636204 
14 23 2.7948978928 3.8957533907 1.8175522771 2.0981485632 0.1563158341 -1.3408882925 0.0256304326 
15 23 2.6146479503 2.5326469688 2.1009242762 2.2028126592 -0.23463572 0.203723621 0.1605839341 
16 22 2.5973472166 2.5921747535 2.1424857506 2.0115520593 0.3642985844 -0.2225941356 0.0894923314 
17 21 2.5515388732 1.6184430721 2.8185156488 2.0733919008 -0.044940147 -0.3467999409 -0.2713461318 
18 21 2.5846946961 1.9498862815 2.209681194 2.5210791965 -0.2725468372 0.4188310559 0.4268352368 
19 21 2.5509583562 1.9557059022 2.5909840104 1.9606986226 0.3154304512 0.0688083656 -0.3252278967 
20 20 2.4946887392 2.2348260201 1.736149156 2.2524967295 0.004157784 0.5592817157 -0.3768221269 
21 18 2.3990083145 1.7384999921 2.2064665061 1.8102743946 0.3468197399 -0.1631268106 -0.3811770109 
22 18 2.3974667679 1.6701518176 2.3609552977 1.7167397879 -0.3097966799 0.1288843952 -0.315736064 
23 17 2.3930528978 2.2136449608 1.6096061515 1.9034510595 -0.2143498799 0.2583986614 -0.5383572928 
24 16 2.4319711267 1.5114482734 1.8605367355 2.5424985521 0.6763239075 -0.6104283628 -0.0749525516 
25 16 2.2804720763 1.8141491029 1.6832100762 1.7031937118 -0.0122477563 -0.1739455504 0.1172211797 
26 15 2.2567820364 1.8825914357 1.4701723375 1.7403013864 0.1669617359 -0.5263935073 -0.0647605686 
27 14 2.1912609225 1.3224094452 2.0444803814 1.4347346037 -0.0196200599 0.0808062269 -0.2137833225 
28 14 2.1988909162 1.3990100213 1.9827117088 1.4533995312 -0.0141871951 0.0070129357 0.2352940041 
29 14 2.1663640391 1.4785377397 1.6448254301 1.5697699802 -0.18518957 0.1741762371 -0.2573513108 
30 14 2.1796369836 2.0032089309 1.3993013943 1.3483070552 -0.244102613 -0.0127982343 -5.0209820153e-04 
31 14 2.1841789854 1.759839887 1.6593462634 1.35145169 -0.3688882768 0.0998167444 -0.1161984017 
32 13 2.0840791645 1.4314332254 1.4430663678 1.4688863708 -0.0147523507 0.0156322771 0.0243157912 
33 13 2.0657239874 1.4218748797 1.4726162785 1.3727244339 0.0288742342 0.0161574926 0.0165209879 
34 13 2.0533143774 1.4082313161 1.4241768237 1.3836917927 -0.0161634971 0.0455597259 -0.0042504265 
35 12 2.08448035 1.526984295 1.4249311244 1.39314291 -0.0906243874 0.0913448196 0.1619580771 
36 12 2.0512864599 1.4635888255 1.3734004099 1.3707869054 -0.1149101161 -0.0996374183 -0.1697687607 
37 11 2.0328004614 1.2829763679 1.3466839798 1.5026173681 0.3298379043 -0.0406782177 -0.1166907688 
38 11 2.0690335622 1.9272549824 1.4755919356 0.8780529633 -0.1581341469 -0.0824328738 -0.0942401293 
39 10 1.9834411335 1.3402503746 1.4243093777 1.1694789776 -0.1812657531 -0.3420086716 -0.2364545387 
40 10 1.9662374206 1.3198848776 0.991799055 1.5544056615 0.4245825593 -0.0499469796 0.1428843232 
41 9 1.9473781487 1.2623887484 0.9105156313 1.6193772743 -0.1215177494 -0.1067896382 -0.3633669866 
42 9 1.9038850644 1.098033742 1.1499255003 1.376819096 0.2823949693 0.0132859609 -0.0501025425 
43 8 1.8324714162 0.9490258999 1.0123792204 1.3965463707 0.209217503 0.3057291213 0.2649516062 
44 7 1.7295710755 1.2396066749 1.2248206224 0.5269888078 0.0010818876 0.0462651018 0.2011990867 
45 7 1.7337769767 0.8293736316 0.8581444402 1.3184645331 0.4497722289 -0.1102364763 0.0905080286 
46 7 1.7370609396 0.7422409458 1.0854736786 1.1896660833 0.365331777 -0.2568835071 0.1269189049 
47 7 1.7173405822 1.2350276645 0.6195877463 1.0946432645 0.1359031102 0.0228341271 -0.2894856612 
48 6 1.7955703114 0.9403400692 0.8286628304 1.4550698437 0.0085852041 -0.4336678291 0.1042989584 
49 6 1.5981849823 0.8514052705 0.8517322843 0.8510576828 -0.0446674793 -4.7673626839e-04 0.0097564003 
50 5 1.514828246 0.7758627628 1.0186751354 0.5001667168 -0.4051788445 -0.0026072894 0.0182665149 
51 4 1.432975833 0.7241591632 0.6200586158 0.709201959 0.019650465 -0.0859274199 0.0235489292 
52 3 1.3224683509 0.1127369793 0.910465018 0.7257205419 -0.094483638 -0.2690289061 -0.038346953 
53 1 0.0 0.0 0.0 0.0 0.0 0.0 0.0 
54 1 0.0 0.0 0.0 0.0 0.0 0.0 0.0 
55 1 0.0 0.0 0.0 0.0 0.0 0.0 0.0 
