# Cluster list (616 data points):
# "Cluster Identifier" "Cluster Size" "Radius of Gyration" "Gyration Tensor.XX" "Gyration Tensor.YY" "Gyration Tensor.ZZ" "Gyration Tensor.XY" "Gyration Tensor.XZ" "Gyration Tensor.YZ"
1 15 4.7059709331 9.9902578709 6.2107226695 5.9451818828 -3.589907508 -5.4570193175 2.951228174 
2 12 5.0939601831 2.8289010498 20.7024290488 2.4171002485 2.1816088204 -1.3197720077 -2.6524812072 
3 8 3.6992183041 3.5959675083 6.5512823053 3.5369662478 3.7474787281 2.1771484536 4.0637915589 
4 7 3.7557162624 0.8851065967 4.2259600379 8.9943380092 -0.9441804378 -0.5537273404 4.2256331813 
5 7 3.5286449662 8.9291482979 2.5333638715 0.988823128 1.6302202879 -0.3765227348 -0.2468250147 
6 6 3.0183851898 6.7039280192 1.3877020169 1.019019118 2.2538641815 -0.4561699165 -0.1329645741 
7 6 2.4094736722 2.1741074797 1.3339175335 2.2975383638 -1.2161580365 1.3265437579 -0.6688342924 
8 5 3.2042609303 0.8838743703 1.4907267518 7.8926869876 -0.2502916146 -0.3277678995 -2.1324783113 
9 5 2.9178529971 1.7933036807 5.5498921011 1.1706703308 -1.9295526483 0.848326213 -1.249586547 
10 5 2.3317423704 0.9701732498 2.2681372557 2.1987119765 -0.0993199465 -0.8281829885 0.6135164951 
11 5 2.1911733316 1.9550749418 1.5234695511 1.3226960761 0.0045686249 -0.4189441916 0.6760248038 
12 5 2.936063305 2.0202370188 1.8715923008 4.7286384114 -0.1939326384 -2.3797971495 -1.3294387754 
13 5 2.5342051819 2.0638554553 3.3625934603 0.9957469882 -0.470974361 -1.1712655775 1.0951769996 
14 5 2.637201058 2.7344310758 2.4583894285 1.7620089162 -1.8731038009 0.1936562883 -0.5903944621 
15 5 2.8116897542 3.0752697665 1.1019233371 3.7284061704 -1.1265691634 2.9406584192 -0.9594649818 
16 5 2.865033721 1.8225341788 4.1618163455 2.2240676984 -2.5481004538 0.9210356596 -2.1315753973 
17 5 2.562036037 1.1497685762 2.5351473229 2.8791127555 -1.1644626497 1.0793448754 0.2815252899 
18 5 2.8168507119 1.8428070723 1.5016199763 4.5902208847 0.1192910511 -0.6528369665 -2.5525067019 
19 5 2.6866137621 4.6944804968 1.2274037748 1.2960092353 0.6128718379 1.5706537787 -0.5084386056 
20 5 2.8474250645 3.0424581196 4.0080838771 1.0572875011 1.3004820367 0.8421840437 0.4915900767 
21 5 2.8892310695 2.9338513516 0.3012448405 5.112559981 0.0803599716 2.9518951856 -0.5644636004 
22 5 2.8650520133 2.3644240614 1.9978393742 3.8462596035 1.5755839445 -2.2599305482 -2.2446277475 
23 4 1.9422054064 1.7417815833 1.2510334752 0.7793467821 0.3831220764 0.7749259861 -0.3216191086 
24 4 2.4413487363 1.8064010038 3.5391908096 0.6145918391 2.331762307 -0.7519874541 -0.597975441 
25 4 2.1422249172 1.6689868027 0.661997981 2.258142812 -0.5672854362 -0.6726790755 -0.1770336957 
26 4 2.6073365151 2.3060960108 2.3518766134 2.1402310787 -0.0749266602 -2.0017755803 0.8322064574 
27 4 2.3345270708 1.7855282907 2.8365948922 0.8278934614 -1.7504628576 -0.6569628003 0.7869922343 
28 4 2.1504650872 3.925339388 0.138357921 0.5608027821 -0.4502835704 -1.3346832221 0.1665015151 
29 4 3.2436975349 5.4231561187 3.3719194487 1.7264981307 -3.690326711 -2.930334543 1.8055733991 
30 4 2.6894967635 3.8507463815 1.8368122452 1.5458342139 -1.2517533433 -1.4127519107 1.6467552029 
31 4 1.8639670082 0.1938733707 1.4089179607 1.8715816762 -0.2547758586 0.138408533 -0.5688752198 
32 4 2.5654449878 3.2890407296 0.6365361744 2.6559310814 -0.9525188376 -2.9468716205 0.84005297 
33 4 2.3781263293 0.8154261865 0.8940941058 3.9459645457 -0.3762719939 0.9908466926 0.9322441224 
34 4 2.4872357213 2.7186538699 1.4866176919 1.9810699715 1.7067904168 1.5422986771 0.2908085473 
35 4 2.1152909431 0.1727083271 1.6850052944 2.6167421526 -0.4405140199 -0.6526966099 1.5569481527 
36 4 2.3841175563 1.7861444983 3.0137542837 0.8841177402 -1.342779955 -0.7171855435 -0.0747372466 
37 4 1.2079813816 0.3212142641 0.3504342422 0.787570512 0.0699282582 0.2294819196 0.4958441053 
38 4 3.0273679741 1.7121213294 1.1033560081 6.3494795133 0.4956902759 1.511247902 2.629639172 
39 4 2.0862607964 1.308661757 1.9890688108 1.0547535427 -1.5843239569 -0.5021816787 0.3611853223 
40 3 1.7808354594 1.5540083497 0.7897699561 0.8275966277 0.5496861631 1.1213797338 0.2919834235 
41 3 2.0117520324 2.438817959 1.0965638039 0.5117644769 1.1644443366 0.0987728503 -0.4767573829 
42 3 1.4764331883 2.0759623579 0.0048130765 0.0990795251 -0.0464585245 0.4514327043 -0.0119581064 
43 3 2.0498329537 2.1539937833 1.9403650465 0.1074563082 -2.0413087108 -0.3821642449 0.3773971834 
44 3 2.0013147292 0.2077624799 1.7695096715 2.0279884938 -0.1807554456 -0.0307435854 -1.7794341396 
45 3 1.7724457814 2.2492693907 0.1559051997 0.7363894575 0.0886578925 1.0742115651 0.2268493989 
46 3 2.3252879834 0.8780556793 4.0336340497 0.4952744769 -1.1779598158 -0.6096124553 0.3974389012 
47 3 2.0656309097 0.2301400136 3.5135060254 0.5231850162 -0.8857573528 0.1829591576 -0.9027756382 
48 3 1.8258577326 1.8566303582 0.1407984092 1.3363276924 0.0969710242 0.8754705358 0.3997755595 
49 3 2.0316463615 0.2532945855 1.2142799465 2.6600124063 -0.0173000351 0.6486263751 -1.1451779942 
50 3 1.8768061368 1.4539809697 0.5719728547 1.4964474506 0.0910795905 -1.1622974622 0.4939848066 
51 3 2.2151354203 0.8628209123 0.3638389636 3.6801650545 0.1111168459 1.6860567928 -0.1498933022 
52 3 2.2778043978 0.9750321129 2.8702679655 1.3430927963 -1.5235442566 -1.1329263119 1.8846092893 
53 3 2.3137731043 0.1335478828 0.8852334509 4.3347646445 0.3409448288 0.5196769377 1.5117800498 
54 3 1.8859366604 1.0208905326 2.3291887051 0.2066778493 1.4240581745 -0.4558422095 -0.6686565495 
55 3 1.7755678675 1.6688731492 0.9815821065 0.5021859965 -0.0672486281 -0.7535950527 -0.3677196448 
56 3 1.1749503485 0.0359621856 0.5330975619 0.811448574 0.005726429 -9.4492883545e-04 0.6569858419 
57 3 1.9771444869 1.4269748911 0.751000671 1.7311247599 -0.8692299169 -1.5676607957 0.9105065974 
58 3 2.1035823602 1.8067187357 0.2541949034 2.3641451071 -0.3710415166 -1.7407850991 0.0078402853 
59 3 2.0126514744 1.47307932 1.5062589157 1.0714277215 0.1570928145 -0.787279723 -1.0684253824 
60 3 1.6136219889 1.5197408742 0.9500922424 0.1339428064 -0.7014896539 -0.2373044668 0.3558705216 
61 3 1.7988049791 0.9998707767 1.7431415493 0.4926870267 1.0488773724 -0.4617372366 -0.0605154396 
62 3 1.5767255745 2.0519022429 0.3763588516 0.0578024429 -0.2758871785 0.2842938614 0.0408129569 
63 3 1.7262847834 1.6937061901 0.4980738358 0.7882791275 -0.4839499501 -0.5544598322 0.6256657026 
64 3 1.4389923165 1.1113194055 0.0032448849 0.9561345966 0.0158663698 1.0204142164 0.0221791008 
65 3 2.3059889954 0.4918721751 3.5568198443 1.2688932276 -1.1822545721 -0.7900191548 1.8967840566 
66 3 1.5788235253 0.691375617 0.8183383113 0.9829697958 -0.5702282091 0.7884103087 -0.8211449739 
67 3 1.9331380236 2.3435472423 0.3421070894 1.0513682866 -0.7235859923 -0.4491648175 0.477170621 
68 3 1.2715957395 0.0816852589 0.070560503 1.4647099627 0.0114511458 -0.345009293 -0.0711283172 
69 3 0.9318160681 0.0851383168 0.4073853168 0.3757575513 0.1517337744 0.0229110522 0.2658235892 
70 3 2.1990122034 4.4706607325 0.0743429124 0.2906510259 -0.5128785393 -1.111333716 0.1125554117 
71 3 1.6766882149 1.0864307239 0.6194172758 1.1054353702 -0.2219300445 0.7747966557 0.4051119532 
72 3 1.8838425572 0.3538965697 0.5534158052 2.6415504054 0.1688184218 -0.1676142171 1.0207742378 
73 3 1.8628172605 1.3771519784 1.8134743451 0.2794618226 0.0938580495 -0.1072236728 0.6926373864 
74 3 1.9273749997 2.0280674856 1.4025077232 0.2841991809 -1.5679511301 0.6359363338 -0.6186793493 
75 3 2.1057974243 3.5609481396 0.47490078 0.3985338725 1.0798173759 0.1015354557 -0.2107477377 
76 3 1.6376745453 1.030140256 1.404331714 0.2475059464 -1.1970482883 0.1079734224 -0.0693525838 
77 3 1.9995722657 0.1864255906 2.5709333125 1.2409303426 0.4813390879 -0.1129092653 0.9563989609 
78 3 2.1525722618 3.0716328318 0.0679901894 1.4939443213 0.0653368083 1.601132277 0.2436090169 
79 3 1.3334531187 0.5845815351 0.9449282267 0.2485874581 0.4449391581 -0.3801798374 -0.3178593773 
80 3 1.5949228125 1.9044300157 0.2847154047 0.3546333575 -0.4182669101 -0.8045755904 0.2299872324 
81 3 2.119638667 0.5157939303 3.8888647978 0.0882093504 -1.413613529 0.1545931796 -0.3989294416 
82 3 1.7318463285 0.8891543224 2.0852084001 0.0249289833 1.3328672996 -0.1487373214 -0.2250131463 
83 3 2.1260538033 0.6775303292 0.7026241702 3.1399502751 0.4639232033 -1.4253091791 -0.7425120728 
84 3 1.6548963693 0.2029056008 0.1646741803 2.3711022119 0.1792536238 -0.6238558575 -0.6046221229 
85 3 1.95393822 2.6709430691 1.1408514077 0.0060800909 1.6879459599 0.1230343297 0.072222966 
86 3 2.1407779283 0.6797813973 1.1005128514 2.8026358896 -0.8626589678 -1.1176531646 1.3436563384 
87 3 1.7232969845 2.2916392904 0.5969705752 0.0811426314 1.1130998545 -0.4308848152 -0.2066303667 
88 2 1.0109770208 0.0595944298 0.7657501749 0.196729932 -0.2136222016 -0.1082774589 0.388131395 
89 2 0.326484581 0.0061352964 0.0208715741 0.0795853112 0.0113160635 -0.0220970466 -0.0407562353 
90 2 1.4065259437 0.785925158 0.9955313172 0.1968587551 -0.8845411849 -0.3933398634 0.4426952177 
91 2 0.8818886574 0.2230943376 0.0424952894 0.5121379771 -0.0973676457 0.3380163942 -0.14752441 
92 2 1.265062621 0.0860504348 1.3186743215 0.1956586788 -0.3368567926 0.1297555948 -0.5079469219 
93 2 1.7157730355 0.1656892283 0.0047465679 2.773441313 0.028043808 0.6778859424 0.1147359029 
94 2 1.5504197905 1.6030669902 0.7574121214 0.043322415 1.1018994373 -0.2635312759 -0.1811433748 
95 2 0.9837250794 0.3890476685 0.2810453046 0.2976220588 0.3306660256 -0.3402780746 -0.2892149411 
96 2 1.0098404265 0.6956106681 0.0080621775 0.3161048415 -0.0748874933 -0.4689199292 0.0504826043 
97 2 0.3472665483 0.001427458 0.1178737876 0.00129281 0.0129715027 0.0013584668 0.0123445702 
98 2 0.6449828942 0.0137684724 0.3507875853 0.0514468762 -0.0694968287 0.0266147496 -0.1343388457 
99 2 1.5419463453 1.5999279021 0.354996299 0.4226743306 -0.7536368382 0.8223432708 -0.387360069 
100 2 1.1087385601 0.0127704898 0.8796645846 0.3368661204 0.1059893749 0.0655892167 0.5443612733 
101 2 1.0651994823 0.4059234242 0.3313852479 0.3973412649 -0.3667656398 0.4016094207 -0.3628677908 
102 2 1.0582571701 0.1744356916 0.1080311946 0.8374413519 0.1372752569 0.382203691 0.3007819636 
103 2 1.7445683384 1.5779996939 0.2478711818 1.2176478115 -0.6254123832 -1.3861630041 0.5493812903 
104 2 1.6582367501 1.7155814242 0.9346666934 0.0995010017 1.266292548 -0.4131610706 -0.30495946 
105 2 0.1716450674 3.2252523852e-05 0.0277281559 0.0017016207 -9.4567595397e-04 2.3426814323e-04 -0.0068689741 
106 2 1.7102046407 1.1896517805 0.1520684692 1.5830796634 0.4253334281 -1.3723387119 -0.4906490609 
107 2 1.4784499904 0.0629552518 2.0682051854 0.0546539368 -0.3608384379 0.0586579266 -0.3362076078 
108 2 1.1397900311 1.1240346055 0.0471610485 0.1279256609 0.2302404191 0.379200303 0.0776730861 
109 2 1.1816272794 1.2375993831 0.0861327197 0.0725109247 0.3264931864 -0.2995654782 -0.0790288754 
110 2 1.3534942129 1.3294065193 0.2091539895 0.2933860755 0.5273051082 -0.6245233073 -0.2477152965 
111 2 1.2995562888 0.3588992345 0.3232015146 1.0067457988 -0.3405829945 0.6010992401 -0.5704224461 
112 2 1.4099585281 0.9433081486 0.3500243429 0.6946505594 0.5746136223 -0.8094872038 -0.4930969536 
113 2 0.969188632 0.4391892198 0.2132192558 0.2869181288 0.3060124157 -0.3549807729 -0.2473387756 
114 2 1.6013497598 0.2784028217 1.8544088589 0.4315093727 -0.718521161 0.3466026932 -0.8945360828 
115 2 1.6856953559 0.3333821893 0.0711519257 2.4370347178 -0.1540155342 -0.9013678326 0.416412912 
116 2 1.5136724264 1.8803233847 0.0543862774 0.3564945524 -0.3197870997 0.818733805 -0.1392422767 
117 2 1.7029521947 0.4494286792 0.1722819646 2.2783355336 0.2782596913 -1.0119038144 -0.6265110708 
118 2 1.118918019 1.2356013823 0.014722768 0.0016533829 0.1348757668 -0.0451986974 -0.0049337991 
119 2 1.3407562481 0.4365742994 1.330464531 0.0305884864 0.7621329414 0.1155601445 0.2017347173 
120 2 1.5433248679 1.9073237719 0.2560824306 0.2184454454 -0.6988791794 0.6454813637 -0.23651647 
121 2 1.6891957677 0.2549596214 1.024883584 1.5735391362 -0.5111789614 -0.6333947761 1.2699190641 
122 2 1.7470249076 1.0885558007 1.4942878678 0.4692523592 -1.275388461 0.7147078967 -0.8373757265 
123 2 1.1041907903 0.0034474916 1.2152265027 5.6330715688e-04 -0.0647262166 -0.0013935554 0.0261638259 
124 2 1.6559035546 1.3420177438 0.1029896403 1.2970091981 0.371771334 -1.3193215521 -0.3654839406 
125 2 1.2031854704 0.5623769827 0.2296275041 0.6556507893 -0.3593566792 -0.6072255863 0.3880147604 
126 2 1.1784554504 1.1655430591 0.1651264396 0.05808775 -0.4387048843 -0.2601994885 0.0979378545 
127 2 1.3516623115 0.0194022451 1.3035591219 0.5040296373 -0.1590345046 0.0988903766 -0.8105753706 
128 2 0.8773438617 0.6151442068 0.1509398261 0.0036482187 0.3047125853 -0.0473727834 -0.0234661777 
129 2 1.0892640113 0.0876010417 0.6184069925 0.4804880521 -0.2327511476 -0.2051615312 0.5451028997 
130 2 1.586231737 0.0336065887 2.4249622894 0.0575622453 -0.2854727839 0.0439826182 -0.3736124651 
131 2 1.4587942258 1.2688650337 0.0253621639 0.8338533955 0.1793910893 -1.0286143188 -0.1454246419 
132 2 1.2143814016 0.1203822813 0.928508782 0.4258311251 -0.3343291871 0.2264122839 -0.6287988067 
133 2 1.443770819 0.8308921893 1.0693974423 0.1841845462 0.9426314137 0.3912000777 0.443809061 
134 2 0.878832621 0.001776986 0.0422110979 0.7283586918 0.0086607466 0.0359761479 0.1753420087 
135 2 1.4708062159 1.5466735242 0.388023431 0.2285739694 0.774690627 0.5945833051 0.297812115 
136 2 1.2741768882 1.4322577492 0.0346222095 0.1566467837 -0.22268347 -0.4736650397 0.0736441291 
137 2 0.8988293871 0.4006123951 0.156282378 0.250999494 0.2502172212 -0.317101732 -0.1980575618 
138 2 1.4282529031 1.0755187101 0.9483991697 0.0159884753 -1.0099609159 0.1311331552 -0.1231399884 
139 2 1.7288646 0.3992998103 2.5754480395 0.0142249554 1.0140887109 -0.0753659206 -0.1914043715 
140 2 0.8556785825 0.5071326319 0.016190678 0.2088625266 0.0906135814 -0.3254550704 -0.058151749 
141 2 1.2106179765 0.2880548346 1.1773963379 1.4471242685e-04 -0.582369906 0.006456401 -0.0130531177 
142 2 1.0533393009 0.8035867728 0.2788731307 0.0270637793 -0.4733907045 0.1474723535 -0.0868755481 
143 2 1.1534710858 1.2317880355 0.0962783175 0.0024291928 -0.3443754921 -0.0547014686 0.0152930899 
144 2 0.9254667311 2.135831528e-05 0.8479169327 0.0085503794 -0.0042555936 4.2734260205e-04 -0.0851469993 
145 2 1.3467306939 1.644914492 0.1491246218 0.0196444481 -0.4952749251 0.1797593873 -0.0541245867 
146 2 1.3550733429 0.0238169441 0.0359673256 1.7764394948 -0.0292682727 -0.205692392 0.2527721856 
147 2 1.0890629082 0.2543289488 0.023149089 0.9085799802 0.0767299385 0.4807059301 0.14502689 
148 2 1.3182787473 0.2125671335 1.0805428976 0.4447488246 0.4792576617 -0.3074719219 -0.6932316955 
149 2 1.3422277802 0.1458693363 0.1445345673 1.5111715103 0.1452004181 -0.4695035518 -0.4673505327 
150 2 1.7379513268 0.0122772273 1.3978098267 1.6103877603 0.1310008742 -0.1406097317 -1.5003385738 
151 2 1.7124704149 0.0861928886 0.0194875717 2.8268744618 -0.0409840224 -0.4936157165 0.2347102866 
152 2 0.6110100909 0.0046809937 0.3319403747 0.0367119627 0.0394184067 -0.0131090985 -0.1103910443 
153 2 0.8297893031 0.2214869212 0.3463022514 0.120761115 0.2769502111 -0.1635451239 -0.2044990123 
154 2 1.3820935507 1.8281096548 0.0720650302 0.010007898 0.3629638789 0.1352609882 0.0268555296 
155 2 1.1941300508 1.337059621 0.009235663 0.0796512943 0.1111243991 0.3263411242 0.0271225462 
156 2 0.9390236651 0.0020253717 0.2731333698 0.6066067021 0.0235201315 -0.0350514483 -0.4070436497 
157 2 1.4815057792 0.3219037767 0.6731253297 1.1998302673 0.4654906936 -0.6214739692 -0.8986857873 
158 2 1.190604755 1.0250168228 0.2448299611 0.1476928988 0.5009539189 -0.3890857307 -0.1901569001 
159 2 1.3110249084 0.1197686058 0.5968211415 1.0021965632 0.2673582541 0.3464558921 0.7733900031 
160 2 1.6920448152 1.9953391856 0.0017148251 0.8659616461 -0.0584949367 -1.3144912345 0.0385353438 
161 2 1.3183810848 0.7828372123 0.0799551863 0.875336286 -0.2501837227 0.8277957586 -0.2645518395 
162 2 1.3802710463 1.517720298 0.3859102803 0.0015175828 -0.7653129201 -0.0479923561 0.0242002233 
163 2 1.3637213591 1.6183972672 0.2413307871 7.8907489751e-06 0.6249552675 0.003573565 0.0013799568 
164 2 1.1467531007 0.0021653301 0.6167638949 0.6961134489 0.0365444584 -0.0388241602 -0.6552386146 
165 2 1.7038629067 0.3791386118 2.5111399281 0.0128702648 -0.9757407987 -0.0698542362 0.1797749586 
166 2 0.3827361016 4.7682316017e-04 0.0668285878 0.0791815125 0.0056449463 -0.0061445569 -0.0727433067 
167 2 1.4903299455 1.3519260334 0.8486934094 0.0204639036 1.0711539173 -0.1663300456 -0.1317861152 
168 2 1.1303301891 5.3109690725e-04 0.0053760193 1.2717392201 -0.0016897299 0.0259887816 -0.0826855159 
169 2 1.3935585228 0.6547510854 1.2495935656 0.0376607055 0.9045290175 -0.1570298946 -0.2169344953 
170 2 1.5741659976 0.0066213673 0.2477467991 2.2236304216 0.0405021301 -0.1213403218 -0.7422245748 
171 2 0.6741842434 0.1153576924 0.1979313747 0.1412353269 0.1511056142 0.1276423966 0.1671971962 
172 2 1.546382248 0.1421648465 2.2386303892 0.0105028212 -0.5641405371 -0.0386410657 0.1533360186 
173 2 1.7351149983 2.70689255 0.2920265215 0.0117049858 -0.889091905 0.1780003903 -0.0584650861 
174 2 1.3399478398 0.016399573 0.1261885884 1.6528720521 -0.0454910867 -0.1646402015 0.4566985778 
175 2 1.2810667401 0.3853985832 1.2534749265 0.0022584829 0.6950449343 0.0295028154 0.0532066885 
176 2 0.1860364504 3.6518162597e-04 0.0340405062 2.0387304539e-04 -0.0035257577 -2.7285653778e-04 0.0026343769 
177 2 1.1575706039 0.4566996323 0.8684305457 0.0148395249 -0.6297713164 -0.082323785 0.1135213493 
178 2 1.4959229285 0.2438555548 0.8141708904 1.1797589628 0.4455783817 0.5363681352 0.9800639802 
179 2 1.6802046639 0.1785889725 2.6179549597 0.0265437804 0.6837674212 0.068850755 0.2636103591 
180 2 1.5295123738 0.1884425272 1.1800619683 0.9709036062 -0.471565329 0.4277376874 -1.0703861082 
181 2 1.3205408606 0.5147683187 0.1619196334 1.0671402124 0.2887059013 -0.7411679789 -0.4156813106 
182 2 1.6777091019 0.9630968494 1.7577448541 0.0938661272 1.3011066563 0.3006695385 0.406192937 
183 2 1.157973385 0.128608424 0.4882595857 0.7240343507 -0.2505879004 -0.305150646 0.5945727139 
184 2 0.6595128389 0.0558577443 0.3502923992 0.0288070413 -0.1398804606 0.0401135432 -0.1004534101 
185 2 1.7441286621 1.9842267603 0.1679028654 0.8898551642 -0.5771978506 -1.3287868262 0.3865349038 
186 2 0.9268006106 1.7579816131e-05 0.3664796386 0.4924621535 0.0025382365 -0.002942345 -0.424826261 
187 2 1.4830219422 1.9415853575 0.1879679801 0.0698007434 0.6041157818 -0.3681359822 -0.1145438988 
188 2 1.53933345 2.2028312415 0.0972612479 0.0694549808 -0.4628715972 0.3911490785 -0.0821904989 
189 2 0.7702909196 0.1835372166 0.0561543042 0.3536565801 0.1015204644 0.2547727307 0.1409231676 
190 2 0.7562362954 0.3448409944 0.0073980446 0.2196542955 -0.0505089009 -0.275219559 0.0403114411 
191 2 1.3433475132 0.2672596229 0.0606514088 1.4766715096 -0.1273172127 0.6282154653 -0.2992694561 
192 2 1.6582626932 1.2181856227 1.4821305694 0.0495189675 -1.3436927292 0.2456080094 -0.2709124868 
193 2 1.309431799 0.0083522435 0.8053762235 0.9008831692 0.0820164518 -0.0867432743 -0.8517921604 
194 2 1.643754745 2.4563159493 0.1502773386 0.0953363737 0.6075595638 -0.4839176121 -0.1196950146 
195 2 1.6129910201 0.4891586199 1.6160141509 0.4965672601 -0.8890935001 0.4928490191 -0.8958011605 
196 2 1.442677604 1.8648884025 0.2158372896 5.9297704502e-04 0.6344386954 -0.0332541127 -0.0113131144 
197 2 1.3464456613 0.4063354857 1.3816965332 0.0248838999 0.7492878832 -0.1005545203 -0.185423834 
198 2 1.4927554526 1.9488450337 0.1627057404 0.1167680672 0.5631059173 -0.4770354996 -0.1378362609 
199 2 1.436785255 1.0243873942 0.0244283697 1.0155361052 0.1581901198 1.0199521481 0.1575052108 
200 2 1.1570783382 1.0378370742 0.0381164314 0.262876775 -0.1988935535 -0.5223248636 0.1000995732 
201 2 0.3697140161 0.0055584717 0.130681363 4.4861907577e-04 0.0269515984 0.0015791252 0.0076567717 
202 2 0.5797862736 0.0537298399 0.2815683154 8.5396776291e-04 -0.1229984573 0.0067737398 -0.0155064588 
203 2 1.4956018566 1.1548271222 0.2883635592 0.7936342322 0.5770702377 0.9573454635 0.4783881185 
204 2 1.3963755908 0.3884893125 0.2732365506 1.2881389274 -0.3258058927 0.707409504 -0.5932677618 
205 2 0.7744877794 0.4192340695 0.1191344433 0.0614628076 0.2234842667 -0.1605219703 -0.0855706571 
206 2 1.5417584113 0.5670510422 0.0277937806 1.782174176 0.1255407992 1.0052779337 0.2225609087 
207 2 1.653895918 0.9098694522 1.6767905542 0.1487117011 -1.2351763044 -0.3678426756 0.4993579634 
208 2 1.4132991371 1.1174832148 8.4694534598e-04 0.8790842906 0.0307643821 0.9911417352 0.0272861934 
209 2 1.6113674866 0.6770040258 1.3773192346 0.5421819165 -0.9656348516 -0.6058542236 0.8641513654 
210 2 0.9173227829 0.7172202029 0.0686845277 0.0555763574 0.2219502892 -0.1996509112 -0.0617837832 
211 1 0.0 0.0 0.0 0.0 0.0 0.0 0.0 
212 1 0.0 0.0 0.0 0.0 0.0 0.0 0.0 
213 1 0.0 0.0 0.0 0.0 0.0 0.0 0.0 
214 1 0.0 0.0 0.0 0.0 0.0 0.0 0.0 
215 1 0.0 0.0 0.0 0.0 0.0 0.0 0.0 
216 1 0.0 0.0 0.0 0.0 0.0 0.0 0.0 
217 1 0.0 0.0 0.0 0.0 0.0 0.0 0.0 
218 1 0.0 0.0 0.0 0.0 0.0 0.0 0.0 
219 1 0.0 0.0 0.0 0.0 0.0 0.0 0.0 
220 1 0.0 0.0 0.0 0.0 0.0 0.0 0.0 
221 1 0.0 0.0 0.0 0.0 0.0 0.0 0.0 
222 1 0.0 0.0 0.0 0.0 0.0 0.0 0.0 
223 1 0.0 0.0 0.0 0.0 0.0 0.0 0.0 
224 1 0.0 0.0 0.0 0.0 0.0 0.0 0.0 
225 1 0.0 0.0 0.0 0.0 0.0 0.0 0.0 
226 1 0.0 0.0 0.0 0.0 0.0 0.0 0.0 
227 1 0.0 0.0 0.0 0.0 0.0 0.0 0.0 
228 1 0.0 0.0 0.0 0.0 0.0 0.0 0.0 
229 1 0.0 0.0 0.0 0.0 0.0 0.0 0.0 
230 1 0.0 0.0 0.0 0.0 0.0 0.0 0.0 
231 1 0.0 0.0 0.0 0.0 0.0 0.0 0.0 
232 1 0.0 0.0 0.0 0.0 0.0 0.0 0.0 
233 1 0.0 0.0 0.0 0.0 0.0 0.0 0.0 
234 1 0.0 0.0 0.0 0.0 0.0 0.0 0.0 
235 1 0.0 0.0 0.0 0.0 0.0 0.0 0.0 
236 1 0.0 0.0 0.0 0.0 0.0 0.0 0.0 
237 1 0.0 0.0 0.0 0.0 0.0 0.0 0.0 
238 1 0.0 0.0 0.0 0.0 0.0 0.0 0.0 
239 1 0.0 0.0 0.0 0.0 0.0 0.0 0.0 
240 1 0.0 0.0 0.0 0.0 0.0 0.0 0.0 
241 1 0.0 0.0 0.0 0.0 0.0 0.0 0.0 
242 1 0.0 0.0 0.0 0.0 0.0 0.0 0.0 
243 1 0.0 0.0 0.0 0.0 0.0 0.0 0.0 
244 1 0.0 0.0 0.0 0.0 0.0 0.0 0.0 
245 1 0.0 0.0 0.0 0.0 0.0 0.0 0.0 
246 1 0.0 0.0 0.0 0.0 0.0 0.0 0.0 
247 1 0.0 0.0 0.0 0.0 0.0 0.0 0.0 
248 1 0.0 0.0 0.0 0.0 0.0 0.0 0.0 
249 1 0.0 0.0 0.0 0.0 0.0 0.0 0.0 
250 1 0.0 0.0 0.0 0.0 0.0 0.0 0.0 
251 1 0.0 0.0 0.0 0.0 0.0 0.0 0.0 
252 1 0.0 0.0 0.0 0.0 0.0 0.0 0.0 
253 1 0.0 0.0 0.0 0.0 0.0 0.0 0.0 
254 1 0.0 0.0 0.0 0.0 0.0 0.0 0.0 
255 1 0.0 0.0 0.0 0.0 0.0 0.0 0.0 
256 1 0.0 0.0 0.0 0.0 0.0 0.0 0.0 
257 1 0.0 0.0 0.0 0.0 0.0 0.0 0.0 
258 1 0.0 0.0 0.0 0.0 0.0 0.0 0.0 
259 1 0.0 0.0 0.0 0.0 0.0 0.0 0.0 
260 1 0.0 0.0 0.0 0.0 0.0 0.0 0.0 
261 1 0.0 0.0 0.0 0.0 0.0 0.0 0.0 
262 1 0.0 0.0 0.0 0.0 0.0 0.0 0.0 
263 1 0.0 0.0 0.0 0.0 0.0 0.0 0.0 
264 1 0.0 0.0 0.0 0.0 0.0 0.0 0.0 
265 1 0.0 0.0 0.0 0.0 0.0 0.0 0.0 
266 1 0.0 0.0 0.0 0.0 0.0 0.0 0.0 
267 1 0.0 0.0 0.0 0.0 0.0 0.0 0.0 
268 1 0.0 0.0 0.0 0.0 0.0 0.0 0.0 
269 1 0.0 0.0 0.0 0.0 0.0 0.0 0.0 
270 1 0.0 0.0 0.0 0.0 0.0 0.0 0.0 
271 1 0.0 0.0 0.0 0.0 0.0 0.0 0.0 
272 1 0.0 0.0 0.0 0.0 0.0 0.0 0.0 
273 1 0.0 0.0 0.0 0.0 0.0 0.0 0.0 
274 1 0.0 0.0 0.0 0.0 0.0 0.0 0.0 
275 1 0.0 0.0 0.0 0.0 0.0 0.0 0.0 
276 1 0.0 0.0 0.0 0.0 0.0 0.0 0.0 
277 1 0.0 0.0 0.0 0.0 0.0 0.0 0.0 
278 1 0.0 0.0 0.0 0.0 0.0 0.0 0.0 
279 1 0.0 0.0 0.0 0.0 0.0 0.0 0.0 
280 1 0.0 0.0 0.0 0.0 0.0 0.0 0.0 
281 1 0.0 0.0 0.0 0.0 0.0 0.0 0.0 
282 1 0.0 0.0 0.0 0.0 0.0 0.0 0.0 
283 1 0.0 0.0 0.0 0.0 0.0 0.0 0.0 
284 1 0.0 0.0 0.0 0.0 0.0 0.0 0.0 
285 1 0.0 0.0 0.0 0.0 0.0 0.0 0.0 
286 1 0.0 0.0 0.0 0.0 0.0 0.0 0.0 
287 1 0.0 0.0 0.0 0.0 0.0 0.0 0.0 
288 1 0.0 0.0 0.0 0.0 0.0 0.0 0.0 
289 1 0.0 0.0 0.0 0.0 0.0 0.0 0.0 
290 1 0.0 0.0 0.0 0.0 0.0 0.0 0.0 
291 1 0.0 0.0 0.0 0.0 0.0 0.0 0.0 
292 1 0.0 0.0 0.0 0.0 0.0 0.0 0.0 
293 1 0.0 0.0 0.0 0.0 0.0 0.0 0.0 
294 1 0.0 0.0 0.0 0.0 0.0 0.0 0.0 
295 1 0.0 0.0 0.0 0.0 0.0 0.0 0.0 
296 1 0.0 0.0 0.0 0.0 0.0 0.0 0.0 
297 1 0.0 0.0 0.0 0.0 0.0 0.0 0.0 
298 1 0.0 0.0 0.0 0.0 0.0 0.0 0.0 
299 1 0.0 0.0 0.0 0.0 0.0 0.0 0.0 
300 1 0.0 0.0 0.0 0.0 0.0 0.0 0.0 
301 1 0.0 0.0 0.0 0.0 0.0 0.0 0.0 
302 1 0.0 0.0 0.0 0.0 0.0 0.0 0.0 
303 1 0.0 0.0 0.0 0.0 0.0 0.0 0.0 
304 1 0.0 0.0 0.0 0.0 0.0 0.0 0.0 
305 1 0.0 0.0 0.0 0.0 0.0 0.0 0.0 
306 1 0.0 0.0 0.0 0.0 0.0 0.0 0.0 
307 1 0.0 0.0 0.0 0.0 0.0 0.0 0.0 
308 1 0.0 0.0 0.0 0.0 0.0 0.0 0.0 
309 1 0.0 0.0 0.0 0.0 0.0 0.0 0.0 
310 1 0.0 0.0 0.0 0.0 0.0 0.0 0.0 
311 1 0.0 0.0 0.0 0.0 0.0 0.0 0.0 
312 1 0.0 0.0 0.0 0.0 0.0 0.0 0.0 
313 1 0.0 0.0 0.0 0.0 0.0 0.0 0.0 
314 1 0.0 0.0 0.0 0.0 0.0 0.0 0.0 
315 1 0.0 0.0 0.0 0.0 0.0 0.0 0.0 
316 1 0.0 0.0 0.0 0.0 0.0 0.0 0.0 
317 1 0.0 0.0 0.0 0.0 0.0 0.0 0.0 
318 1 0.0 0.0 0.0 0.0 0.0 0.0 0.0 
319 1 0.0 0.0 0.0 0.0 0.0 0.0 0.0 
320 1 0.0 0.0 0.0 0.0 0.0 0.0 0.0 
321 1 0.0 0.0 0.0 0.0 0.0 0.0 0.0 
322 1 0.0 0.0 0.0 0.0 0.0 0.0 0.0 
323 1 0.0 0.0 0.0 0.0 0.0 0.0 0.0 
324 1 0.0 0.0 0.0 0.0 0.0 0.0 0.0 
325 1 0.0 0.0 0.0 0.0 0.0 0.0 0.0 
326 1 0.0 0.0 0.0 0.0 0.0 0.0 0.0 
327 1 0.0 0.0 0.0 0.0 0.0 0.0 0.0 
328 1 0.0 0.0 0.0 0.0 0.0 0.0 0.0 
329 1 0.0 0.0 0.0 0.0 0.0 0.0 0.0 
330 1 0.0 0.0 0.0 0.0 0.0 0.0 0.0 
331 1 0.0 0.0 0.0 0.0 0.0 0.0 0.0 
332 1 0.0 0.0 0.0 0.0 0.0 0.0 0.0 
333 1 0.0 0.0 0.0 0.0 0.0 0.0 0.0 
334 1 0.0 0.0 0.0 0.0 0.0 0.0 0.0 
335 1 0.0 0.0 0.0 0.0 0.0 0.0 0.0 
336 1 0.0 0.0 0.0 0.0 0.0 0.0 0.0 
337 1 0.0 0.0 0.0 0.0 0.0 0.0 0.0 
338 1 0.0 0.0 0.0 0.0 0.0 0.0 0.0 
339 1 0.0 0.0 0.0 0.0 0.0 0.0 0.0 
340 1 0.0 0.0 0.0 0.0 0.0 0.0 0.0 
341 1 0.0 0.0 0.0 0.0 0.0 0.0 0.0 
342 1 0.0 0.0 0.0 0.0 0.0 0.0 0.0 
343 1 0.0 0.0 0.0 0.0 0.0 0.0 0.0 
344 1 0.0 0.0 0.0 0.0 0.0 0.0 0.0 
345 1 0.0 0.0 0.0 0.0 0.0 0.0 0.0 
346 1 0.0 0.0 0.0 0.0 0.0 0.0 0.0 
347 1 0.0 0.0 0.0 0.0 0.0 0.0 0.0 
348 1 0.0 0.0 0.0 0.0 0.0 0.0 0.0 
349 1 0.0 0.0 0.0 0.0 0.0 0.0 0.0 
350 1 0.0 0.0 0.0 0.0 0.0 0.0 0.0 
351 1 0.0 0.0 0.0 0.0 0.0 0.0 0.0 
352 1 0.0 0.0 0.0 0.0 0.0 0.0 0.0 
353 1 0.0 0.0 0.0 0.0 0.0 0.0 0.0 
354 1 0.0 0.0 0.0 0.0 0.0 0.0 0.0 
355 1 0.0 0.0 0.0 0.0 0.0 0.0 0.0 
356 1 0.0 0.0 0.0 0.0 0.0 0.0 0.0 
357 1 0.0 0.0 0.0 0.0 0.0 0.0 0.0 
358 1 0.0 0.0 0.0 0.0 0.0 0.0 0.0 
359 1 0.0 0.0 0.0 0.0 0.0 0.0 0.0 
360 1 0.0 0.0 0.0 0.0 0.0 0.0 0.0 
361 1 0.0 0.0 0.0 0.0 0.0 0.0 0.0 
362 1 0.0 0.0 0.0 0.0 0.0 0.0 0.0 
363 1 0.0 0.0 0.0 0.0 0.0 0.0 0.0 
364 1 0.0 0.0 0.0 0.0 0.0 0.0 0.0 
365 1 0.0 0.0 0.0 0.0 0.0 0.0 0.0 
366 1 0.0 0.0 0.0 0.0 0.0 0.0 0.0 
367 1 0.0 0.0 0.0 0.0 0.0 0.0 0.0 
368 1 0.0 0.0 0.0 0.0 0.0 0.0 0.0 
369 1 0.0 0.0 0.0 0.0 0.0 0.0 0.0 
370 1 0.0 0.0 0.0 0.0 0.0 0.0 0.0 
371 1 0.0 0.0 0.0 0.0 0.0 0.0 0.0 
372 1 0.0 0.0 0.0 0.0 0.0 0.0 0.0 
373 1 0.0 0.0 0.0 0.0 0.0 0.0 0.0 
374 1 0.0 0.0 0.0 0.0 0.0 0.0 0.0 
375 1 0.0 0.0 0.0 0.0 0.0 0.0 0.0 
376 1 0.0 0.0 0.0 0.0 0.0 0.0 0.0 
377 1 0.0 0.0 0.0 0.0 0.0 0.0 0.0 
378 1 0.0 0.0 0.0 0.0 0.0 0.0 0.0 
379 1 0.0 0.0 0.0 0.0 0.0 0.0 0.0 
380 1 0.0 0.0 0.0 0.0 0.0 0.0 0.0 
381 1 0.0 0.0 0.0 0.0 0.0 0.0 0.0 
382 1 0.0 0.0 0.0 0.0 0.0 0.0 0.0 
383 1 0.0 0.0 0.0 0.0 0.0 0.0 0.0 
384 1 0.0 0.0 0.0 0.0 0.0 0.0 0.0 
385 1 0.0 0.0 0.0 0.0 0.0 0.0 0.0 
386 1 0.0 0.0 0.0 0.0 0.0 0.0 0.0 
387 1 0.0 0.0 0.0 0.0 0.0 0.0 0.0 
388 1 0.0 0.0 0.0 0.0 0.0 0.0 0.0 
389 1 0.0 0.0 0.0 0.0 0.0 0.0 0.0 
390 1 0.0 0.0 0.0 0.0 0.0 0.0 0.0 
391 1 0.0 0.0 0.0 0.0 0.0 0.0 0.0 
392 1 0.0 0.0 0.0 0.0 0.0 0.0 0.0 
393 1 0.0 0.0 0.0 0.0 0.0 0.0 0.0 
394 1 0.0 0.0 0.0 0.0 0.0 0.0 0.0 
395 1 0.0 0.0 0.0 0.0 0.0 0.0 0.0 
396 1 0.0 0.0 0.0 0.0 0.0 0.0 0.0 
397 1 0.0 0.0 0.0 0.0 0.0 0.0 0.0 
398 1 0.0 0.0 0.0 0.0 0.0 0.0 0.0 
399 1 0.0 0.0 0.0 0.0 0.0 0.0 0.0 
400 1 0.0 0.0 0.0 0.0 0.0 0.0 0.0 
401 1 0.0 0.0 0.0 0.0 0.0 0.0 0.0 
402 1 0.0 0.0 0.0 0.0 0.0 0.0 0.0 
403 1 0.0 0.0 0.0 0.0 0.0 0.0 0.0 
404 1 0.0 0.0 0.0 0.0 0.0 0.0 0.0 
405 1 0.0 0.0 0.0 0.0 0.0 0.0 0.0 
406 1 0.0 0.0 0.0 0.0 0.0 0.0 0.0 
407 1 0.0 0.0 0.0 0.0 0.0 0.0 0.0 
408 1 0.0 0.0 0.0 0.0 0.0 0.0 0.0 
409 1 0.0 0.0 0.0 0.0 0.0 0.0 0.0 
410 1 0.0 0.0 0.0 0.0 0.0 0.0 0.0 
411 1 0.0 0.0 0.0 0.0 0.0 0.0 0.0 
412 1 0.0 0.0 0.0 0.0 0.0 0.0 0.0 
413 1 0.0 0.0 0.0 0.0 0.0 0.0 0.0 
414 1 0.0 0.0 0.0 0.0 0.0 0.0 0.0 
415 1 0.0 0.0 0.0 0.0 0.0 0.0 0.0 
416 1 0.0 0.0 0.0 0.0 0.0 0.0 0.0 
417 1 0.0 0.0 0.0 0.0 0.0 0.0 0.0 
418 1 0.0 0.0 0.0 0.0 0.0 0.0 0.0 
419 1 0.0 0.0 0.0 0.0 0.0 0.0 0.0 
420 1 0.0 0.0 0.0 0.0 0.0 0.0 0.0 
421 1 0.0 0.0 0.0 0.0 0.0 0.0 0.0 
422 1 0.0 0.0 0.0 0.0 0.0 0.0 0.0 
423 1 0.0 0.0 0.0 0.0 0.0 0.0 0.0 
424 1 0.0 0.0 0.0 0.0 0.0 0.0 0.0 
425 1 0.0 0.0 0.0 0.0 0.0 0.0 0.0 
426 1 0.0 0.0 0.0 0.0 0.0 0.0 0.0 
427 1 0.0 0.0 0.0 0.0 0.0 0.0 0.0 
428 1 0.0 0.0 0.0 0.0 0.0 0.0 0.0 
429 1 0.0 0.0 0.0 0.0 0.0 0.0 0.0 
430 1 0.0 0.0 0.0 0.0 0.0 0.0 0.0 
431 1 0.0 0.0 0.0 0.0 0.0 0.0 0.0 
432 1 0.0 0.0 0.0 0.0 0.0 0.0 0.0 
433 1 0.0 0.0 0.0 0.0 0.0 0.0 0.0 
434 1 0.0 0.0 0.0 0.0 0.0 0.0 0.0 
435 1 0.0 0.0 0.0 0.0 0.0 0.0 0.0 
436 1 0.0 0.0 0.0 0.0 0.0 0.0 0.0 
437 1 0.0 0.0 0.0 0.0 0.0 0.0 0.0 
438 1 0.0 0.0 0.0 0.0 0.0 0.0 0.0 
439 1 0.0 0.0 0.0 0.0 0.0 0.0 0.0 
440 1 0.0 0.0 0.0 0.0 0.0 0.0 0.0 
441 1 0.0 0.0 0.0 0.0 0.0 0.0 0.0 
442 1 0.0 0.0 0.0 0.0 0.0 0.0 0.0 
443 1 0.0 0.0 0.0 0.0 0.0 0.0 0.0 
444 1 0.0 0.0 0.0 0.0 0.0 0.0 0.0 
445 1 0.0 0.0 0.0 0.0 0.0 0.0 0.0 
446 1 0.0 0.0 0.0 0.0 0.0 0.0 0.0 
447 1 0.0 0.0 0.0 0.0 0.0 0.0 0.0 
448 1 0.0 0.0 0.0 0.0 0.0 0.0 0.0 
449 1 0.0 0.0 0.0 0.0 0.0 0.0 0.0 
450 1 0.0 0.0 0.0 0.0 0.0 0.0 0.0 
451 1 0.0 0.0 0.0 0.0 0.0 0.0 0.0 
452 1 0.0 0.0 0.0 0.0 0.0 0.0 0.0 
453 1 0.0 0.0 0.0 0.0 0.0 0.0 0.0 
454 1 0.0 0.0 0.0 0.0 0.0 0.0 0.0 
455 1 0.0 0.0 0.0 0.0 0.0 0.0 0.0 
456 1 0.0 0.0 0.0 0.0 0.0 0.0 0.0 
457 1 0.0 0.0 0.0 0.0 0.0 0.0 0.0 
458 1 0.0 0.0 0.0 0.0 0.0 0.0 0.0 
459 1 0.0 0.0 0.0 0.0 0.0 0.0 0.0 
460 1 0.0 0.0 0.0 0.0 0.0 0.0 0.0 
461 1 0.0 0.0 0.0 0.0 0.0 0.0 0.0 
462 1 0.0 0.0 0.0 0.0 0.0 0.0 0.0 
463 1 0.0 0.0 0.0 0.0 0.0 0.0 0.0 
464 1 0.0 0.0 0.0 0.0 0.0 0.0 0.0 
465 1 0.0 0.0 0.0 0.0 0.0 0.0 0.0 
466 1 0.0 0.0 0.0 0.0 0.0 0.0 0.0 
467 1 0.0 0.0 0.0 0.0 0.0 0.0 0.0 
468 1 0.0 0.0 0.0 0.0 0.0 0.0 0.0 
469 1 0.0 0.0 0.0 0.0 0.0 0.0 0.0 
470 1 0.0 0.0 0.0 0.0 0.0 0.0 0.0 
471 1 0.0 0.0 0.0 0.0 0.0 0.0 0.0 
472 1 0.0 0.0 0.0 0.0 0.0 0.0 0.0 
473 1 0.0 0.0 0.0 0.0 0.0 0.0 0.0 
474 1 0.0 0.0 0.0 0.0 0.0 0.0 0.0 
475 1 0.0 0.0 0.0 0.0 0.0 0.0 0.0 
476 1 0.0 0.0 0.0 0.0 0.0 0.0 0.0 
477 1 0.0 0.0 0.0 0.0 0.0 0.0 0.0 
478 1 0.0 0.0 0.0 0.0 0.0 0.0 0.0 
479 1 0.0 0.0 0.0 0.0 0.0 0.0 0.0 
480 1 0.0 0.0 0.0 0.0 0.0 0.0 0.0 
481 1 0.0 0.0 0.0 0.0 0.0 0.0 0.0 
482 1 0.0 0.0 0.0 0.0 0.0 0.0 0.0 
483 1 0.0 0.0 0.0 0.0 0.0 0.0 0.0 
484 1 0.0 0.0 0.0 0.0 0.0 0.0 0.0 
485 1 0.0 0.0 0.0 0.0 0.0 0.0 0.0 
486 1 0.0 0.0 0.0 0.0 0.0 0.0 0.0 
487 1 0.0 0.0 0.0 0.0 0.0 0.0 0.0 
488 1 0.0 0.0 0.0 0.0 0.0 0.0 0.0 
489 1 0.0 0.0 0.0 0.0 0.0 0.0 0.0 
490 1 0.0 0.0 0.0 0.0 0.0 0.0 0.0 
491 1 0.0 0.0 0.0 0.0 0.0 0.0 0.0 
492 1 0.0 0.0 0.0 0.0 0.0 0.0 0.0 
493 1 0.0 0.0 0.0 0.0 0.0 0.0 0.0 
494 1 0.0 0.0 0.0 0.0 0.0 0.0 0.0 
495 1 0.0 0.0 0.0 0.0 0.0 0.0 0.0 
496 1 0.0 0.0 0.0 0.0 0.0 0.0 0.0 
497 1 0.0 0.0 0.0 0.0 0.0 0.0 0.0 
498 1 0.0 0.0 0.0 0.0 0.0 0.0 0.0 
499 1 0.0 0.0 0.0 0.0 0.0 0.0 0.0 
500 1 0.0 0.0 0.0 0.0 0.0 0.0 0.0 
501 1 0.0 0.0 0.0 0.0 0.0 0.0 0.0 
502 1 0.0 0.0 0.0 0.0 0.0 0.0 0.0 
503 1 0.0 0.0 0.0 0.0 0.0 0.0 0.0 
504 1 0.0 0.0 0.0 0.0 0.0 0.0 0.0 
505 1 0.0 0.0 0.0 0.0 0.0 0.0 0.0 
506 1 0.0 0.0 0.0 0.0 0.0 0.0 0.0 
507 1 0.0 0.0 0.0 0.0 0.0 0.0 0.0 
508 1 0.0 0.0 0.0 0.0 0.0 0.0 0.0 
509 1 0.0 0.0 0.0 0.0 0.0 0.0 0.0 
510 1 0.0 0.0 0.0 0.0 0.0 0.0 0.0 
511 1 0.0 0.0 0.0 0.0 0.0 0.0 0.0 
512 1 0.0 0.0 0.0 0.0 0.0 0.0 0.0 
513 1 0.0 0.0 0.0 0.0 0.0 0.0 0.0 
514 1 0.0 0.0 0.0 0.0 0.0 0.0 0.0 
515 1 0.0 0.0 0.0 0.0 0.0 0.0 0.0 
516 1 0.0 0.0 0.0 0.0 0.0 0.0 0.0 
517 1 0.0 0.0 0.0 0.0 0.0 0.0 0.0 
518 1 0.0 0.0 0.0 0.0 0.0 0.0 0.0 
519 1 0.0 0.0 0.0 0.0 0.0 0.0 0.0 
520 1 0.0 0.0 0.0 0.0 0.0 0.0 0.0 
521 1 0.0 0.0 0.0 0.0 0.0 0.0 0.0 
522 1 0.0 0.0 0.0 0.0 0.0 0.0 0.0 
523 1 0.0 0.0 0.0 0.0 0.0 0.0 0.0 
524 1 0.0 0.0 0.0 0.0 0.0 0.0 0.0 
525 1 0.0 0.0 0.0 0.0 0.0 0.0 0.0 
526 1 0.0 0.0 0.0 0.0 0.0 0.0 0.0 
527 1 0.0 0.0 0.0 0.0 0.0 0.0 0.0 
528 1 0.0 0.0 0.0 0.0 0.0 0.0 0.0 
529 1 0.0 0.0 0.0 0.0 0.0 0.0 0.0 
530 1 0.0 0.0 0.0 0.0 0.0 0.0 0.0 
531 1 0.0 0.0 0.0 0.0 0.0 0.0 0.0 
532 1 0.0 0.0 0.0 0.0 0.0 0.0 0.0 
533 1 0.0 0.0 0.0 0.0 0.0 0.0 0.0 
534 1 0.0 0.0 0.0 0.0 0.0 0.0 0.0 
535 1 0.0 0.0 0.0 0.0 0.0 0.0 0.0 
536 1 0.0 0.0 0.0 0.0 0.0 0.0 0.0 
537 1 0.0 0.0 0.0 0.0 0.0 0.0 0.0 
538 1 0.0 0.0 0.0 0.0 0.0 0.0 0.0 
539 1 0.0 0.0 0.0 0.0 0.0 0.0 0.0 
540 1 0.0 0.0 0.0 0.0 0.0 0.0 0.0 
541 1 0.0 0.0 0.0 0.0 0.0 0.0 0.0 
542 1 0.0 0.0 0.0 0.0 0.0 0.0 0.0 
543 1 0.0 0.0 0.0 0.0 0.0 0.0 0.0 
544 1 0.0 0.0 0.0 0.0 0.0 0.0 0.0 
545 1 0.0 0.0 0.0 0.0 0.0 0.0 0.0 
546 1 0.0 0.0 0.0 0.0 0.0 0.0 0.0 
547 1 0.0 0.0 0.0 0.0 0.0 0.0 0.0 
548 1 0.0 0.0 0.0 0.0 0.0 0.0 0.0 
549 1 0.0 0.0 0.0 0.0 0.0 0.0 0.0 
550 1 0.0 0.0 0.0 0.0 0.0 0.0 0.0 
551 1 0.0 0.0 0.0 0.0 0.0 0.0 0.0 
552 1 0.0 0.0 0.0 0.0 0.0 0.0 0.0 
553 1 0.0 0.0 0.0 0.0 0.0 0.0 0.0 
554 1 0.0 0.0 0.0 0.0 0.0 0.0 0.0 
555 1 0.0 0.0 0.0 0.0 0.0 0.0 0.0 
556 1 0.0 0.0 0.0 0.0 0.0 0.0 0.0 
557 1 0.0 0.0 0.0 0.0 0.0 0.0 0.0 
558 1 0.0 0.0 0.0 0.0 0.0 0.0 0.0 
559 1 0.0 0.0 0.0 0.0 0.0 0.0 0.0 
560 1 0.0 0.0 0.0 0.0 0.0 0.0 0.0 
561 1 0.0 0.0 0.0 0.0 0.0 0.0 0.0 
562 1 0.0 0.0 0.0 0.0 0.0 0.0 0.0 
563 1 0.0 0.0 0.0 0.0 0.0 0.0 0.0 
564 1 0.0 0.0 0.0 0.0 0.0 0.0 0.0 
565 1 0.0 0.0 0.0 0.0 0.0 0.0 0.0 
566 1 0.0 0.0 0.0 0.0 0.0 0.0 0.0 
567 1 0.0 0.0 0.0 0.0 0.0 0.0 0.0 
568 1 0.0 0.0 0.0 0.0 0.0 0.0 0.0 
569 1 0.0 0.0 0.0 0.0 0.0 0.0 0.0 
570 1 0.0 0.0 0.0 0.0 0.0 0.0 0.0 
571 1 0.0 0.0 0.0 0.0 0.0 0.0 0.0 
572 1 0.0 0.0 0.0 0.0 0.0 0.0 0.0 
573 1 0.0 0.0 0.0 0.0 0.0 0.0 0.0 
574 1 0.0 0.0 0.0 0.0 0.0 0.0 0.0 
575 1 0.0 0.0 0.0 0.0 0.0 0.0 0.0 
576 1 0.0 0.0 0.0 0.0 0.0 0.0 0.0 
577 1 0.0 0.0 0.0 0.0 0.0 0.0 0.0 
578 1 0.0 0.0 0.0 0.0 0.0 0.0 0.0 
579 1 0.0 0.0 0.0 0.0 0.0 0.0 0.0 
580 1 0.0 0.0 0.0 0.0 0.0 0.0 0.0 
581 1 0.0 0.0 0.0 0.0 0.0 0.0 0.0 
582 1 0.0 0.0 0.0 0.0 0.0 0.0 0.0 
583 1 0.0 0.0 0.0 0.0 0.0 0.0 0.0 
584 1 0.0 0.0 0.0 0.0 0.0 0.0 0.0 
585 1 0.0 0.0 0.0 0.0 0.0 0.0 0.0 
586 1 0.0 0.0 0.0 0.0 0.0 0.0 0.0 
587 1 0.0 0.0 0.0 0.0 0.0 0.0 0.0 
588 1 0.0 0.0 0.0 0.0 0.0 0.0 0.0 
589 1 0.0 0.0 0.0 0.0 0.0 0.0 0.0 
590 1 0.0 0.0 0.0 0.0 0.0 0.0 0.0 
591 1 0.0 0.0 0.0 0.0 0.0 0.0 0.0 
592 1 0.0 0.0 0.0 0.0 0.0 0.0 0.0 
593 1 0.0 0.0 0.0 0.0 0.0 0.0 0.0 
594 1 0.0 0.0 0.0 0.0 0.0 0.0 0.0 
595 1 0.0 0.0 0.0 0.0 0.0 0.0 0.0 
596 1 0.0 0.0 0.0 0.0 0.0 0.0 0.0 
597 1 0.0 0.0 0.0 0.0 0.0 0.0 0.0 
598 1 0.0 0.0 0.0 0.0 0.0 0.0 0.0 
599 1 0.0 0.0 0.0 0.0 0.0 0.0 0.0 
600 1 0.0 0.0 0.0 0.0 0.0 0.0 0.0 
601 1 0.0 0.0 0.0 0.0 0.0 0.0 0.0 
602 1 0.0 0.0 0.0 0.0 0.0 0.0 0.0 
603 1 0.0 0.0 0.0 0.0 0.0 0.0 0.0 
604 1 0.0 0.0 0.0 0.0 0.0 0.0 0.0 
605 1 0.0 0.0 0.0 0.0 0.0 0.0 0.0 
606 1 0.0 0.0 0.0 0.0 0.0 0.0 0.0 
607 1 0.0 0.0 0.0 0.0 0.0 0.0 0.0 
608 1 0.0 0.0 0.0 0.0 0.0 0.0 0.0 
609 1 0.0 0.0 0.0 0.0 0.0 0.0 0.0 
610 1 0.0 0.0 0.0 0.0 0.0 0.0 0.0 
611 1 0.0 0.0 0.0 0.0 0.0 0.0 0.0 
612 1 0.0 0.0 0.0 0.0 0.0 0.0 0.0 
613 1 0.0 0.0 0.0 0.0 0.0 0.0 0.0 
614 1 0.0 0.0 0.0 0.0 0.0 0.0 0.0 
615 1 0.0 0.0 0.0 0.0 0.0 0.0 0.0 
616 1 0.0 0.0 0.0 0.0 0.0 0.0 0.0 
