# Cluster list (584 data points):
# "Cluster Identifier" "Cluster Size" "Radius of Gyration" "Gyration Tensor.XX" "Gyration Tensor.YY" "Gyration Tensor.ZZ" "Gyration Tensor.XY" "Gyration Tensor.XZ" "Gyration Tensor.YZ"
1 12 4.5363746143 6.6809929463 11.3457341343 2.5519675609 4.6112233758 1.9155830802 3.4550303513 
2 10 4.2973497622 2.8279074786 8.7977997295 6.8415077709 0.9392507462 -2.1737984591 5.4521559615 
3 9 4.0782582413 2.9542923523 9.9845905951 3.6933073352 2.3050404665 -1.2618578526 -4.0500857625 
4 8 3.7830080595 3.4865221906 2.2475252503 8.5771025371 -1.0879794513 0.5053710829 1.9475539176 
5 8 2.9974465718 1.7494068436 4.8652875837 2.3699915232 -1.4629350564 0.8327919811 0.7747985059 
6 7 3.8887647856 9.2803475698 3.0385821983 2.8035617897 -1.9240427628 -0.8263666692 -1.9341206805 
7 7 2.9751458803 4.4103968312 0.6242715862 3.8168245914 -0.6317227363 2.1630590495 -0.5297314003 
8 6 2.3480777438 2.6830660199 2.6021706178 0.2282324533 -1.5558681179 -0.4478080092 0.2948868656 
9 6 3.3237749201 2.2974255986 4.872363876 3.8776902453 1.0560313788 -1.5015713162 1.8112745777 
10 6 2.4527196587 1.5738044132 1.7069479494 2.7350813617 1.1244465072 1.4146668395 1.2764778169 
11 6 3.7129322938 0.4608590881 1.7036045194 11.6214026107 0.3333847211 0.3564412996 1.9182695573 
12 6 2.304912398 1.6369069093 1.9944289344 1.6812853187 0.4158457481 0.1472194026 0.9052208287 
13 6 2.5923914763 1.0195804392 1.2439559644 4.4569571627 -0.1951075983 0.5451864621 -0.9198992891 
14 5 2.4791109509 0.8896546575 3.2109475923 2.0453888572 -0.2290969554 0.0200390225 0.3048876349 
15 5 2.5656829619 4.0517997983 1.5383612063 0.9925680566 2.1481858451 0.9830710832 0.1380248733 
16 5 2.3120937626 2.1611011943 2.1179042551 1.0667721176 -0.5323877212 0.1418235969 0.2567083393 
17 5 2.7655328414 4.6850888755 1.1103206138 1.8527624075 -0.4586652806 1.680738169 -0.2913913204 
18 5 2.8790234353 0.8155744605 4.6161081788 2.8570933018 -0.7370508814 1.3643453754 -1.7892842743 
19 5 2.6379242115 4.3672339054 1.2339390684 1.3574711719 1.5940059879 -0.7752013794 -0.2468602322 
20 5 2.7326255084 1.826367048 3.055555268 2.5853198532 1.3829384125 1.755914654 0.7571768173 
21 5 3.4139808581 5.8786949074 3.7198576649 2.0567127272 1.9416905767 -3.207361232 -1.5788159472 
22 5 3.2615020745 3.1757444435 0.5364413296 6.9252100091 -1.0726325265 -3.8922116356 0.927103804 
23 5 2.67025226 0.9640477965 2.8047190674 3.3614802683 0.3531036485 -0.7455436856 -2.3186986207 
24 5 2.857213389 3.6723952648 2.0501071559 2.4411659295 2.4831164613 2.423034211 1.3669683258 
25 5 3.2381667292 8.2835801733 1.2996529309 0.902490662 -2.2066096819 -2.0208798544 1.0733643529 
26 5 2.8023596505 4.0896489073 3.4213583061 0.3422123972 -2.0614945946 0.7203242599 -0.7090153321 
27 4 2.8850558964 0.1517733001 4.4069878673 3.764786358 0.4966903795 0.1667959922 3.3097905672 
28 4 2.083086289 1.3525152638 2.3917723313 0.5949608924 -1.2380540803 0.2612233735 0.1498601819 
29 4 2.5387403883 0.3122332169 4.8346295554 1.2983399871 0.3370098506 -0.2831622772 1.7970066413 
30 4 2.6116541699 3.3091081746 1.7406127997 1.7710165289 2.3454532843 0.4705162945 0.062620298 
31 4 2.7203938321 2.0943168805 3.6180770848 1.6881486363 1.0276543149 -0.5219054883 1.7691614741 
32 4 2.7453780653 5.9760342695 1.2572181861 0.3038482656 1.8212587037 -0.0630300773 0.4277777186 
33 4 2.874681142 5.282505672 2.6515345575 0.3297514389 2.7017017211 0.2486078607 -0.503807457 
34 4 2.2416167702 3.2213508792 0.5444829864 1.2590118789 -0.5316054348 0.0240722268 -0.5728022988 
35 4 1.9256128877 1.1759063131 2.1490047283 0.3830739517 -0.1821784891 0.418806857 -0.5149850913 
36 4 2.1624970632 0.4623062839 0.5372266377 3.6768606265 0.2083575249 0.4440238006 0.6814206507 
37 4 2.4503703356 3.0104723884 0.5660121588 2.4278302342 -1.3039481472 0.5943270125 -0.2199708109 
38 4 2.4301079973 0.9623776114 0.0570392965 4.8860079708 0.0688153608 -1.3970265487 -0.190381718 
39 4 2.1690806618 1.3851223044 3.0186065596 0.3011820533 -1.8612355852 0.3481551988 -0.1470773361 
40 4 2.3652256695 1.5405296997 2.0883855825 1.9653771857 0.3310277229 0.6424577284 0.9184225283 
41 4 2.4269070251 0.7279386994 4.2297932021 0.9321458072 -1.3997690499 -0.8148719897 1.3918587087 
42 4 2.4023848495 1.4671510007 2.8106481278 1.4936538365 -0.6077324835 0.6438325605 -0.376254874 
43 4 2.4423000758 0.8908695734 1.3973638121 3.6765962748 0.164918858 0.6593159233 2.1684849171 
44 4 3.4701260456 8.5833014518 1.6850869883 1.7733863322 -3.1561227874 -3.8743480153 1.499795047 
45 4 2.1924830709 2.0739011027 1.1883141485 1.544766765 0.1460017419 0.1616865801 -0.109702809 
46 4 2.3128543366 0.7591929053 2.4146092596 2.1754930177 0.6083316484 -0.3521381374 -1.9863492774 
47 4 2.9172383629 0.2555139709 1.4137112167 6.8410544784 -0.5077024587 1.1388319826 -1.4198334749 
48 4 2.6386708828 3.7635648657 3.0101362103 0.1888829517 3.1685094406 0.0510403298 0.2880462611 
49 4 2.4160339582 1.8313542992 1.7047506876 2.3011151005 -0.9587347726 -2.0248034593 0.7888387697 
50 4 2.3530753908 1.6649705068 1.9391323213 1.9328609665 1.236986604 -1.5740219631 -0.6712356117 
51 4 2.4447884566 2.3642818901 2.6553900415 0.957318666 2.1012026299 -0.5947332627 -0.8857797812 
52 4 2.6894257388 5.9276310469 0.5557522061 0.7496275517 -1.79073963 -2.0309563643 0.6417253394 
53 4 1.9902217164 0.7415495132 0.8959238389 2.3235091285 -0.6809958942 -0.6745478269 0.7496960764 
54 3 1.9883852463 0.4710365535 2.0829496605 1.3996896738 -0.9771518795 0.2585288808 -0.2712059204 
55 3 2.3360348431 1.1204995749 0.9351078138 3.4014513996 0.1883764337 -1.9515924811 -0.2822102688 
56 3 1.8511524173 0.1297653271 0.2280751114 3.0689248337 -0.1560668248 0.5025748167 -0.3915519934 
57 3 1.7497547418 1.2538014688 1.0681907188 0.7396494689 0.9624497421 0.6085176861 0.0845536402 
58 3 2.2952995854 3.1784300108 1.6219463571 0.4680238186 -1.9763520213 -0.2981791378 0.6012940327 
59 3 2.6919895573 2.6536154632 3.090023456 1.5031688574 2.8234147546 -1.8820885425 -1.8822551525 
60 3 1.9875503357 0.3170313027 2.4639539617 1.1693710725 -0.2945880792 0.4232291289 -1.543791479 
61 3 1.8845606845 2.6441335435 0.8999937837 0.0074416466 0.9207279514 0.1357994202 0.0637392626 
62 3 1.6245076108 1.1047168788 0.5490077761 0.9853003228 -0.7653940552 -0.2014372127 0.2727874863 
63 3 1.8454803988 0.2103467673 2.4154692109 0.779981924 0.0304917145 0.3893731724 -0.3213990849 
64 3 2.2323639226 0.7473955337 1.6226590877 2.6133940615 -0.2046184336 -0.585646004 1.9975378323 
65 3 1.9833492614 0.3084479796 1.1797598482 2.4454664651 -0.4926195447 0.0438432781 -1.0491145976 
66 3 1.6231940165 0.6133860884 0.342643454 1.6787292727 1.9933234929e-05 0.5712024137 0.6268732206 
67 3 1.6353705874 0.3639892823 1.6135004849 0.6969471911 0.0941028086 0.5007119855 0.2432999009 
68 3 2.1309570024 0.7291070389 0.2020197648 3.6098509425 0.3801434264 -0.4800002851 -0.1380955122 
69 3 2.4660970015 0.3371592974 3.7921995997 1.9522755238 1.1280502604 -0.5634956444 -1.750346957 
70 3 1.4718272203 0.840212967 1.2441691881 0.0818932112 0.2279816462 -0.2472926581 0.0366809922 
71 3 2.0258070021 2.1164301868 1.8580938006 0.1293700224 -1.9275215514 0.511596687 -0.4901256513 
72 3 2.1172679628 0.0082834603 1.0688709048 3.4056692611 0.0932697528 -0.0074636921 -0.3359899787 
73 3 1.3850135876 0.2502350658 0.787491004 0.880536568 0.3778944496 -0.2487108413 -0.7461530901 
74 3 1.6928971639 1.0077399397 0.4929262423 1.3652346257 0.6802629187 0.5474762649 0.5593288924 
75 3 1.4345550539 0.3462972417 0.4019862837 1.3096646773 -0.3363692168 0.3924859627 -0.1261113041 
76 3 1.6425441915 1.1984835322 0.3104807735 1.1889871153 0.3189915391 1.1937254176 0.3172690343 
77 3 2.065401177 0.2549899189 0.7359906818 3.2749014214 -0.3269163689 0.9060591551 -1.0291579566 
78 3 2.397593364 4.7628557803 0.6852493454 0.3003488134 -1.7654258659 -1.1258493291 0.384813436 
79 3 1.8542621831 1.1959036537 0.3199432894 1.9224413008 0.1377168639 -1.2775308289 0.2646978798 
80 3 2.1822014512 3.054041329 0.0842996999 1.6236621445 -0.1507693123 -1.7094730016 0.3107719704 
81 3 1.730398123 2.2797742855 0.5131259281 0.2013774505 1.0001965681 -0.6716948173 -0.3107588837 
82 3 2.0537798601 1.3027157795 1.0412300668 1.8740658675 0.6177224368 1.5010428158 0.382928189 
83 3 2.5361749594 0.546906381 1.6387008717 4.2465761719 -0.6062451456 1.3436436179 -2.4454596118 
84 3 1.7775601269 1.0682346828 1.5609047827 0.5305805392 -0.7979834313 0.7518452808 -0.5246681827 
85 3 1.6425642655 0.9091483523 1.4996022176 0.2892667964 0.4643110971 0.5097124765 0.3267631822 
86 3 2.1171446802 1.0229761213 0.244724349 3.2146011268 -0.0024722729 -0.5001859457 0.8537473698 
87 3 2.0082296698 1.7438343871 0.3677963596 1.9213556601 0.1148725122 0.4291310538 -0.7804883606 
88 3 1.9749754467 0.3487249786 2.2532034837 1.2985995529 0.6716776697 -0.1029939236 -1.3014647179 
89 3 1.8929038321 1.361533418 0.4173335688 1.8042179309 0.6440762992 0.8824466898 0.7900271332 
90 3 1.4974458894 1.0155663183 0.85540165 0.3713762235 0.4960213984 0.0448992816 -0.4539767431 
91 3 1.8216809437 0.2944826395 0.1672544662 2.8567843551 0.2130938588 -0.4145331322 -0.1276919577 
92 3 2.3163366959 0.0864659457 5.1349934669 0.1439562761 0.4387291631 -0.111478076 -0.5397316432 
93 3 2.288284902 1.0968524118 0.9085952856 3.2308000953 0.2231586858 -1.8211046881 0.0524196423 
94 3 1.8258949041 2.6656684879 0.4288504179 0.239373295 0.5092518369 -0.3924336311 -0.3203517816 
95 3 2.1870260989 0.0664950995 3.5426824911 1.1739055669 0.4419568515 0.115885785 0.0032527335 
96 2 1.368444258 0.1259204219 1.7169666706 0.0297525947 -0.4649743731 -0.0612083269 0.2260181708 
97 2 1.474923446 1.7053439281 0.0010606111 0.4689946325 0.0425288919 0.8943137866 0.0223029347 
98 2 1.4454331413 0.6804988061 1.0224269794 0.3863511804 -0.8341224963 -0.5127489805 0.6285028801 
99 2 1.4579090574 0.0016881539 0.0540004241 2.0698102414 0.0095478285 -0.059111406 -0.3343211493 
100 2 1.3554095318 1.29984215 0.054631421 0.4826614278 -0.2664811884 0.7920755444 -0.162383742 
101 2 1.7040640972 1.6035185399 0.8495317704 0.4507841371 -1.167150352 -0.8502004007 0.6188339406 
102 2 1.4784358232 0.8509915404 0.9409079186 0.3938730244 0.8948210318 -0.5789495762 -0.6087678109 
103 2 1.2295465771 0.0843208219 1.1722408694 0.2552230939 0.3143951552 0.1466990834 0.54697618 
104 2 1.4901003551 0.637843007 0.3520378316 1.2305182296 -0.4738616561 0.8859330944 -0.6581709271 
105 2 1.3095759815 0.9135172874 0.762698829 0.0387731349 -0.834708671 -0.1882018306 0.1719657658 
106 2 1.4781821048 1.33814384 0.150917411 0.695961084 -0.4493875876 0.9650368062 -0.3240874033 
107 2 1.443482959 1.823722874 0.0185888942 0.2413312849 0.184122219 -0.6634164488 -0.0669782182 
108 2 1.2444534914 0.5894077019 0.0468348021 0.9124219884 -0.1661469021 0.7333406762 -0.2067198666 
109 2 1.4999895613 0.6562186809 0.0692701219 1.5244798811 -0.2132049438 1.0001960691 -0.3249629321 
110 2 1.0886539084 0.1150126635 0.501786326 0.5683683427 0.240232766 -0.2556747093 -0.5340406937 
111 2 1.6217557619 0.7579762998 0.3324683336 1.539647118 -0.5019991208 1.0802851593 -0.715460629 
112 2 1.6727367669 0.2203863776 0.3156252709 2.2620366429 0.2637413698 -0.7060609476 -0.8449591281 
113 2 1.0179447397 0.9694194515 0.0639068695 0.0028851722 0.2489027167 0.052886123 0.0135787452 
114 2 1.5907791822 2.0371042331 0.4931677926 3.0638085809e-04 -1.0023144207 0.0249825888 -0.0122921589 
115 2 1.7409373356 1.4711221755 0.0305376772 1.5292029539 -0.2119543679 1.4998814541 -0.2160979086 
116 2 1.5904255686 0.3630004582 0.3870640266 1.7793890046 0.3748391909 -0.8036908758 -0.8299020864 
117 2 1.5132864687 1.3213543894 0.8850251469 0.0836564001 1.0814027292 -0.3324751893 -0.2720992793 
118 2 1.6775924176 0.3331322435 1.5632630326 0.9179210434 0.7216462577 0.5529820038 1.1978948343 
119 2 1.4209030183 1.9556034357 0.0171881318 0.0461738198 0.1833389474 0.3004957248 0.0281716471 
120 2 1.7398276143 1.232562674 1.5581447475 0.236292706 1.3858250454 -0.5396717239 -0.6067769267 
121 2 1.4846636656 0.558236602 0.0753083118 1.5706812861 -0.2050362312 0.9363822851 -0.3439263818 
122 2 1.6723944422 0.5748212197 0.008908736 2.2131732146 0.0715606771 1.1279090951 0.1404157254 
123 2 1.5668159547 0.1948319004 0.3515901106 1.9084902249 -0.2617268985 -0.6097825656 0.8191497355 
124 2 1.3067857364 0.0054134239 1.5388063196 0.1634692173 -0.0912699889 0.0297477422 -0.5015450774 
125 2 1.4464700533 1.4432062429 0.4760178281 0.173051544 -0.8288497459 -0.4997490056 0.2870115331 
126 2 1.0319600674 0.2667904716 0.1047193094 0.6934317998 0.167146983 0.4301174222 0.2694730027 
127 2 0.986214207 0.0025325493 9.2278570173e-04 0.9691631272 -0.001528725 0.04954244 -0.0299053486 
128 2 1.3972555187 0.4624223832 0.565858116 0.9240424853 0.5115324609 0.6536802951 0.7231023025 
129 2 1.2848040602 0.7242218155 0.2895893339 0.6369103237 -0.4579595104 0.6791644506 -0.4294676197 
130 2 1.1636813125 1.335522835 0.0173841093 0.0012472529 -0.1523708465 0.040813413 -0.0046564343 
131 2 1.5538566396 0.2133223137 2.1873451826 0.0138029602 -0.6830882339 0.0542630575 -0.1737579884 
132 2 1.6952597379 1.4873409073 0.5382709637 0.8482937079 -0.8947583046 -1.1232550615 0.6757306206 
133 2 1.0998277666 0.0430754393 0.7882552665 0.3782904104 -0.184267311 -0.1276519707 0.5460672196 
134 2 1.2327093309 0.0428178219 0.1600763794 1.3166780933 0.0827896244 0.2374390198 0.459095918 
135 2 1.5168355043 0.0156058132 0.0722322397 2.2129518941 -0.0335744373 -0.1858357174 0.3998080434 
136 2 1.5876080652 0.3658345026 2.14255256 0.0121123063 -0.8853358967 0.0665665047 -0.1610939255 
137 2 1.5532695134 0.1544907039 2.2141579409 0.0439975365 -0.5848647868 -0.0824451963 0.3121177581 
138 2 1.6367357325 0.500894992 2.0922644895 0.0857443766 1.0237210581 0.2072412334 0.4235562705 
139 2 1.1037109723 0.0026331385 1.0070950026 0.2084497692 -0.0514958307 0.0234281263 -0.458179791 
140 2 0.8980223793 0.7380255413 0.0248620911 0.0435565613 -0.1354579574 0.179292651 -0.0329075553 
141 2 1.5563861449 0.8027056102 1.2849349003 0.3346973214 1.0155906918 -0.5183275197 -0.6557928555 
142 2 1.1294942882 0.0292894556 1.0555553261 0.1909125654 0.1758312853 -0.0747778384 -0.4489084264 
143 2 1.4731049945 0.7396469795 1.4288152907 0.0015760546 -1.0280169814 0.0341427011 -0.047454093 
144 2 1.3280103432 0.4266280765 1.33675087 2.3252515371e-04 0.7551790863 -0.009960008 -0.0176303205 
145 2 0.9638879804 0.50502812 0.0051870255 0.4188648932 -0.051181967 0.4599332011 -0.0466118321 
146 2 0.9296205823 0.1643408784 0.166004202 0.5338493467 -0.1651704464 -0.2961980259 0.297693189 
147 2 1.5644793158 1.1119795181 1.0584667456 0.2771492659 -1.0848932398 0.5551435014 -0.5416209759 
148 2 0.9651614228 0.8286778069 0.0418664676 0.0609922975 0.1862627515 0.2248176223 0.0505324851 
149 2 1.4435234235 0.3252345923 1.517575203 0.240950079 0.702543915 -0.2799380301 -0.6046981602 
150 2 1.2526791514 0.0526073695 1.0590123395 0.4575853473 -0.2360335855 -0.1551527037 0.6961239324 
151 2 1.2840656889 0.0444479707 0.2436815144 1.3606952084 0.1040728053 0.2459271046 0.5758265963 
152 2 1.5188652458 1.5457106095 0.7404731373 0.020767888 1.0698397938 -0.1791679234 -0.124008319 
153 2 1.364094039 0.0379672533 1.8184176437 0.0043676501 0.2627552536 0.0128774096 0.0891190892 
154 2 1.3822586751 0.0375044807 0.4072430002 1.4658915641 0.1235857485 0.2344728169 0.7726409765 
155 2 0.9203451526 0.0075625734 0.6679182383 0.1715543883 -0.0710716588 0.0360193372 -0.3385030351 
156 2 1.1250632299 0.0088553482 1.1887241176 0.0681878056 -0.1025990543 -0.0245728867 0.2847042133 
157 2 0.59762208 0.1986762697 0.1020491536 0.0564267272 -0.1423894138 -0.1058803649 0.0758834617 
158 2 1.089231693 0.8435063851 0.0884958322 0.2544234638 -0.2732156648 0.4632578291 -0.1500513784 
159 2 1.6698299479 0.1081490857 1.7075091063 0.9726738631 -0.4297272956 0.3243359199 -1.2887394922 
160 2 1.4647582964 0.0421572328 0.6311592076 1.4722004267 0.16311936 0.2491262653 0.9639464999 
161 2 1.5757525378 0.0049940648 2.4751599976 0.0028419981 -0.1111805261 0.0037673761 -0.0838713307 
162 2 1.0684313729 0.2693214603 0.1016603453 0.7705637929 0.1654669534 0.4555539112 0.2798853002 
163 2 1.7299548944 0.8054220123 2.1492631898 0.0380587344 -1.3156990094 0.1750809596 -0.2860039105 
164 2 1.3643269689 0.4013519797 1.339229602 0.1208064964 -0.7331455872 0.2201952008 -0.4022283382 
165 2 1.4113207377 1.8892693566 0.0049548508 0.0976020173 0.0967525082 -0.4294141363 -0.0219909853 
166 2 1.0694637516 0.0058624772 0.058581822 1.0793084168 0.0185319885 -0.0795450879 -0.2514514934 
167 2 1.6358594909 0.1428394989 0.0155879479 2.5176088271 -0.0471865942 0.5996782332 -0.198101881 
168 2 1.5587174784 0.9944297376 0.2347743768 1.2003960632 -0.4831838386 -1.0925701543 0.5308693226 
169 2 1.2286453806 0.1895968368 0.1289599049 1.1910127297 -0.1563662049 -0.4751970603 0.3919092858 
170 2 1.361414227 1.8532330888 8.901356432e-05 1.2659511776e-04 -0.0128437877 -0.0153169926 1.0615405154e-04 
171 2 1.6456063822 0.0010621024 1.4560520242 1.2509062386 -0.0393252633 0.0364498355 -1.3495868111 
172 2 1.4848018882 0.0013897157 0.9853633161 1.2178836155 0.0370050653 -0.0411401503 -1.095471514 
173 2 1.5974440072 0.1735950845 1.956846591 0.4213856806 -0.5828369834 -0.2704634593 0.9080678018 
174 2 1.277161725 0.0093600591 1.0370787367 0.584703276 0.0985247089 0.0739787619 0.7787061929 
175 2 1.6043334404 1.9463256233 0.35944792 0.2681122448 -0.8364225588 0.7223806005 -0.3104390257 
176 2 1.4843908041 0.6123962212 0.5755510056 1.0154688325 -0.5936878481 -0.7885868854 0.7644959828 
177 2 1.7120179343 1.0958753836 1.5688555365 0.2662744874 1.3112094275 -0.5401885375 -0.6463328893 
178 2 1.4871680864 0.0885670556 0.9063233347 1.2167785269 0.2833202943 0.3282780702 1.0501403583 
179 2 1.3616153554 1.3195965889 0.4435209202 0.090878867 0.7650285573 0.3462996433 0.2007652329 
180 2 1.3692873399 1.2768226689 0.5322287716 0.0658963788 -0.8243553606 -0.2900654931 0.1872750618 
181 2 1.3970476195 0.3641118711 0.2862719061 1.3013582741 0.3228544554 -0.6883603679 -0.6103624444 
182 2 1.3957623164 1.3423138435 0.4344449409 0.1713936595 -0.763650089 0.4796499576 -0.2728756279 
183 2 0.9763728643 0.4335697563 0.5196095854 1.2462845552e-04 0.4746440785 0.0073508591 0.0080472443 
184 2 1.1873359227 0.0293913893 0.5322124217 0.8481627822 -0.1250698304 -0.1578881963 0.6718651415 
185 2 1.5454239541 0.2230659885 2.1488570548 0.0164121547 -0.692341623 0.0605061443 -0.1877960978 
186 2 1.6831888755 2.0744146064 0.7417514311 0.0169587532 1.2404434703 -0.1875619505 -0.112156941 
187 2 1.1959871386 1.3166928665 8.1014008174e-05 0.1136113552 0.0103281444 -0.3867702948 -0.0030338278 
188 2 1.4182329148 1.3334753451 0.6447775597 0.0331316958 0.927251303 0.2101911023 0.1461594128 
189 2 1.6975569276 0.0435557652 2.6564884494 0.181655308 -0.3401549456 -0.0889501879 0.6946691497 
190 2 1.5353430582 0.1445218778 0.9916186261 1.2211378024 -0.3785638466 0.4200965702 -1.1004103734 
191 2 1.7066166743 2.8642483537 0.0179182102 0.0303739089 0.2265440446 0.2949549432 0.0233290824 
192 2 1.3360155892 1.0818984795 0.4803333764 0.2227057987 -0.7208827571 -0.4908615538 0.3270673145 
193 2 1.0833082443 1.1214810323 0.0506947185 0.0013810014 -0.2384390179 -0.0393543755 0.0083671666 
194 2 1.0848704822 0.0850701862 0.1706746611 0.9211991159 0.1204961626 0.2799403156 0.3965165153 
195 2 1.1834664575 0.0341405212 0.112356051 1.2540962838 -0.0619345956 0.2069190681 -0.3753735552 
196 2 1.6079000461 0.0388471583 0.1389505937 2.4075448063 -0.0734699647 0.3058206569 -0.5783854944 
197 2 1.4666888823 2.1075553347 0.0216921644 0.0219287783 -0.2138163622 0.2149793332 -0.0218101505 
198 2 1.3089058403 0.121394021 1.5190822971 0.0727581806 0.4294269533 0.0939808922 0.332454003 
199 2 1.4714764634 0.755928538 1.041286323 0.3680281215 -0.8872080071 -0.5274494855 0.6190497955 
200 2 1.3947866341 0.8871724941 1.0331151432 0.0251421172 -0.9573668776 0.1493499074 -0.1611666902 
201 2 1.2330830564 0.8127679972 0.1827707316 0.5249550953 -0.3854221082 0.6531972913 -0.3097522023 
202 2 1.6160646427 0.4291595866 0.0422512742 2.1402540684 -0.1346571178 0.9583895613 -0.3007132547 
203 2 1.5703548921 0.1949868406 0.3985805961 1.8724470504 -0.278779431 -0.604237151 0.8638987565 
204 2 1.046461477 0.9131420143 0.0158905248 0.1660490839 -0.1204587307 -0.3893923406 0.0513673737 
205 2 0.9900582842 0.0435239259 0.5223078681 0.4143836122 -0.150774298 -0.1342966925 0.4652266341 
206 2 1.2205042578 0.8830385684 0.0214951276 0.5850969472 -0.137771647 0.7187928566 -0.1121460367 
207 2 1.6119748696 1.0558996339 0.5577970514 0.9847662949 -0.7674488272 1.0197128862 -0.7411475802 
208 2 1.4939568386 0.6088653325 0.9204615091 0.7025801941 -0.7486234719 0.654046423 -0.80417537 
209 2 1.2333257897 1.3422585985 0.1756487144 0.0031851905 -0.4855574088 0.065386156 -0.0236532159 
210 2 1.4654776095 0.6322798925 0.9725214993 0.5428232321 0.784159288 0.5858465796 0.72657227 
211 1 0.0 0.0 0.0 0.0 0.0 0.0 0.0 
212 1 0.0 0.0 0.0 0.0 0.0 0.0 0.0 
213 1 0.0 0.0 0.0 0.0 0.0 0.0 0.0 
214 1 0.0 0.0 0.0 0.0 0.0 0.0 0.0 
215 1 0.0 0.0 0.0 0.0 0.0 0.0 0.0 
216 1 0.0 0.0 0.0 0.0 0.0 0.0 0.0 
217 1 0.0 0.0 0.0 0.0 0.0 0.0 0.0 
218 1 0.0 0.0 0.0 0.0 0.0 0.0 0.0 
219 1 0.0 0.0 0.0 0.0 0.0 0.0 0.0 
220 1 0.0 0.0 0.0 0.0 0.0 0.0 0.0 
221 1 0.0 0.0 0.0 0.0 0.0 0.0 0.0 
222 1 0.0 0.0 0.0 0.0 0.0 0.0 0.0 
223 1 0.0 0.0 0.0 0.0 0.0 0.0 0.0 
224 1 0.0 0.0 0.0 0.0 0.0 0.0 0.0 
225 1 0.0 0.0 0.0 0.0 0.0 0.0 0.0 
226 1 0.0 0.0 0.0 0.0 0.0 0.0 0.0 
227 1 0.0 0.0 0.0 0.0 0.0 0.0 0.0 
228 1 0.0 0.0 0.0 0.0 0.0 0.0 0.0 
229 1 0.0 0.0 0.0 0.0 0.0 0.0 0.0 
230 1 0.0 0.0 0.0 0.0 0.0 0.0 0.0 
231 1 0.0 0.0 0.0 0.0 0.0 0.0 0.0 
232 1 0.0 0.0 0.0 0.0 0.0 0.0 0.0 
233 1 0.0 0.0 0.0 0.0 0.0 0.0 0.0 
234 1 0.0 0.0 0.0 0.0 0.0 0.0 0.0 
235 1 0.0 0.0 0.0 0.0 0.0 0.0 0.0 
236 1 0.0 0.0 0.0 0.0 0.0 0.0 0.0 
237 1 0.0 0.0 0.0 0.0 0.0 0.0 0.0 
238 1 0.0 0.0 0.0 0.0 0.0 0.0 0.0 
239 1 0.0 0.0 0.0 0.0 0.0 0.0 0.0 
240 1 0.0 0.0 0.0 0.0 0.0 0.0 0.0 
241 1 0.0 0.0 0.0 0.0 0.0 0.0 0.0 
242 1 0.0 0.0 0.0 0.0 0.0 0.0 0.0 
243 1 0.0 0.0 0.0 0.0 0.0 0.0 0.0 
244 1 0.0 0.0 0.0 0.0 0.0 0.0 0.0 
245 1 0.0 0.0 0.0 0.0 0.0 0.0 0.0 
246 1 0.0 0.0 0.0 0.0 0.0 0.0 0.0 
247 1 0.0 0.0 0.0 0.0 0.0 0.0 0.0 
248 1 0.0 0.0 0.0 0.0 0.0 0.0 0.0 
249 1 0.0 0.0 0.0 0.0 0.0 0.0 0.0 
250 1 0.0 0.0 0.0 0.0 0.0 0.0 0.0 
251 1 0.0 0.0 0.0 0.0 0.0 0.0 0.0 
252 1 0.0 0.0 0.0 0.0 0.0 0.0 0.0 
253 1 0.0 0.0 0.0 0.0 0.0 0.0 0.0 
254 1 0.0 0.0 0.0 0.0 0.0 0.0 0.0 
255 1 0.0 0.0 0.0 0.0 0.0 0.0 0.0 
256 1 0.0 0.0 0.0 0.0 0.0 0.0 0.0 
257 1 0.0 0.0 0.0 0.0 0.0 0.0 0.0 
258 1 0.0 0.0 0.0 0.0 0.0 0.0 0.0 
259 1 0.0 0.0 0.0 0.0 0.0 0.0 0.0 
260 1 0.0 0.0 0.0 0.0 0.0 0.0 0.0 
261 1 0.0 0.0 0.0 0.0 0.0 0.0 0.0 
262 1 0.0 0.0 0.0 0.0 0.0 0.0 0.0 
263 1 0.0 0.0 0.0 0.0 0.0 0.0 0.0 
264 1 0.0 0.0 0.0 0.0 0.0 0.0 0.0 
265 1 0.0 0.0 0.0 0.0 0.0 0.0 0.0 
266 1 0.0 0.0 0.0 0.0 0.0 0.0 0.0 
267 1 0.0 0.0 0.0 0.0 0.0 0.0 0.0 
268 1 0.0 0.0 0.0 0.0 0.0 0.0 0.0 
269 1 0.0 0.0 0.0 0.0 0.0 0.0 0.0 
270 1 0.0 0.0 0.0 0.0 0.0 0.0 0.0 
271 1 0.0 0.0 0.0 0.0 0.0 0.0 0.0 
272 1 0.0 0.0 0.0 0.0 0.0 0.0 0.0 
273 1 0.0 0.0 0.0 0.0 0.0 0.0 0.0 
274 1 0.0 0.0 0.0 0.0 0.0 0.0 0.0 
275 1 0.0 0.0 0.0 0.0 0.0 0.0 0.0 
276 1 0.0 0.0 0.0 0.0 0.0 0.0 0.0 
277 1 0.0 0.0 0.0 0.0 0.0 0.0 0.0 
278 1 0.0 0.0 0.0 0.0 0.0 0.0 0.0 
279 1 0.0 0.0 0.0 0.0 0.0 0.0 0.0 
280 1 0.0 0.0 0.0 0.0 0.0 0.0 0.0 
281 1 0.0 0.0 0.0 0.0 0.0 0.0 0.0 
282 1 0.0 0.0 0.0 0.0 0.0 0.0 0.0 
283 1 0.0 0.0 0.0 0.0 0.0 0.0 0.0 
284 1 0.0 0.0 0.0 0.0 0.0 0.0 0.0 
285 1 0.0 0.0 0.0 0.0 0.0 0.0 0.0 
286 1 0.0 0.0 0.0 0.0 0.0 0.0 0.0 
287 1 0.0 0.0 0.0 0.0 0.0 0.0 0.0 
288 1 0.0 0.0 0.0 0.0 0.0 0.0 0.0 
289 1 0.0 0.0 0.0 0.0 0.0 0.0 0.0 
290 1 0.0 0.0 0.0 0.0 0.0 0.0 0.0 
291 1 0.0 0.0 0.0 0.0 0.0 0.0 0.0 
292 1 0.0 0.0 0.0 0.0 0.0 0.0 0.0 
293 1 0.0 0.0 0.0 0.0 0.0 0.0 0.0 
294 1 0.0 0.0 0.0 0.0 0.0 0.0 0.0 
295 1 0.0 0.0 0.0 0.0 0.0 0.0 0.0 
296 1 0.0 0.0 0.0 0.0 0.0 0.0 0.0 
297 1 0.0 0.0 0.0 0.0 0.0 0.0 0.0 
298 1 0.0 0.0 0.0 0.0 0.0 0.0 0.0 
299 1 0.0 0.0 0.0 0.0 0.0 0.0 0.0 
300 1 0.0 0.0 0.0 0.0 0.0 0.0 0.0 
301 1 0.0 0.0 0.0 0.0 0.0 0.0 0.0 
302 1 0.0 0.0 0.0 0.0 0.0 0.0 0.0 
303 1 0.0 0.0 0.0 0.0 0.0 0.0 0.0 
304 1 0.0 0.0 0.0 0.0 0.0 0.0 0.0 
305 1 0.0 0.0 0.0 0.0 0.0 0.0 0.0 
306 1 0.0 0.0 0.0 0.0 0.0 0.0 0.0 
307 1 0.0 0.0 0.0 0.0 0.0 0.0 0.0 
308 1 0.0 0.0 0.0 0.0 0.0 0.0 0.0 
309 1 0.0 0.0 0.0 0.0 0.0 0.0 0.0 
310 1 0.0 0.0 0.0 0.0 0.0 0.0 0.0 
311 1 0.0 0.0 0.0 0.0 0.0 0.0 0.0 
312 1 0.0 0.0 0.0 0.0 0.0 0.0 0.0 
313 1 0.0 0.0 0.0 0.0 0.0 0.0 0.0 
314 1 0.0 0.0 0.0 0.0 0.0 0.0 0.0 
315 1 0.0 0.0 0.0 0.0 0.0 0.0 0.0 
316 1 0.0 0.0 0.0 0.0 0.0 0.0 0.0 
317 1 0.0 0.0 0.0 0.0 0.0 0.0 0.0 
318 1 0.0 0.0 0.0 0.0 0.0 0.0 0.0 
319 1 0.0 0.0 0.0 0.0 0.0 0.0 0.0 
320 1 0.0 0.0 0.0 0.0 0.0 0.0 0.0 
321 1 0.0 0.0 0.0 0.0 0.0 0.0 0.0 
322 1 0.0 0.0 0.0 0.0 0.0 0.0 0.0 
323 1 0.0 0.0 0.0 0.0 0.0 0.0 0.0 
324 1 0.0 0.0 0.0 0.0 0.0 0.0 0.0 
325 1 0.0 0.0 0.0 0.0 0.0 0.0 0.0 
326 1 0.0 0.0 0.0 0.0 0.0 0.0 0.0 
327 1 0.0 0.0 0.0 0.0 0.0 0.0 0.0 
328 1 0.0 0.0 0.0 0.0 0.0 0.0 0.0 
329 1 0.0 0.0 0.0 0.0 0.0 0.0 0.0 
330 1 0.0 0.0 0.0 0.0 0.0 0.0 0.0 
331 1 0.0 0.0 0.0 0.0 0.0 0.0 0.0 
332 1 0.0 0.0 0.0 0.0 0.0 0.0 0.0 
333 1 0.0 0.0 0.0 0.0 0.0 0.0 0.0 
334 1 0.0 0.0 0.0 0.0 0.0 0.0 0.0 
335 1 0.0 0.0 0.0 0.0 0.0 0.0 0.0 
336 1 0.0 0.0 0.0 0.0 0.0 0.0 0.0 
337 1 0.0 0.0 0.0 0.0 0.0 0.0 0.0 
338 1 0.0 0.0 0.0 0.0 0.0 0.0 0.0 
339 1 0.0 0.0 0.0 0.0 0.0 0.0 0.0 
340 1 0.0 0.0 0.0 0.0 0.0 0.0 0.0 
341 1 0.0 0.0 0.0 0.0 0.0 0.0 0.0 
342 1 0.0 0.0 0.0 0.0 0.0 0.0 0.0 
343 1 0.0 0.0 0.0 0.0 0.0 0.0 0.0 
344 1 0.0 0.0 0.0 0.0 0.0 0.0 0.0 
345 1 0.0 0.0 0.0 0.0 0.0 0.0 0.0 
346 1 0.0 0.0 0.0 0.0 0.0 0.0 0.0 
347 1 0.0 0.0 0.0 0.0 0.0 0.0 0.0 
348 1 0.0 0.0 0.0 0.0 0.0 0.0 0.0 
349 1 0.0 0.0 0.0 0.0 0.0 0.0 0.0 
350 1 0.0 0.0 0.0 0.0 0.0 0.0 0.0 
351 1 0.0 0.0 0.0 0.0 0.0 0.0 0.0 
352 1 0.0 0.0 0.0 0.0 0.0 0.0 0.0 
353 1 0.0 0.0 0.0 0.0 0.0 0.0 0.0 
354 1 0.0 0.0 0.0 0.0 0.0 0.0 0.0 
355 1 0.0 0.0 0.0 0.0 0.0 0.0 0.0 
356 1 0.0 0.0 0.0 0.0 0.0 0.0 0.0 
357 1 0.0 0.0 0.0 0.0 0.0 0.0 0.0 
358 1 0.0 0.0 0.0 0.0 0.0 0.0 0.0 
359 1 0.0 0.0 0.0 0.0 0.0 0.0 0.0 
360 1 0.0 0.0 0.0 0.0 0.0 0.0 0.0 
361 1 0.0 0.0 0.0 0.0 0.0 0.0 0.0 
362 1 0.0 0.0 0.0 0.0 0.0 0.0 0.0 
363 1 0.0 0.0 0.0 0.0 0.0 0.0 0.0 
364 1 0.0 0.0 0.0 0.0 0.0 0.0 0.0 
365 1 0.0 0.0 0.0 0.0 0.0 0.0 0.0 
366 1 0.0 0.0 0.0 0.0 0.0 0.0 0.0 
367 1 0.0 0.0 0.0 0.0 0.0 0.0 0.0 
368 1 0.0 0.0 0.0 0.0 0.0 0.0 0.0 
369 1 0.0 0.0 0.0 0.0 0.0 0.0 0.0 
370 1 0.0 0.0 0.0 0.0 0.0 0.0 0.0 
371 1 0.0 0.0 0.0 0.0 0.0 0.0 0.0 
372 1 0.0 0.0 0.0 0.0 0.0 0.0 0.0 
373 1 0.0 0.0 0.0 0.0 0.0 0.0 0.0 
374 1 0.0 0.0 0.0 0.0 0.0 0.0 0.0 
375 1 0.0 0.0 0.0 0.0 0.0 0.0 0.0 
376 1 0.0 0.0 0.0 0.0 0.0 0.0 0.0 
377 1 0.0 0.0 0.0 0.0 0.0 0.0 0.0 
378 1 0.0 0.0 0.0 0.0 0.0 0.0 0.0 
379 1 0.0 0.0 0.0 0.0 0.0 0.0 0.0 
380 1 0.0 0.0 0.0 0.0 0.0 0.0 0.0 
381 1 0.0 0.0 0.0 0.0 0.0 0.0 0.0 
382 1 0.0 0.0 0.0 0.0 0.0 0.0 0.0 
383 1 0.0 0.0 0.0 0.0 0.0 0.0 0.0 
384 1 0.0 0.0 0.0 0.0 0.0 0.0 0.0 
385 1 0.0 0.0 0.0 0.0 0.0 0.0 0.0 
386 1 0.0 0.0 0.0 0.0 0.0 0.0 0.0 
387 1 0.0 0.0 0.0 0.0 0.0 0.0 0.0 
388 1 0.0 0.0 0.0 0.0 0.0 0.0 0.0 
389 1 0.0 0.0 0.0 0.0 0.0 0.0 0.0 
390 1 0.0 0.0 0.0 0.0 0.0 0.0 0.0 
391 1 0.0 0.0 0.0 0.0 0.0 0.0 0.0 
392 1 0.0 0.0 0.0 0.0 0.0 0.0 0.0 
393 1 0.0 0.0 0.0 0.0 0.0 0.0 0.0 
394 1 0.0 0.0 0.0 0.0 0.0 0.0 0.0 
395 1 0.0 0.0 0.0 0.0 0.0 0.0 0.0 
396 1 0.0 0.0 0.0 0.0 0.0 0.0 0.0 
397 1 0.0 0.0 0.0 0.0 0.0 0.0 0.0 
398 1 0.0 0.0 0.0 0.0 0.0 0.0 0.0 
399 1 0.0 0.0 0.0 0.0 0.0 0.0 0.0 
400 1 0.0 0.0 0.0 0.0 0.0 0.0 0.0 
401 1 0.0 0.0 0.0 0.0 0.0 0.0 0.0 
402 1 0.0 0.0 0.0 0.0 0.0 0.0 0.0 
403 1 0.0 0.0 0.0 0.0 0.0 0.0 0.0 
404 1 0.0 0.0 0.0 0.0 0.0 0.0 0.0 
405 1 0.0 0.0 0.0 0.0 0.0 0.0 0.0 
406 1 0.0 0.0 0.0 0.0 0.0 0.0 0.0 
407 1 0.0 0.0 0.0 0.0 0.0 0.0 0.0 
408 1 0.0 0.0 0.0 0.0 0.0 0.0 0.0 
409 1 0.0 0.0 0.0 0.0 0.0 0.0 0.0 
410 1 0.0 0.0 0.0 0.0 0.0 0.0 0.0 
411 1 0.0 0.0 0.0 0.0 0.0 0.0 0.0 
412 1 0.0 0.0 0.0 0.0 0.0 0.0 0.0 
413 1 0.0 0.0 0.0 0.0 0.0 0.0 0.0 
414 1 0.0 0.0 0.0 0.0 0.0 0.0 0.0 
415 1 0.0 0.0 0.0 0.0 0.0 0.0 0.0 
416 1 0.0 0.0 0.0 0.0 0.0 0.0 0.0 
417 1 0.0 0.0 0.0 0.0 0.0 0.0 0.0 
418 1 0.0 0.0 0.0 0.0 0.0 0.0 0.0 
419 1 0.0 0.0 0.0 0.0 0.0 0.0 0.0 
420 1 0.0 0.0 0.0 0.0 0.0 0.0 0.0 
421 1 0.0 0.0 0.0 0.0 0.0 0.0 0.0 
422 1 0.0 0.0 0.0 0.0 0.0 0.0 0.0 
423 1 0.0 0.0 0.0 0.0 0.0 0.0 0.0 
424 1 0.0 0.0 0.0 0.0 0.0 0.0 0.0 
425 1 0.0 0.0 0.0 0.0 0.0 0.0 0.0 
426 1 0.0 0.0 0.0 0.0 0.0 0.0 0.0 
427 1 0.0 0.0 0.0 0.0 0.0 0.0 0.0 
428 1 0.0 0.0 0.0 0.0 0.0 0.0 0.0 
429 1 0.0 0.0 0.0 0.0 0.0 0.0 0.0 
430 1 0.0 0.0 0.0 0.0 0.0 0.0 0.0 
431 1 0.0 0.0 0.0 0.0 0.0 0.0 0.0 
432 1 0.0 0.0 0.0 0.0 0.0 0.0 0.0 
433 1 0.0 0.0 0.0 0.0 0.0 0.0 0.0 
434 1 0.0 0.0 0.0 0.0 0.0 0.0 0.0 
435 1 0.0 0.0 0.0 0.0 0.0 0.0 0.0 
436 1 0.0 0.0 0.0 0.0 0.0 0.0 0.0 
437 1 0.0 0.0 0.0 0.0 0.0 0.0 0.0 
438 1 0.0 0.0 0.0 0.0 0.0 0.0 0.0 
439 1 0.0 0.0 0.0 0.0 0.0 0.0 0.0 
440 1 0.0 0.0 0.0 0.0 0.0 0.0 0.0 
441 1 0.0 0.0 0.0 0.0 0.0 0.0 0.0 
442 1 0.0 0.0 0.0 0.0 0.0 0.0 0.0 
443 1 0.0 0.0 0.0 0.0 0.0 0.0 0.0 
444 1 0.0 0.0 0.0 0.0 0.0 0.0 0.0 
445 1 0.0 0.0 0.0 0.0 0.0 0.0 0.0 
446 1 0.0 0.0 0.0 0.0 0.0 0.0 0.0 
447 1 0.0 0.0 0.0 0.0 0.0 0.0 0.0 
448 1 0.0 0.0 0.0 0.0 0.0 0.0 0.0 
449 1 0.0 0.0 0.0 0.0 0.0 0.0 0.0 
450 1 0.0 0.0 0.0 0.0 0.0 0.0 0.0 
451 1 0.0 0.0 0.0 0.0 0.0 0.0 0.0 
452 1 0.0 0.0 0.0 0.0 0.0 0.0 0.0 
453 1 0.0 0.0 0.0 0.0 0.0 0.0 0.0 
454 1 0.0 0.0 0.0 0.0 0.0 0.0 0.0 
455 1 0.0 0.0 0.0 0.0 0.0 0.0 0.0 
456 1 0.0 0.0 0.0 0.0 0.0 0.0 0.0 
457 1 0.0 0.0 0.0 0.0 0.0 0.0 0.0 
458 1 0.0 0.0 0.0 0.0 0.0 0.0 0.0 
459 1 0.0 0.0 0.0 0.0 0.0 0.0 0.0 
460 1 0.0 0.0 0.0 0.0 0.0 0.0 0.0 
461 1 0.0 0.0 0.0 0.0 0.0 0.0 0.0 
462 1 0.0 0.0 0.0 0.0 0.0 0.0 0.0 
463 1 0.0 0.0 0.0 0.0 0.0 0.0 0.0 
464 1 0.0 0.0 0.0 0.0 0.0 0.0 0.0 
465 1 0.0 0.0 0.0 0.0 0.0 0.0 0.0 
466 1 0.0 0.0 0.0 0.0 0.0 0.0 0.0 
467 1 0.0 0.0 0.0 0.0 0.0 0.0 0.0 
468 1 0.0 0.0 0.0 0.0 0.0 0.0 0.0 
469 1 0.0 0.0 0.0 0.0 0.0 0.0 0.0 
470 1 0.0 0.0 0.0 0.0 0.0 0.0 0.0 
471 1 0.0 0.0 0.0 0.0 0.0 0.0 0.0 
472 1 0.0 0.0 0.0 0.0 0.0 0.0 0.0 
473 1 0.0 0.0 0.0 0.0 0.0 0.0 0.0 
474 1 0.0 0.0 0.0 0.0 0.0 0.0 0.0 
475 1 0.0 0.0 0.0 0.0 0.0 0.0 0.0 
476 1 0.0 0.0 0.0 0.0 0.0 0.0 0.0 
477 1 0.0 0.0 0.0 0.0 0.0 0.0 0.0 
478 1 0.0 0.0 0.0 0.0 0.0 0.0 0.0 
479 1 0.0 0.0 0.0 0.0 0.0 0.0 0.0 
480 1 0.0 0.0 0.0 0.0 0.0 0.0 0.0 
481 1 0.0 0.0 0.0 0.0 0.0 0.0 0.0 
482 1 0.0 0.0 0.0 0.0 0.0 0.0 0.0 
483 1 0.0 0.0 0.0 0.0 0.0 0.0 0.0 
484 1 0.0 0.0 0.0 0.0 0.0 0.0 0.0 
485 1 0.0 0.0 0.0 0.0 0.0 0.0 0.0 
486 1 0.0 0.0 0.0 0.0 0.0 0.0 0.0 
487 1 0.0 0.0 0.0 0.0 0.0 0.0 0.0 
488 1 0.0 0.0 0.0 0.0 0.0 0.0 0.0 
489 1 0.0 0.0 0.0 0.0 0.0 0.0 0.0 
490 1 0.0 0.0 0.0 0.0 0.0 0.0 0.0 
491 1 0.0 0.0 0.0 0.0 0.0 0.0 0.0 
492 1 0.0 0.0 0.0 0.0 0.0 0.0 0.0 
493 1 0.0 0.0 0.0 0.0 0.0 0.0 0.0 
494 1 0.0 0.0 0.0 0.0 0.0 0.0 0.0 
495 1 0.0 0.0 0.0 0.0 0.0 0.0 0.0 
496 1 0.0 0.0 0.0 0.0 0.0 0.0 0.0 
497 1 0.0 0.0 0.0 0.0 0.0 0.0 0.0 
498 1 0.0 0.0 0.0 0.0 0.0 0.0 0.0 
499 1 0.0 0.0 0.0 0.0 0.0 0.0 0.0 
500 1 0.0 0.0 0.0 0.0 0.0 0.0 0.0 
501 1 0.0 0.0 0.0 0.0 0.0 0.0 0.0 
502 1 0.0 0.0 0.0 0.0 0.0 0.0 0.0 
503 1 0.0 0.0 0.0 0.0 0.0 0.0 0.0 
504 1 0.0 0.0 0.0 0.0 0.0 0.0 0.0 
505 1 0.0 0.0 0.0 0.0 0.0 0.0 0.0 
506 1 0.0 0.0 0.0 0.0 0.0 0.0 0.0 
507 1 0.0 0.0 0.0 0.0 0.0 0.0 0.0 
508 1 0.0 0.0 0.0 0.0 0.0 0.0 0.0 
509 1 0.0 0.0 0.0 0.0 0.0 0.0 0.0 
510 1 0.0 0.0 0.0 0.0 0.0 0.0 0.0 
511 1 0.0 0.0 0.0 0.0 0.0 0.0 0.0 
512 1 0.0 0.0 0.0 0.0 0.0 0.0 0.0 
513 1 0.0 0.0 0.0 0.0 0.0 0.0 0.0 
514 1 0.0 0.0 0.0 0.0 0.0 0.0 0.0 
515 1 0.0 0.0 0.0 0.0 0.0 0.0 0.0 
516 1 0.0 0.0 0.0 0.0 0.0 0.0 0.0 
517 1 0.0 0.0 0.0 0.0 0.0 0.0 0.0 
518 1 0.0 0.0 0.0 0.0 0.0 0.0 0.0 
519 1 0.0 0.0 0.0 0.0 0.0 0.0 0.0 
520 1 0.0 0.0 0.0 0.0 0.0 0.0 0.0 
521 1 0.0 0.0 0.0 0.0 0.0 0.0 0.0 
522 1 0.0 0.0 0.0 0.0 0.0 0.0 0.0 
523 1 0.0 0.0 0.0 0.0 0.0 0.0 0.0 
524 1 0.0 0.0 0.0 0.0 0.0 0.0 0.0 
525 1 0.0 0.0 0.0 0.0 0.0 0.0 0.0 
526 1 0.0 0.0 0.0 0.0 0.0 0.0 0.0 
527 1 0.0 0.0 0.0 0.0 0.0 0.0 0.0 
528 1 0.0 0.0 0.0 0.0 0.0 0.0 0.0 
529 1 0.0 0.0 0.0 0.0 0.0 0.0 0.0 
530 1 0.0 0.0 0.0 0.0 0.0 0.0 0.0 
531 1 0.0 0.0 0.0 0.0 0.0 0.0 0.0 
532 1 0.0 0.0 0.0 0.0 0.0 0.0 0.0 
533 1 0.0 0.0 0.0 0.0 0.0 0.0 0.0 
534 1 0.0 0.0 0.0 0.0 0.0 0.0 0.0 
535 1 0.0 0.0 0.0 0.0 0.0 0.0 0.0 
536 1 0.0 0.0 0.0 0.0 0.0 0.0 0.0 
537 1 0.0 0.0 0.0 0.0 0.0 0.0 0.0 
538 1 0.0 0.0 0.0 0.0 0.0 0.0 0.0 
539 1 0.0 0.0 0.0 0.0 0.0 0.0 0.0 
540 1 0.0 0.0 0.0 0.0 0.0 0.0 0.0 
541 1 0.0 0.0 0.0 0.0 0.0 0.0 0.0 
542 1 0.0 0.0 0.0 0.0 0.0 0.0 0.0 
543 1 0.0 0.0 0.0 0.0 0.0 0.0 0.0 
544 1 0.0 0.0 0.0 0.0 0.0 0.0 0.0 
545 1 0.0 0.0 0.0 0.0 0.0 0.0 0.0 
546 1 0.0 0.0 0.0 0.0 0.0 0.0 0.0 
547 1 0.0 0.0 0.0 0.0 0.0 0.0 0.0 
548 1 0.0 0.0 0.0 0.0 0.0 0.0 0.0 
549 1 0.0 0.0 0.0 0.0 0.0 0.0 0.0 
550 1 0.0 0.0 0.0 0.0 0.0 0.0 0.0 
551 1 0.0 0.0 0.0 0.0 0.0 0.0 0.0 
552 1 0.0 0.0 0.0 0.0 0.0 0.0 0.0 
553 1 0.0 0.0 0.0 0.0 0.0 0.0 0.0 
554 1 0.0 0.0 0.0 0.0 0.0 0.0 0.0 
555 1 0.0 0.0 0.0 0.0 0.0 0.0 0.0 
556 1 0.0 0.0 0.0 0.0 0.0 0.0 0.0 
557 1 0.0 0.0 0.0 0.0 0.0 0.0 0.0 
558 1 0.0 0.0 0.0 0.0 0.0 0.0 0.0 
559 1 0.0 0.0 0.0 0.0 0.0 0.0 0.0 
560 1 0.0 0.0 0.0 0.0 0.0 0.0 0.0 
561 1 0.0 0.0 0.0 0.0 0.0 0.0 0.0 
562 1 0.0 0.0 0.0 0.0 0.0 0.0 0.0 
563 1 0.0 0.0 0.0 0.0 0.0 0.0 0.0 
564 1 0.0 0.0 0.0 0.0 0.0 0.0 0.0 
565 1 0.0 0.0 0.0 0.0 0.0 0.0 0.0 
566 1 0.0 0.0 0.0 0.0 0.0 0.0 0.0 
567 1 0.0 0.0 0.0 0.0 0.0 0.0 0.0 
568 1 0.0 0.0 0.0 0.0 0.0 0.0 0.0 
569 1 0.0 0.0 0.0 0.0 0.0 0.0 0.0 
570 1 0.0 0.0 0.0 0.0 0.0 0.0 0.0 
571 1 0.0 0.0 0.0 0.0 0.0 0.0 0.0 
572 1 0.0 0.0 0.0 0.0 0.0 0.0 0.0 
573 1 0.0 0.0 0.0 0.0 0.0 0.0 0.0 
574 1 0.0 0.0 0.0 0.0 0.0 0.0 0.0 
575 1 0.0 0.0 0.0 0.0 0.0 0.0 0.0 
576 1 0.0 0.0 0.0 0.0 0.0 0.0 0.0 
577 1 0.0 0.0 0.0 0.0 0.0 0.0 0.0 
578 1 0.0 0.0 0.0 0.0 0.0 0.0 0.0 
579 1 0.0 0.0 0.0 0.0 0.0 0.0 0.0 
580 1 0.0 0.0 0.0 0.0 0.0 0.0 0.0 
581 1 0.0 0.0 0.0 0.0 0.0 0.0 0.0 
582 1 0.0 0.0 0.0 0.0 0.0 0.0 0.0 
583 1 0.0 0.0 0.0 0.0 0.0 0.0 0.0 
584 1 0.0 0.0 0.0 0.0 0.0 0.0 0.0 
