# Cluster list (76 data points):
# "Cluster Identifier" "Cluster Size" "Radius of Gyration" "Gyration Tensor.XX" "Gyration Tensor.YY" "Gyration Tensor.ZZ" "Gyration Tensor.XY" "Gyration Tensor.XZ" "Gyration Tensor.YZ"
1 53 3.4825560705 4.2523062043 3.55289674 4.3229938398 -0.4789153913 -0.9197216417 0.1849456326 
2 40 3.1809384228 4.2652669822 2.8788615604 2.9742407072 -0.0233373971 0.034801585 0.0517258915 
3 39 3.1910940215 2.6305992782 3.2772054746 4.2752763013 -0.1196290295 -0.0287342958 0.874678195 
4 37 3.0723824406 3.4653854627 2.8898625463 3.0842858525 0.5363695862 -0.4382453218 -0.1928421207 
5 35 3.0331640565 2.7722883823 2.3865300086 4.0412658026 -0.0497149008 0.1321286818 -0.1275078187 
6 33 3.0284558921 4.2409263316 2.6693685174 2.2612502417 -0.3737943234 0.0694969254 -0.071313025 
7 32 3.1800383478 2.7836133314 2.2225946067 5.1064359555 -0.2480035029 1.5627724989 -0.8614855919 
8 31 2.8955291818 3.3697961807 2.5181487193 2.4961443426 -0.32662015 0.4800793926 -0.2558738361 
9 28 2.7793853914 2.4275818655 2.804663531 2.4927377577 0.1770039752 0.0802859465 -0.0244182565 
10 27 2.7730819073 2.3644277551 2.3955025222 2.9300529872 0.1762069425 -0.087034093 0.60429349 
11 23 2.6065976733 2.3556877047 2.4620782375 1.9765854882 -0.1969255683 -0.041552203 -0.2255943374 
12 23 2.6153533651 2.4369943225 2.2079214868 2.1951574149 0.3096214646 -0.2455238423 0.020683151 
13 23 2.8534308181 3.941691032 2.2214149679 1.9789614337 0.8425031341 -1.1547071909 -0.2204560361 
14 22 2.6066634786 2.6494121267 1.9102145084 2.2350678554 -0.0946386311 -0.1853772325 0.1914866258 
15 21 2.5421619793 1.5058111983 2.7106909181 2.2460854124 0.1994602046 -0.126972663 0.2825247975 
16 21 2.5922848729 1.6684379582 2.3119453758 2.7395575282 -0.3457087058 0.0671966182 0.2001980607 
17 21 2.5462952181 1.6456422149 2.6970474386 2.1409296841 -0.2580758413 -0.2785848784 -0.1828624913 
18 21 2.5573951059 2.3240297874 2.0599975834 2.1562423571 0.5284020492 -0.2512859894 -0.2904298055 
19 20 2.4912030444 2.309441741 2.3642580446 1.5323928229 -0.4991367635 -0.1247230591 -0.1832313199 
20 20 2.5353018654 2.6609522995 1.4732443174 2.2935589319 0.1508141039 0.9481139095 0.058434122 
21 20 2.5086273398 2.527884274 1.6939935005 2.0713333555 0.0872055197 0.5816095689 -0.2704336482 
22 20 2.4884170391 2.6233323886 2.0939334137 1.4749535582 0.420325842 -0.2214278394 -0.1007931278 
23 18 2.4317724383 1.8219914492 2.3278515758 1.7636741664 -0.2413442667 0.1832331957 -0.2808041771 
24 18 2.6370065756 3.1502251203 1.7803053431 2.0232732161 -0.5649577768 -0.6701016571 0.2725828952 
25 17 2.4017510426 2.1750004258 1.5760114846 2.0173961601 -0.0803573646 0.21718456 -0.5851755881 
26 16 2.4285432912 1.3665183834 1.9472876793 2.5840164547 0.3492050262 0.5839340011 -0.5462134761 
27 15 2.24683502 1.2590124551 1.5297773393 2.2594778126 -0.0635617681 -0.1446598526 0.3439667808 
28 14 2.1702126191 1.3007641964 1.8058525162 1.6032060994 0.0182502944 -0.0063864252 -0.2944954864 
29 14 2.9438485358 1.0149874808 2.4088070339 5.242449687 -0.6317697415 1.2676090687 -1.922281259 
30 14 2.1838411891 1.7161310831 1.6741068481 1.3789244081 -0.2706625285 -0.1520932367 0.1107497541 
31 14 2.1885597951 1.35858597 1.8394063109 1.5918016958 0.0097829194 0.0326316481 -0.3004182752 
32 14 2.177549541 1.3736921409 1.9868982975 1.3811315652 0.053110318 -0.0287101964 -0.0864205885 
33 13 2.0815332657 1.4822788214 1.4063049425 1.4441969723 0.0138027993 0.0084290013 -0.022242288 
34 13 2.0817163975 1.4330247845 1.4527834381 1.4477349371 -0.0032331114 0.0285937702 -0.0170348198 
35 12 2.0503574605 1.5133624243 1.3925327595 1.2980705321 0.088822881 -0.0597630404 0.1676997928 
36 12 2.049470907 1.4998906504 1.169130972 1.5313093764 -0.0687729956 0.015282177 0.1628306798 
37 11 2.0316230173 1.4241489706 1.7023043002 1.0010388137 -0.0463949632 0.1080450317 0.0593547372 
38 11 2.0380460123 1.7052581354 1.267906024 1.180467389 0.06147403 0.0922048817 -0.2266255687 
39 10 1.9758666819 0.9628176667 1.5681295231 1.3731019547 0.1871496958 0.3607408976 -0.0823546936 
40 10 2.092507395 1.6017327916 1.533443093 1.2434113136 -0.3496564001 -0.2538353037 -0.0943894316 
41 10 1.9861086195 1.5487600226 0.8373934125 1.5584740132 0.2258477372 -0.0686127779 0.2439425369 
42 9 1.8909563277 1.3737682436 1.3610034115 0.8409441782 -0.0291817567 0.0312191553 0.1726610625 
43 9 1.9205969803 1.7081360088 0.8340794757 1.1464772764 -0.2689004604 0.0029203485 -0.2997003888 
44 8 1.8119136169 0.940081419 0.8499539421 1.492995594 0.0323417014 0.2329749611 0.0641875899 
45 8 1.8449829755 0.9980817305 1.4580065121 0.9478739372 0.3119516457 0.100879991 0.2255294266 
46 8 1.8131682265 0.8160442292 0.9151006314 1.556434157 -0.0443166486 -0.0553975325 0.2212051996 
47 8 1.8238156615 0.9098752324 1.2674616329 1.1489667019 0.1454216603 -0.1615766974 -0.3204473903 
48 7 1.7444242514 0.7171669495 1.0590521941 1.2667968254 0.4615922531 -0.1262179769 0.1174626635 
49 7 1.7505084498 0.7404768876 1.2102166733 1.1135862719 -0.2978092962 0.3727969134 0.1138659399 
50 7 1.7112233492 1.2461918056 0.8515041988 0.8305893466 -0.0497327192 0.0493666569 0.3682362867 
51 7 1.7454892286 0.625679422 1.2516599986 1.1693932265 0.1042021308 0.3091611913 -0.0707167566 
52 6 1.6033767967 0.9217942645 0.7718563535 0.8771665343 0.0482896532 -0.0264323342 0.0517048032 
53 6 1.6162750042 1.0609899311 0.7520920873 0.7992628708 -0.0192452948 0.0522132247 -0.0323585254 
54 4 1.4451054063 0.7391898866 0.6604696919 0.6886700568 -0.0375011743 -0.0632136204 0.0224948856 
55 4 1.3906967806 0.6342345959 0.6912311006 0.608571839 0.0056935931 0.0551412446 -0.0181314721 
56 4 1.3856975036 0.6208748384 0.6657820659 0.6335006671 -0.0076818251 -0.0062283951 -0.0372133691 
57 3 1.3532170607 0.5047767642 0.6545230552 0.6718965941 -0.3420663922 -0.3457939742 -0.1944913801 
58 3 1.3255902436 0.1516409082 0.8705746827 0.7349739031 -0.1256732791 0.3043970251 0.0559358193 
59 3 1.2830881045 0.7082212262 0.6631034029 0.2749904548 -0.153753565 -0.2832229455 -0.2576423152 
60 3 1.3770959679 0.193059926 0.8308657221 0.8724676568 0.1375406214 -0.3847150197 0.0044257812 
61 2 1.1154306051 1.1358131589 0.0554419932 0.0529302827 -0.2509417172 0.2451915815 -0.0541715827 
62 2 1.1772133142 0.0032274192 0.9172043871 0.465399381 -0.0544077478 -0.0387561464 0.6533501006 
63 2 1.1872804833 1.0674052394 0.0076592711 0.3345704357 0.0904187263 0.5975970515 0.0506217903 
64 2 1.2633720864 0.0994952861 0.3168521902 1.1797615524 -0.1775536519 -0.3426086882 0.6114000587 
65 1 0.0 0.0 0.0 0.0 0.0 0.0 0.0 
66 1 0.0 0.0 0.0 0.0 0.0 0.0 0.0 
67 1 0.0 0.0 0.0 0.0 0.0 0.0 0.0 
68 1 0.0 0.0 0.0 0.0 0.0 0.0 0.0 
69 1 0.0 0.0 0.0 0.0 0.0 0.0 0.0 
70 1 0.0 0.0 0.0 0.0 0.0 0.0 0.0 
71 1 0.0 0.0 0.0 0.0 0.0 0.0 0.0 
72 1 0.0 0.0 0.0 0.0 0.0 0.0 0.0 
73 1 0.0 0.0 0.0 0.0 0.0 0.0 0.0 
74 1 0.0 0.0 0.0 0.0 0.0 0.0 0.0 
75 1 0.0 0.0 0.0 0.0 0.0 0.0 0.0 
76 1 0.0 0.0 0.0 0.0 0.0 0.0 0.0 
