# Cluster list (47 data points):
# "Cluster Identifier" "Cluster Size" "Radius of Gyration" "Gyration Tensor.XX" "Gyration Tensor.YY" "Gyration Tensor.ZZ" "Gyration Tensor.XY" "Gyration Tensor.XZ" "Gyration Tensor.YZ"
1 76 4.111758174 7.5108914685 4.251367842 5.1442959714 1.6923389286 -2.0651052793 -0.7688078009 
2 58 3.857190658 6.8260105943 3.5691884463 4.4827207314 -1.0697128195 -2.0829596126 0.780290257 
3 53 3.4843069587 3.906085158 4.0642090537 4.1701007704 0.1453506095 -0.0322255259 0.6145382929 
4 53 3.477654862 4.6645148088 3.5061269035 3.9234416267 -0.6685941534 -0.4808688258 0.4324244145 
5 47 3.3764023735 4.1255473161 3.7316931414 3.5428525302 0.4439266791 1.1420761132 0.3164996497 
6 40 3.1906419281 2.8356730634 3.7687000769 3.5758227731 0.2739806586 -0.586314054 -0.4006078306 
7 39 3.1409814973 3.0072784598 4.0802373931 2.7782489137 -0.7008004018 0.0980818344 -0.2542107806 
8 36 3.0909304767 3.069995679 3.1571213435 3.3267341894 0.6849151718 -0.4325039896 -0.8797428855 
9 33 3.0042315263 2.9600093832 3.4120754355 2.6533222449 -0.7005166077 0.5479227956 -0.4739856803 
10 31 2.9159554769 2.3601330682 2.756399045 3.38626423 0.5777971535 0.2477898167 -0.235486913 
11 31 2.8971675637 2.86451486 3.2462763055 2.2827887266 -0.5343657275 0.1669770046 -0.229998311 
12 28 2.8050850736 2.3129006189 2.5260322415 3.0295694096 0.0707996514 -0.6699740657 -0.077682091 
13 27 2.8174923164 2.8848116274 3.1025273735 1.9509239522 0.7762828896 0.5395470455 0.5306828182 
14 23 2.672640196 3.2680416344 2.3218025174 1.5531614657 -0.250578109 -0.1608325815 -0.227073746 
15 23 2.6099780311 1.9807450956 2.6421494211 2.1890908059 -0.0277560961 0.1836374862 -0.0947487816 
16 22 2.6008812905 2.7076047732 2.172817559 1.8841611551 0.0711387712 -0.1452647248 0.1293138088 
17 21 2.5443740872 2.471505023 2.0600214158 1.9423130568 0.5918051774 -0.2243110864 0.2123003933 
18 21 2.5573475979 1.6665116813 2.9028840407 1.9706310147 -0.0770307529 0.0822949908 0.0103908774 
19 21 2.5861964663 2.8580196588 2.3059903318 1.5244021719 0.0800935136 0.0868832922 -0.2373038215 
20 20 2.5159584204 2.4999852961 1.8273717016 2.0026897754 -0.2665496896 0.151119089 -0.0314578281 
21 20 2.4964735252 2.275125911 1.9164454382 2.040808713 -0.1402357231 0.6816692611 -0.292144179 
22 17 2.3908948144 2.3284880686 1.9672660227 1.4206239223 -0.0844368454 0.4843133808 -0.122212081 
23 16 2.3369913802 1.4691485065 2.3996362089 1.5927439957 0.3960777235 -0.242999629 -0.1628321051 
24 15 2.2545393946 1.8937920462 1.7316244808 1.4575313545 -0.3914905556 0.3520092156 -0.2829006769 
25 15 2.2452205959 1.4081788611 1.2989667923 2.3338698709 -0.0648108079 0.1078948685 0.2064866141 
26 15 2.2646259624 1.5761919113 2.2352494514 1.3170893867 0.3031521691 -0.0441473986 -0.231513508 
27 14 2.1643969056 1.9983152895 1.341743834 1.3445548416 0.0708750365 0.0091558457 -0.0049448359 
28 14 2.1686160509 1.6684980203 1.5974099573 1.4369875987 0.2907786647 0.2378560867 0.1632394063 
29 14 2.1702569406 1.8416107156 1.5696441979 1.2987602747 -0.3450188982 -0.1447037211 0.1110873543 
30 13 2.0681686138 1.4374666323 1.419099074 1.4207557089 0.0528287092 0.021442064 -0.0143778629 
31 13 2.071680832 1.4365551045 1.4575610288 1.3977453365 -0.0487802697 -0.0135982012 -0.0119299656 
32 12 2.0440449313 1.5115863846 1.1623364431 1.5041968532 0.0511275388 -0.0011548374 0.1600811733 
33 12 2.0589388172 1.1290416849 1.5532346304 1.5569527377 0.0675038013 0.0112794709 -0.0116731542 
34 11 2.0734264569 1.5970831917 1.2633405712 1.4386735092 -0.5172527765 -0.0918787621 -0.2254271241 
35 11 2.0364505008 1.479621544 1.1082652222 1.5592438759 -0.0323395328 0.1361220112 0.2443393592 
36 10 1.9679631143 1.5888781635 1.2524616752 1.0315389806 0.0512296899 -0.0989895142 0.411604418 
37 10 1.9797259527 1.4894787041 1.4584185893 0.9714175545 0.1815391814 -0.3413271775 0.2306381069 
38 9 1.9433456056 1.3825137644 0.9163906083 1.4776877701 -5.154153066e-04 -0.2330229732 0.4844571741 
39 9 1.8821255688 1.1900986485 0.990252198 1.3620458102 -0.2405212871 -0.0198242042 0.0274865513 
40 8 1.8380241231 1.4532227827 0.9514270305 0.9736828639 -0.029772417 -0.3696481091 -0.0788881299 
41 7 1.738585517 0.7869430913 0.9098178355 1.3259186732 0.4488141493 -0.1003387734 0.0700897743 
42 7 1.7595394645 0.5572652756 1.2243219904 1.3143918611 -0.3678481599 -0.1761730927 -0.0650943531 
43 7 1.735347067 1.0225527634 1.347904109 0.6409725706 6.8801487682e-04 0.3728145499 0.0701612368 
44 6 1.6084173881 0.867118377 0.8509686742 0.8689194432 0.0293141513 -0.0450219679 0.0050949954 
45 5 1.5688929989 1.3683329914 0.5403618367 0.5527304139 0.1106365964 0.2437143963 0.017447495 
46 4 1.3885216246 0.6504720766 0.6023156378 0.6752045875 -0.0282614132 0.0060405416 -0.0758667934 
47 3 1.3722409826 0.7916982347 0.3342339614 0.7571131182 -0.2907634761 -0.3697232218 -0.2288113527 
