# Cluster list (49 data points):
# "Cluster Identifier" "Cluster Size" "Radius of Gyration" "Gyration Tensor.XX" "Gyration Tensor.YY" "Gyration Tensor.ZZ" "Gyration Tensor.XY" "Gyration Tensor.XZ" "Gyration Tensor.YZ"
1 76 4.1407361752 8.4529895559 3.3670738022 5.3256327146 0.7398222984 -2.3364539552 -0.338122667 
2 53 3.4846639791 3.86923162 4.0808626417 4.1927887857 0.3265085001 0.0227896158 0.5637006075 
3 53 3.4835926422 4.7277138816 3.4339097352 3.9737940802 -0.5438891873 -0.6598555157 0.3864959595 
4 47 3.4207673058 3.1878299084 5.3032962657 3.2105227865 0.7210546185 0.6376883347 0.6924095927 
5 40 3.1707003712 4.0225809839 2.9139033821 3.1168564778 -0.2896822879 0.4382227061 -0.1017117293 
6 40 3.1862619113 2.9159138341 3.5806606186 3.6556905146 0.6462652419 -0.5047244156 -0.2285558919 
7 39 3.1473872752 2.6995549916 4.2790207445 2.9274709242 -0.0482349853 0.0323962566 -0.5784918082 
8 36 3.1052848158 2.9024689627 3.1758115995 3.5645132247 0.6507042618 -0.4744033085 -0.8640679996 
9 33 3.0243669986 3.3899754508 3.348945798 2.4078744933 -0.8971640049 0.2488150166 0.0037939587 
10 31 2.9648706192 2.4053972819 2.8033708055 3.5816897014 0.3553079039 0.4183203518 -0.8930696556 
11 31 2.8948422356 3.1419670461 2.970316715 2.2678278079 -0.5884639514 0.277440471 -0.2258021201 
12 28 2.8124451204 1.9848376768 2.498153584 3.4268562948 0.1543438404 0.3168544258 0.0128345729 
13 27 2.8216375621 3.0981049926 3.0477575411 1.8157759981 0.9088043629 -0.1378277463 0.1257305603 
14 23 2.6188895158 2.1723217952 2.4277032694 2.2585572315 -0.4381215362 0.014447293 0.0837704248 
15 23 2.6671592962 2.955752944 2.2935025739 1.8644831932 0.142119041 -0.342385446 -0.5665299235 
16 22 2.6157231623 2.7195074168 2.0404522205 2.0820480246 0.1930440634 -0.1810028373 0.1804080043 
17 21 2.5504078687 2.1455209175 2.2502891426 2.1087702368 0.5928472241 -0.0097951461 0.4839725312 
18 21 2.57573203 2.3733257939 2.4722004903 1.7888692063 0.3448284997 0.4231008408 -0.1898576611 
19 21 2.5695984487 1.7930838631 2.6249354585 2.1848168658 -0.0026632547 0.2261939301 0.4190540058 
20 20 2.496681612 2.2957734591 1.4812051126 2.4564404998 0.2000736893 0.4491248548 0.2207592053 
21 18 2.3927005488 1.8387993427 2.231563375 1.6546531986 0.4343227274 0.1180916316 0.2261942203 
22 17 2.3890670692 1.5388215177 2.0565185701 2.1123013733 0.0755762069 0.426980478 -0.3577744011 
23 16 2.2892816466 1.4724903199 1.7526446563 2.0156754815 0.0295191127 -0.0124567787 -0.1695406848 
24 15 2.2577289344 2.1866947767 1.5345843827 1.3760607817 0.4543051843 0.0424898115 0.0933400353 
25 15 2.2808943942 1.4264962995 1.4843958827 2.2915870552 0.2414509205 0.1481441238 -0.1301468805 
26 15 2.2544318326 1.3284686096 1.7306787404 2.023315538 0.1643121381 -0.0791055008 -0.5224847009 
27 14 2.1752115425 2.0103561962 1.3139904083 1.40719865 -0.0121912613 0.0570525603 0.0034275705 
28 14 2.1744282501 1.7089287407 1.4574818104 1.5617276639 -0.1569965327 0.2798711102 -0.1653416988 
29 14 2.1854512992 1.3239653383 1.7194147531 1.7328172897 -0.0835364088 -0.0661512442 0.4005002792 
30 13 2.0634331784 1.4290061509 1.4005630175 1.4281873133 0.0043173115 -0.0248110711 -0.0384715953 
31 13 2.0761596967 1.4525637302 1.4379867774 1.4198885789 -0.0019448612 0.024274197 0.0058080544 
32 13 2.0594181977 1.3946546553 1.43113366 1.4154149978 0.0016172069 -0.0545540868 -0.0027895824 
33 12 2.0691853026 1.1191767384 1.5772161094 1.5851349688 -0.0441007874 -0.0655813298 0.0169108963 
34 12 2.0659677395 1.4982416678 1.3399272936 1.4300537392 0.106733392 -0.0637907355 0.0957121025 
35 11 2.0324629071 1.0956058004 1.5098621129 1.5254375554 0.2554576225 0.1203592897 0.112005279 
36 11 2.1081987477 1.7788409947 1.5326440158 1.1330169494 -0.3567619656 -0.1918135024 -0.2475855104 
37 10 1.9623875746 1.5179642628 0.7334141742 1.5995865561 0.1180851862 -0.0777683795 0.1212400167 
38 10 2.0066542773 1.1100351511 1.6071435361 1.3094827013 -0.208470848 -0.4033434229 -0.1923445648 
39 9 1.9320425429 0.6783649012 1.2762251896 1.7781982967 0.1500153012 0.1670229027 -0.150817937 
40 9 1.907360167 1.1938288623 1.1502763047 1.2939176395 -0.2590190585 -0.0710943164 -0.1119624441 
41 8 1.8247307146 1.10167475 1.2806150033 0.9473524274 0.3189063128 -0.1215513374 -0.2317666025 
42 7 1.7170855997 1.1598215365 1.0911186757 0.6974427446 -0.0872620229 -0.2356605818 -0.3068333757 
43 7 1.7196098509 0.987001195 0.982254896 0.9878019484 0.2906441862 0.260619158 -0.3345655346 
44 7 1.7401759237 0.6733376692 1.0375326027 1.3173419737 0.414998957 -0.1167741128 0.1089174239 
45 7 1.7038526711 0.8221993507 1.2535098832 0.8274046908 -0.042564978 -0.4606469551 -0.0093577086 
46 6 1.5915210363 0.8754428121 0.813552617 0.8439437798 0.0139061679 0.0687384248 0.0291757287 
47 5 1.5663653123 0.5074196126 1.146285582 0.799795097 -0.0117815331 -0.0504793117 0.4034555165 
48 4 1.4221839647 0.7227293039 0.5923756895 0.7075022362 0.0339012018 -0.0374230854 -0.0195412465 
49 3 1.3169020144 0.5418301415 0.3350431696 0.8573576044 0.4118787949 -0.0183422309 -0.1510709857 
