# Cluster list (49 data points):
# "Cluster Identifier" "Cluster Size" "Radius of Gyration" "Gyration Tensor.XX" "Gyration Tensor.YY" "Gyration Tensor.ZZ" "Gyration Tensor.XY" "Gyration Tensor.XZ" "Gyration Tensor.YZ"
1 76 4.1582100046 8.7769563991 3.4253608453 5.0883931977 1.0256625661 -2.0709228293 -0.4209367323 
2 53 3.4776127334 4.0191434245 4.1597345079 3.9149123914 0.2516625517 0.0109016577 0.4491801901 
3 53 3.4769817235 4.3898382219 3.5312744122 4.1682892714 -0.5491598068 -0.6449972863 0.4627415778 
4 47 3.4217326873 3.3449909004 5.1780599005 3.1852037824 0.8122552359 0.7715904632 0.7427781858 
5 40 3.1905321899 4.1752973708 2.8936723082 3.1105259757 -0.375971855 0.2982076363 -0.1637517772 
6 40 3.1774140662 2.9115219576 3.5212659205 3.66317227 0.5727084435 -0.5018150717 -0.2017078431 
7 39 3.1299735614 2.685945142 4.1535973044 2.9571920487 -0.103448854 0.0462070278 -0.6167137404 
8 36 3.1012852772 3.2711656068 2.8699127815 3.4768919825 0.74568207 -0.6589284663 -0.7758425145 
9 33 3.0219492504 2.9379503477 3.6583577458 2.5358691785 -0.862606375 0.3275129756 -0.3028968956 
10 31 2.9199912324 2.239114745 3.0522086383 3.2350254142 0.3971772085 0.3400334034 -0.3995644989 
11 31 2.9076566402 2.79840911 3.1069562753 2.5491017519 -0.4571958319 0.4831218369 -0.3643870655 
12 28 2.803396707 1.8592174992 2.6137882826 3.3860273149 0.0753254574 0.1216798365 0.175095676 
13 27 2.8264363616 2.6040215564 3.5304118014 1.8543091486 0.8220895928 -0.2522040999 -0.2150656762 
14 23 2.6206110898 1.953813613 2.5926088539 2.321180017 -0.1799545943 0.0397087253 0.1005869802 
15 23 2.6761885804 3.2221828951 2.2128929568 1.7269094659 -0.1503911483 -0.3751388112 -0.3763398185 
16 22 2.6054432035 2.747369277 2.0825406934 1.9584243162 0.0548516912 -0.1714529447 0.1443411858 
17 21 2.5556714944 1.7207140077 2.7300668556 2.0806759239 0.5686301417 -0.2623353125 -0.0184755098 
18 21 2.5845578374 2.3060440385 2.5016687218 1.8722264543 0.4014398881 0.4440716399 -0.1710538866 
19 21 2.5669778633 1.7897819793 2.3359883532 2.463605018 -0.1194649572 0.0457755024 0.5057387593 
20 20 2.4917017308 2.2624733764 1.4525740581 2.4935300809 0.0901707879 0.542584451 -0.0913099175 
21 18 2.3917199019 2.0014177996 1.8740305681 1.8448757212 0.3489131448 0.3349900727 0.2228936043 
22 17 2.3996390425 1.8389439307 1.8371123127 2.0822112909 0.1485163004 0.6314911387 -0.289978657 
23 16 2.2856845585 2.0131700343 1.624202341 1.5869815257 -0.0732054668 0.0470171953 -0.0477720256 
24 15 2.2514302111 2.2494012364 1.3596316503 1.4599051086 -0.2310994333 0.4050408571 -0.0206094363 
25 15 2.2842055944 1.5936264693 1.4441747622 2.1797939659 0.1644865796 -0.2139039007 0.2564601976 
26 15 2.2491057572 1.4298449747 1.7665601969 1.8620715355 0.2451506251 -0.122740959 -0.4265562241 
27 14 2.1817222255 2.0655571548 1.311546209 1.3828085056 0.032022239 0.1956760785 0.0288649575 
28 14 2.1862724795 2.0028466071 1.4615337549 1.3154069925 -0.2790293486 -0.1685602614 0.0436816618 
29 14 2.1889895298 1.3778346438 1.7502969302 1.6635435874 -0.0296435477 -3.3142942321e-04 0.375585467 
30 13 2.0640096999 1.3840638843 1.4045090151 1.4715631419 0.0175622287 0.0393322281 -0.0031961407 
31 13 2.0631252801 1.4262101653 1.4248253933 1.4054503626 0.0158291186 0.0207550994 0.0211317944 
32 13 2.0642930891 1.4633125575 1.3792884652 1.4187049352 0.0272053594 -0.006224071 -0.038929915 
33 12 2.0586647931 1.3485486291 1.4699986146 1.4195534865 0.1503142592 -0.1859389914 0.0890599668 
34 12 2.054045581 1.179740909 1.4999603667 1.5394019731 -0.1233767661 -0.0369704741 0.0368204043 
35 11 2.0385505708 1.5008099528 1.5798293229 1.0750491541 0.2299551234 0.1794634353 -0.2076191848 
36 11 2.0938625891 1.8891861591 1.2953398993 1.1997344838 -0.2532413837 -0.2840221633 -0.2534445904 
37 10 1.9790564714 1.422749027 0.9349685837 1.5589469061 0.3493973645 -0.0929425024 0.1881747149 
38 10 1.9857795661 0.826590933 1.6872234092 1.4295061428 0.0027000186 -0.3259508679 0.0126895302 
39 9 1.9317276046 1.4979543498 0.6363495772 1.5972676112 0.16254593 -0.2558633936 -0.175275562 
40 9 1.909038732 0.9672129739 1.2698978532 1.407318053 -0.2010925058 -0.0982536366 -0.1106893719 
41 8 1.8117964133 1.0589273676 1.0687253802 1.1549534954 0.2031469155 -0.3332616458 -0.1869413541 
42 7 1.7625324158 1.2121148453 1.1832568459 0.7111488255 0.1286782318 0.3851044935 -0.2842910366 
43 7 1.7393097005 0.6107891096 1.3290421347 1.08536699 -0.0090240438 -0.4073398261 0.010246299 
44 7 1.7438318255 0.7539826649 0.9698766813 1.3170900894 0.4424389904 0.0723803788 -0.0566556131 
45 7 1.7276534437 1.2285938372 1.3017534694 0.4544391151 0.0413776007 0.0126532497 0.2104560269 
46 6 1.6028455849 0.8683378361 0.8845941579 0.8161819749 -0.0229947945 0.0258428931 -0.0044783491 
47 5 1.567234395 0.5377849604 0.687735722 1.2307029665 0.0554881524 0.0224871906 0.3561111399 
48 4 1.3862081695 0.5804727354 0.6977326675 0.6433676862 0.0513927257 -0.0378013486 0.0318587335 
49 3 1.3526340853 0.5466480692 0.7258666591 0.5571042403 -0.3355177782 0.281538119 0.2900900514 
