# Cluster list (55 data points):
# "Cluster Identifier" "Cluster Size" "Radius of Gyration" "Gyration Tensor.XX" "Gyration Tensor.YY" "Gyration Tensor.ZZ" "Gyration Tensor.XY" "Gyration Tensor.XZ" "Gyration Tensor.YZ"
1 76 4.1920841964 9.7878012345 3.4590125198 4.326756155 0.4825117521 -1.4884871103 -0.1300191456 
2 53 3.4840637772 4.5387089567 3.3935733563 4.2064180904 -0.4713252385 -0.670360958 0.4148227651 
3 47 3.4342757937 2.9447265824 3.8828405906 4.9666830541 0.3076041294 0.812201976 0.8639377124 
4 40 3.1709092181 4.2103362194 2.76431658 3.0800124704 0.1053349708 -0.096047812 -0.0124531519 
5 40 3.1830341807 3.2763826281 3.0925876985 3.762736269 0.6405576614 -0.5794016885 -0.0416339782 
6 36 3.0947167176 2.7459131718 2.8503082162 3.981050174 0.1575583843 -0.1432454857 -1.0041706661 
7 33 3.0210611748 4.0381259412 2.6667159376 2.4219687428 -0.558933208 -0.1821578275 0.1966058603 
8 31 2.8985081417 3.414389903 2.6237680405 2.3631915042 -0.3987640616 0.3274306135 -0.1625279543 
9 30 2.956776887 2.3108327696 4.154152453 2.2775443371 0.1631630798 -0.3460708298 -0.2677175916 
10 29 2.8476503588 2.4533202121 3.2308398884 2.4249524657 -0.2092199834 0.0136950379 -0.4027400516 
11 28 2.8283854966 2.3037472539 2.2496213214 3.4463959421 0.3299668824 0.3957560162 -0.0501553848 
12 27 2.8109003006 2.6962759252 3.1371454994 2.0677390753 0.9081459027 -0.0676640726 0.3448044749 
13 23 2.6662788713 3.2192903478 2.3420116976 1.547740974 0.1508467138 -0.3781491988 0.2115571912 
14 23 2.8026948005 4.1577847994 1.8318666787 1.865446667 0.3639967041 -1.1892327274 0.0225951861 
15 23 2.6031854805 2.4960693888 2.1059412606 2.1745639963 -0.2904251869 0.2291801194 0.1114818852 
16 22 2.612268049 2.6306515655 2.1647599863 2.0285328082 0.2758639964 -0.2391642402 0.1298064888 
17 21 2.5362006116 1.5876043889 2.7857385646 2.0589705888 -0.1596883023 -0.2063956434 -0.2684153826 
18 21 2.5899756514 1.8981501108 2.2615170915 2.5483066727 -0.2430629993 0.4535542631 0.372164275 
19 21 2.5547693425 2.0219845782 2.5974316836 1.9074301315 0.3975503686 3.5029336374e-04 -0.3625069546 
20 20 2.4876709125 2.1315841003 1.7713025356 2.2856199332 -0.0930632922 0.5276702475 -0.4836416992 
21 18 2.4144303342 1.8445310121 2.0918090081 1.8931338187 0.3647128096 -0.213296503 -0.3669749222 
22 18 2.3807332489 1.7069309693 2.2562912124 1.7046686206 -0.324744735 0.144305702 -0.3700046511 
23 17 2.401686652 2.1825390728 1.5056702471 2.0798894543 -0.1405840538 0.2890703823 -0.5595678117 
24 16 2.4502005931 1.6696584721 1.7148767732 2.6189477009 0.5203079773 -0.8367975584 0.0601614085 
25 16 2.2887642122 2.0311560394 1.5771424852 1.6301430945 -0.1021172309 -0.1433967233 -0.0802330805 
26 15 2.250999234 2.0313243486 1.3938093609 1.6418638419 0.03229431 -0.4979767775 0.0277925511 
27 14 2.1689154187 1.3280273321 1.9407881148 1.4353786465 -0.0932592152 0.0521525492 -0.1483364183 
28 14 2.1723281593 1.3506081443 1.961269313 1.4071321745 0.1183583838 0.0135517798 0.1774436433 
29 14 2.1801218469 1.5859270045 1.5874108968 1.5795933658 -0.2657616831 0.2539243797 -0.2647956847 
30 14 2.178583448 1.9629023181 1.4280486571 1.3552748649 -0.1870183745 -0.0712312027 0.0145525597 
31 14 2.1796447151 1.8961525223 1.4729557852 1.3817427766 -0.3464112045 0.0254677435 -0.0322518509 
32 13 2.078733087 1.4590955368 1.4613533014 1.4006824089 -0.0195938014 0.0582264373 -0.0409945461 
33 13 2.0643432547 1.4253242372 1.4038306966 1.4323581394 0.0109004506 -0.0560425448 0.0288412975 
34 13 2.0725812336 1.4084694047 1.4414904606 1.4456331048 0.0180019946 0.0024459524 -7.7906274499e-04 
35 12 2.051944877 1.4597419922 1.4034320041 1.3473037818 -0.1186157859 0.1072457171 0.2205113957 
36 12 2.0593444195 1.4838472687 1.3280383125 1.4290138569 -0.1697462957 -0.063401781 -0.1778060132 
37 11 2.0298026347 1.4637171475 1.1217312445 1.5346503437 0.3165970933 -0.0865403065 -0.0813270378 
38 11 2.0890209135 2.0103251526 1.4883773579 0.8653058664 0.0652852495 -0.0233112987 -0.1101909002 
39 10 2.0207420874 1.3784389606 1.8506008376 0.8543587856 -0.1454342254 -0.116847557 -0.3146344444 
40 10 1.9847132758 1.460613503 0.9133209928 1.5651522912 0.3075834245 -0.1346510457 0.1976515484 
41 9 1.9420899327 1.0545739705 1.0153070312 1.7018323048 -0.2679825091 -0.1416832572 -0.4195394645 
42 9 1.8877432896 0.9653901885 1.2456456915 1.3525388473 0.2368667133 0.0904853516 -0.0567995136 
43 8 1.8459527351 1.0534081813 0.7751874404 1.5789458785 0.1117997141 0.3591136354 0.1053999219 
44 7 1.7208052506 1.1991327661 1.2154810323 0.546556912 -0.0340663055 0.1810358058 0.2081343404 
45 7 1.7064019613 0.8675691339 1.0759067132 0.9683318067 0.2076187246 -0.3004332171 0.2052037844 
46 7 1.7272959015 1.0895527172 1.0130034856 0.8809949286 0.2351717773 -0.1831656311 0.3842416539 
47 7 1.7422250509 1.2675279342 0.5024416493 1.2653785444 -0.2733276101 -0.0319215918 -0.0860889027 
48 6 1.8496595031 0.5760603164 1.5928913461 1.2522886149 0.5006060273 0.2580606563 0.3870715765 
49 6 1.5772803442 0.9055945373 0.796743043 0.785475704 -0.0160760099 0.0349391489 -0.0149529569 
50 5 1.5607662181 1.0561625214 0.8394044254 0.5404242408 -0.3994632098 0.1107464764 -0.1144295547 
51 4 1.3841444781 0.7217134351 0.5927756839 0.6013668173 -0.0567077186 -0.0046400307 0.0282374745 
52 3 1.343173325 0.7465114799 0.8699037985 0.1876993026 -0.0931890762 -0.3444754892 -0.114060332 
53 1 0.0 0.0 0.0 0.0 0.0 0.0 0.0 
54 1 0.0 0.0 0.0 0.0 0.0 0.0 0.0 
55 1 0.0 0.0 0.0 0.0 0.0 0.0 0.0 
