# Cluster list (36 data points):
# "Cluster Identifier" "Cluster Size" "Radius of Gyration" "Gyration Tensor.XX" "Gyration Tensor.YY" "Gyration Tensor.ZZ" "Gyration Tensor.XY" "Gyration Tensor.XZ" "Gyration Tensor.YZ"
1 76 4.1048370346 6.3985436472 5.1844606727 5.266682761 2.1259477902 -2.0405429922 -1.2847649914 
2 74 3.9333136225 6.1251056724 4.56207279 4.7837775906 0.5411504628 0.8575903329 1.1360565897 
3 70 3.9298398165 4.0285727069 6.9541657925 4.4609024842 0.0039553358 -0.5075142096 1.879760073 
4 58 3.5593842878 4.8960321359 3.8356272687 3.9375571039 0.4343303857 -0.2789783692 -0.0126288457 
5 53 3.4583439778 4.0697691986 3.7454525353 4.144921335 0.0365643937 0.1436415623 0.4446427842 
6 47 3.3388682378 3.660614712 4.3322659591 3.155160438 0.645208432 0.1784724835 -0.5034484801 
7 43 3.3234860107 5.1232339846 3.0529661124 2.869359166 0.6955060415 0.3497684161 0.4448713439 
8 43 3.3479169965 3.868113749 4.6542662596 2.6861682067 -1.5746795285 0.4104490073 -0.3450600651 
9 39 3.1414804769 3.0245238906 3.9048284517 2.9395472447 0.6143329517 -0.273852631 -0.5292973032 
10 36 3.1015325378 2.9868905609 4.1185792165 2.5140343056 -0.6704191669 -0.019924853 -0.5355815559 
11 34 3.0658924112 2.7048454291 2.6783621797 4.0164886683 -0.1098540225 0.8061982002 -0.2800637922 
12 31 2.9309712463 2.3354323843 2.9623401779 3.2928198842 -0.4135111627 -0.4767820735 -0.305827445 
13 31 2.9878584482 4.2278574374 2.247776725 2.4516639443 0.6920065811 -0.6036967232 -0.2796376259 
14 31 2.953492502 3.7082032168 2.0645129652 2.9504017776 -0.0324971613 0.0349365381 7.3996168019e-04 
15 27 2.8279186631 1.8226222033 2.6365016565 3.5380001053 -0.1263027619 -0.2688596434 -0.7943157964 
16 23 2.6175019595 2.1861233587 2.642864438 2.0223287111 -0.1251239533 0.2425855733 0.0992374165 
17 21 2.5817845176 2.6949681189 1.656028697 2.3146144795 0.2438217781 0.0683266281 0.3280377015 
18 20 2.5097998545 2.2392580375 2.4662982336 1.5935390386 -0.1794099431 -0.2349677534 -0.0555305923 
19 20 2.5413424447 1.8749796368 2.3709393756 2.2125024089 0.0746489197 0.6616338923 0.4769611094 
20 20 2.4851667045 2.0591763801 2.4022155816 1.7146615875 -0.296396252 -0.2315539325 0.5089011327 
21 18 2.4691023493 1.7654466013 2.0967330038 2.2342868062 0.6011581024 0.4301949395 0.1133282414 
22 17 2.3980679946 2.0706682452 1.6189204365 2.0611414252 0.2028822993 0.153494223 0.6050264672 
23 16 2.321202144 1.8384289243 2.0714477281 1.4781027411 -0.5600082854 0.1881713484 0.0419464239 
24 15 2.2497731473 1.9812898805 1.408471375 1.6717179589 -0.3092884808 -0.4417766758 0.1533528207 
25 15 2.2613781618 2.0362506265 1.3075528255 1.7700277387 -0.1500628918 0.4948953866 -0.1459409645 
26 14 2.1740881932 1.3367895068 1.494787648 1.8950823169 -0.0903823875 0.1252952009 -0.2875896447 
27 14 2.1775503718 1.4987799481 1.4697828896 1.7731627841 -0.1235475674 -0.275950022 0.2492100003 
28 14 2.175413019 1.3862551532 2.0116329264 1.3345337239 -0.2068208008 0.0502447075 -0.1617317819 
29 13 2.0633485201 1.3717961698 1.4428692529 1.4427416928 0.0142169196 -0.0128864815 -0.0166069308 
30 13 2.0507819778 1.4306297204 1.3894310843 1.3856459157 0.0148072004 -0.0019335709 7.1389265981e-04 
31 12 2.0700552123 1.5348263354 1.1971825801 1.5531196663 -0.2091352494 0.0382991536 0.0540303461 
32 12 2.0555882843 1.5057307659 1.4719049774 1.2478074511 0.0644395545 -0.0517320033 0.1879298863 
33 11 2.0285084886 1.4546955746 1.6003826534 1.0597684603 -0.1206971976 -0.1736030347 0.0222148777 
34 7 1.7159713832 1.0662503594 1.2615155518 0.6167918769 -0.0765915609 -0.3525149681 -0.1208130271 
35 7 1.7558163957 1.3410408588 0.5997240384 1.1421263183 0.0946825456 -0.0110946874 -0.3243640431 
36 5 1.5832969077 0.8804371659 0.5334870811 1.0929048509 0.0778887985 0.3988297892 0.065430859 
