# Cluster list (624 data points):
# "Cluster Identifier" "Cluster Size" "Radius of Gyration" "Gyration Tensor.XX" "Gyration Tensor.YY" "Gyration Tensor.ZZ" "Gyration Tensor.XY" "Gyration Tensor.XZ" "Gyration Tensor.YZ"
1 10 4.6811529919 2.6256055679 3.8392105384 15.4483772271 1.1807519071 -1.2588338088 -3.5170676287 
2 9 3.9791860663 1.1205328546 3.2968062987 11.4165825971 0.0230880123 -2.0952397685 2.1603366918 
3 8 3.5297619946 1.510794921 5.8461719423 5.1022528754 1.2942885338 -0.209369619 0.0397331559 
4 8 3.0243305441 1.8245279544 4.3751804298 2.9468668555 1.4996269807 -1.377498689 0.7307455495 
5 8 3.742823206 8.5199107366 2.0581371704 3.4306776447 -2.7380097412 -4.9814222552 1.2894699225 
6 7 3.1170781769 2.3804606678 6.6292667674 0.7064489259 -1.1659770628 0.8554270155 0.9622145077 
7 6 4.0914816287 12.0478077181 2.724917328 1.9674968722 4.6614765429 4.5211927349 1.8348553223 
8 6 3.6501147611 4.2811406082 4.3013831518 4.7408140095 3.320333508 3.6334537757 3.4961945032 
9 6 3.2128789101 0.9178856268 7.422197237 1.9825080275 1.9047639112 -0.550415744 -3.0772098081 
10 6 2.2267941665 1.7667174694 1.5801184509 1.6117763394 0.1819416405 0.5135549867 1.510168281 
11 6 3.2084961745 1.7330111271 1.7501005378 6.811336037 0.3201200929 1.5258167076 -0.3233638412 
12 6 2.8996045233 4.9484944772 3.2442017903 0.215010124 3.1758346958 0.2759284407 0.1640762677 
13 6 3.0460706944 1.6620361106 6.7704907884 0.8460197763 1.1624170658 -0.9861681904 0.48113404 
14 6 2.98828372 2.5532836703 3.9857585136 2.3907974074 -0.6671164952 2.3059983405 -1.505417156 
15 6 3.2743776133 3.3664872031 2.8382368107 4.5168247408 1.6185521236 1.6742289484 3.336931456 
16 5 3.0081209997 1.4177966781 5.9844262139 1.6465690571 2.2178749098 0.8231436223 2.8894952218 
17 5 1.9726327926 1.0872722945 2.2791021234 0.5249057165 0.1794366587 -0.6054622095 -0.6147944632 
18 5 2.3514738373 4.475367104 0.4616347212 0.5924273822 0.5464229792 0.867349205 0.4593845845 
19 5 2.9393083038 0.7760157844 7.1641990825 0.6993184378 -0.9862679799 0.2738041411 0.7094619366 
20 5 2.519677164 2.1998263171 3.1032482212 1.0456984727 -0.146865038 -0.7169261291 -0.6774728264 
21 5 2.857571536 3.5756215587 0.72113309 3.8689604345 -0.3982346398 0.7153832382 -1.2007032561 
22 5 2.5353728092 0.8609701241 0.7130354784 4.8541096794 -0.7721372636 -1.1476340996 0.8225584731 
23 5 3.2738026821 3.7479035176 1.2134665102 5.7564139734 1.1549749384 4.4540856845 1.1712824289 
24 5 2.6672686174 2.9220289041 0.8674050612 3.324887912 0.1299724522 -2.9650574525 -0.5559736827 
25 4 3.262768454 1.7015458088 1.6462395911 7.2978725843 1.0917637762 -2.954665502 -3.3139411753 
26 4 2.642331701 1.8654087307 0.7268294397 4.3896786478 0.9749899745 -2.6147634027 -1.7565188998 
27 4 2.9184472457 4.6394474619 2.1791628861 1.6987239782 1.8278420603 2.3559676341 1.3994530227 
28 4 2.2266098672 1.3397686359 0.7430895226 2.874933342 0.0263419001 -1.2700595336 0.104142838 
29 4 2.223637013 1.1970403694 2.2023768064 1.5451443896 -1.5925500852 0.3640615073 -0.4097574515 
30 4 2.1180294146 0.4861089647 0.8757349672 3.124204669 -0.5885923295 0.4929539291 -1.2206250437 
31 4 1.906659971 2.4726388602 0.1323234932 1.0303898915 0.1486359728 -0.8461034498 -0.3392530338 
32 4 2.9070271685 0.1268333069 0.4747005498 7.8492731015 -0.1330496515 0.8522816065 -0.1660823134 
33 4 2.3894249858 1.9084713603 1.3120817391 2.4887986636 0.2831923218 1.7532449919 -0.4177939199 
34 4 2.7681599314 0.455802142 6.6943568412 0.5125504226 0.3257212318 -0.2409657214 1.1006781837 
35 4 2.5593044151 0.3699234036 1.7709207784 4.4091949073 0.2695078088 -0.8706965675 -2.5433661608 
36 4 2.5863604081 0.4974330557 5.2944773831 0.8973497218 -0.9228199733 -0.0935586295 1.7047871693 
37 4 2.1899957115 3.8934779326 0.8856882341 0.0169150498 -1.2391298893 -0.2256604088 0.1058576519 
38 4 2.7697101076 2.8045079137 4.2569922857 0.6097938806 -1.7787247015 -0.6691186746 1.5529327812 
39 4 1.9492765353 0.4328950938 1.1057914945 2.2609924228 -0.2709682375 0.7478600592 0.4143356648 
40 4 2.3729191802 1.0684194692 0.5562535679 4.0060723988 -0.1743348342 2.0250524189 -0.116696794 
41 4 2.3642602102 4.923671456 0.2172701025 0.448784783 -0.5529400763 -1.4500154756 0.1262961343 
42 4 2.2146727487 1.782512177 0.9058694021 2.2163938047 0.0555601622 -0.9041100937 -1.1462546647 
43 4 2.2280115536 1.5778799489 0.6305340236 2.7556215106 -0.3708503171 2.0365908349 -0.6216655015 
44 4 2.1621110156 1.2863129146 3.1375675928 0.2508435365 1.7179406408 0.1808655893 0.0648746319 
45 4 2.207148272 1.079354782 2.4905129248 1.3016357878 0.160176779 0.4200262724 -1.5218345592 
46 4 1.8634353189 0.7669286169 1.5874341374 1.1180284334 -0.4528432996 -0.7304601862 0.2671325237 
47 3 2.3617176746 2.3537900625 0.573556971 2.650363341 1.1344048564 2.4976712229 1.2030955446 
48 3 1.7284522501 0.1036156486 1.7072207014 1.1767108309 -0.3057200053 0.0063446601 -0.9919417133 
49 3 1.9128287915 0.1833182586 0.480806208 2.994789519 -0.2034393058 -0.6401894471 0.2704577682 
50 3 1.8601648995 1.2105079821 1.8419879097 0.4077175616 0.4390055047 -0.0234913119 -0.8363664256 
51 3 1.9133305289 1.0793558802 1.0805627245 1.5009151081 0.4293078276 -0.3108550756 1.0095372056 
52 3 1.4990055393 0.895125958 0.643430419 0.7084612297 -0.3528611455 0.6180157748 -0.6205915572 
53 3 2.3396671262 1.4443062942 0.5505455825 3.4791903849 -0.8656440144 -2.0912570795 1.3730301648 
54 3 2.1384099253 0.0689955611 4.0114930693 0.4923083781 -0.4607419485 0.0756741547 0.1132001682 
55 3 1.4031549528 0.0578469639 1.6357409813 0.2752558765 0.2984345145 0.1137133214 0.5161464023 
56 3 1.86151166 0.0869632926 1.9389789561 1.4392834115 -0.3708647426 0.3533701789 -1.47220721 
57 3 1.7344145688 0.042192288 0.6379333838 2.3280682247 -0.0808113842 -0.3084735697 0.7783383696 
58 3 2.2625820362 3.3514804033 1.4921491847 0.2756478824 0.894583335 0.9579400292 0.2076230499 
59 3 1.415964831 0.4274589111 0.2567187652 1.3207787264 0.2806563066 0.6117166608 0.2220038813 
60 3 1.8416785045 2.9921558113 0.0887199403 0.3109039624 0.0437410137 -0.9607784859 -0.0285811502 
61 3 2.5898990446 0.0267173192 0.0730619266 6.6077978153 -0.0179755043 0.0286543534 -0.6525166183 
62 3 1.3678864623 0.571557609 0.4102874936 0.889268271 -0.327363396 0.0775518137 0.3980451749 
63 3 1.6439081673 0.3133112382 1.939245434 0.4498773904 0.3518519458 0.3207533451 -0.0729389209 
64 3 1.6704102888 1.5337751731 0.8793484533 0.3771469065 -0.4239011507 0.5164585798 0.2508486473 
65 3 1.9384024482 3.0129830337 0.4379473803 0.3064736374 -0.1929216495 -0.7743893161 0.2634223818 
66 3 1.4407603268 0.5424776828 0.5108995536 1.0224130828 0.414567223 -0.6725948748 -0.7052709028 
67 3 2.068087378 1.924189976 1.690116965 0.6626784623 1.0490212526 0.3910458883 -0.5943708378 
68 3 1.8299925772 0.076924576 3.228099941 0.0438483157 -0.1677407881 -0.0277586323 -0.2506558374 
69 3 2.6115660363 1.0840490335 1.2569030244 4.4793251042 -1.1602344968 2.202428486 -2.3656625286 
70 3 2.0330714599 2.6005233293 1.464439123 0.0684171087 1.9414612424 -0.3128066919 -0.2550295463 
71 3 2.2065489783 1.9603554091 2.538577373 0.3699256114 -2.2026908846 -0.7981775766 0.8433873963 
72 3 2.1793166972 0.1725553331 0.9915140908 3.585351843 -0.0986118671 -0.1103493681 1.8760386104 
73 3 1.7820225162 1.8620142093 0.675534769 0.6380552701 -0.8003883921 -0.7863413823 0.0195322911 
74 3 1.7603434432 0.8516278957 0.8990379983 1.3481431439 0.1344114332 0.183317722 1.1007505838 
75 3 2.5429699092 0.0249689464 4.7523035726 1.6894234399 0.1164717821 0.0117890659 -2.6072171746 
76 3 2.0457239201 0.7444200562 1.846631221 1.5939350799 -0.765162876 1.0458663921 -0.711627557 
77 3 1.6715765137 0.3275171416 1.7087081823 0.7579427171 -0.746420396 -0.0341959271 0.1536314823 
78 3 1.9214437521 0.7190202952 1.7396907519 1.2332350454 -1.1075824192 -0.3743227973 0.3899192327 
79 3 1.7762933773 1.0290714615 1.3377597879 0.7883869127 -0.7127935685 -0.810137739 0.9176814568 
80 3 2.0500156526 1.5618209081 0.4013555379 2.2393877299 -0.1042840299 1.0501490339 0.7075144297 
81 3 2.3146875497 0.9565963098 0.0020537188 4.3991284242 0.0434624472 1.8951020505 0.09324108 
82 2 1.0634972482 0.4677588312 0.0584021478 0.6048654178 -0.1652819422 -0.5319127192 0.1879506306 
83 2 0.9889289801 0.2489225577 0.7063502726 0.0227076974 0.4193167258 0.0751828313 0.1266474961 
84 2 1.5030182095 1.5013260909 0.7288259471 0.0289117001 -1.0460427382 -0.2083408018 0.1451605911 
85 2 1.7456706776 1.495369909 1.5507051266 0.001291079 -1.5227861912 0.0439390558 -0.0447446395 
86 2 0.9495642521 0.4024081675 0.3128788391 0.1863852622 -0.3548309461 -0.2738666679 0.2414870689 
87 2 1.2427536701 0.074051889 0.1812417613 1.2891430343 -0.115850312 -0.3089716441 0.4833699972 
88 2 1.1130320132 0.011286033 0.5662398305 0.6613143989 -0.0799412372 -0.0863922226 0.6119334548 
89 2 1.507204733 0.0714587912 1.9844705895 0.2157367265 0.3765738566 -0.124162336 -0.6543112324 
90 2 1.6018865607 1.5085009076 0.1989839358 0.8585557098 0.5478753944 -1.1380386933 -0.4133264984 
91 2 1.6110459017 1.5574972207 0.6203446197 0.4176270568 -0.98294711 0.8065066524 -0.5089918445 
92 2 1.4848918713 2.0159235603 0.1555706377 0.0334096715 -0.5600165299 0.2595213745 -0.0720941322 
93 2 1.1067452553 0.1351055453 1.0306468112 0.0591327036 -0.3731569368 -0.0893820797 0.2468702745 
94 2 1.3424163821 0.2279934631 1.5580393962 0.0160488837 0.5960057027 -0.0604900039 -0.1581290393 
95 2 1.4167684892 0.3215640668 1.4658202652 0.21984862 0.6865530757 0.2658860965 0.5676782208 
96 2 1.7418489511 0.5310254681 0.555430503 1.9475817976 0.5430909158 1.0169638812 1.0400703522 
97 2 1.5845955649 1.3060220232 0.7605124517 0.4444086294 0.996617284 0.7618447724 0.5813590081 
98 2 1.5105092554 1.8582731504 0.0420030752 0.381361985 0.2793800045 -0.8418282112 -0.1265637236 
99 2 1.7332931778 0.5047258968 0.2353218087 2.2642575348 -0.3446346049 -1.069031999 0.7299514904 
100 2 1.4752111952 0.0073040139 1.3596702788 0.8092737777 -0.0996546568 0.0768826829 -1.0489735473 
101 2 1.2046276493 0.036193762 0.4183490596 0.9965849519 -0.1230513157 0.1899214536 -0.645693718 
102 2 1.0850750847 0.5057359198 0.0660438374 0.6056081821 0.1827586958 0.5534237174 0.1999917207 
103 2 1.2247199044 0.0281581033 0.2058939437 1.2658867971 -0.0761418606 -0.1887987586 0.5105275947 
104 2 1.6153457017 0.647436793 0.295547709 1.666357234 -0.4374339503 -1.0386823304 0.7017749375 
105 2 1.489922154 1.4565538031 0.6544671374 0.1088470844 0.9763537258 -0.3981728704 -0.2669023037 
106 2 1.6011969673 1.6010065035 0.1835241427 0.7793010819 0.5420547444 -1.1169897494 -0.3781805957 
107 2 1.2227348666 0.1175682549 1.0177592773 0.3597530217 0.3459135472 -0.2056587828 -0.6050966661 
108 2 1.5984717148 0.1919532148 0.7572781898 1.6058804184 -0.381263666 0.5552061859 -1.1027684328 
109 2 1.2970820509 0.5344961748 1.1225841592 0.0253415127 0.7746076032 -0.1163827377 -0.1686652922 
110 2 1.2403977783 0.2929949126 0.5256317759 0.71995996 0.3924378119 0.4592870622 0.615169759 
111 2 1.0602687002 0.0050444002 0.9607131542 0.1584121622 -0.069614809 0.0282682568 -0.3901136348 
112 2 0.9432773263 0.4693902127 0.0191791393 0.4012027623 -0.0948815065 0.4339592722 -0.087719574 
113 2 1.5694569636 1.4960265537 0.8358707481 0.1312978587 1.1182507924 -0.4431986947 -0.3312824163 
114 2 1.3234095993 1.1820643355 0.1801712958 0.3891773362 -0.4614911299 0.6782570673 -0.2647991408 
115 2 1.3744392835 0.332989145 1.0360803166 0.5200138823 0.5873699846 -0.4161237533 -0.7340137246 
116 2 1.2856216509 0.743918506 0.1131568009 0.7957477225 0.2901369302 -0.7693968136 -0.3000737686 
117 2 1.6377635289 2.6306232925 0.0474182091 0.0042278749 0.3531847183 0.1054606382 0.0141590344 
118 2 1.4305730198 0.1142912679 1.260253419 0.671994478 0.3795206993 -0.2771337239 -0.9202626464 
119 2 1.6368309517 0.4319396249 1.7384385884 0.5088373513 0.8665451585 0.4688144779 0.9405224542 
120 2 1.0803852833 0.8483578295 0.0093327684 0.3095417625 0.0889804875 0.5124472439 0.0537483171 
121 2 1.4916309778 1.7910360139 0.3641332714 0.0697936887 0.8075740232 -0.3535576475 -0.1594183308 
122 2 0.8420413217 0.2634298386 0.4160440443 0.0295597046 -0.331056514 -0.0882434599 0.110896975 
123 2 1.6271947372 0.6031044174 1.1331142585 0.911544037 0.8266717696 -0.7414554844 -1.0163087845 
124 2 0.7865461131 0.5250573643 6.362847671e-06 0.0935910609 0.001827802 -0.2216769627 -7.716901348e-04 
125 2 0.6038699981 0.0129142281 0.0655597053 0.2861850413 -0.029097302 -0.0607935761 0.1369752056 
126 2 1.6332552856 1.7740684381 0.671659919 0.2217944709 1.0915908865 0.6272787025 0.385966911 
127 2 1.5940842515 1.4179835154 1.0676909931 0.0554300925 -1.2304341623 0.2803550561 -0.2432739413 
128 2 1.1120567241 0.8269086018 0.3486878885 0.0610736673 -0.5369664927 -0.2247272588 0.1459302851 
129 2 1.3384146942 0.7130796908 0.4006061703 0.6776680326 0.5344755598 0.6951484095 0.5210355029 
130 2 1.1706840669 0.5858516562 0.3195565287 0.4650929996 0.4326808542 0.5219918621 0.3855171909 
131 2 1.1399876476 1.2349770732 0.0191551095 0.045439654 0.153805465 -0.236890124 -0.0295025685 
132 2 1.2353401033 0.9041300235 0.6133092923 0.0086258549 -0.7446551852 -0.0883113492 0.0727345652 
133 2 1.1304730244 0.3117356496 0.42006562 0.5461679891 0.3618693534 0.4126257783 0.4789847545 
134 2 1.5856166235 1.2384641988 0.2801655299 0.9955503482 0.5890458204 1.1103843768 0.5281277221 
135 2 1.3766718932 0.0159355632 1.1134563078 0.7658336305 0.1332049301 0.1104716717 0.9234296327 
136 2 1.5011111743 1.1153238163 0.9789041616 0.1591067799 -1.0448900063 0.4212547697 -0.3946521113 
137 2 1.7409093793 0.8145943183 1.532480867 0.6836902816 1.1172959354 -0.746277575 -1.023592827 
138 2 1.7159307667 1.2969102966 1.4675769738 0.1799311257 -1.3796070776 -0.4830678313 0.5138703893 
139 2 1.624126635 0.428998415 0.1450989058 2.0636900059 -0.2494938889 0.9409143115 -0.547210345 
140 2 0.9972737766 0.1521344876 0.0196217315 0.8227987664 0.0546364536 0.3538023017 0.1270619395 
141 2 0.9970735283 0.3149422543 0.0987763297 0.5804370369 0.1763769825 0.4275560184 0.239444023 
142 2 0.749352535 0.0015213328 0.0857899014 0.4742179875 0.0114243157 0.0268596979 0.2017005562 
143 2 1.6617934418 0.9963222049 1.1482631145 0.6169721238 -1.0695980731 0.784029991 -0.8416925403 
144 2 1.0127174925 0.0742282068 0.2560008169 0.6953676959 -0.1378494888 0.2271913228 -0.4219178808 
145 2 1.1107788812 0.0809765448 0.2129542381 0.93989894 0.131317548 0.2758799895 0.4473873743 
146 2 0.5124688116 0.0219123994 0.0182818831 0.2224300003 0.0200149925 0.0698138597 0.0637686386 
147 2 1.3158424258 1.274318433 0.0595555276 0.3975673289 -0.2754863094 -0.7117776167 0.1538744035 
148 2 1.7393341807 0.3641234883 1.6471561012 1.0140038026 -0.774447045 -0.6076368996 1.2923709027 
149 2 0.7360783652 0.3651917719 8.550131688e-04 0.1757645747 -0.0176704209 -0.2533530668 0.0122589162 
150 2 1.3436902331 0.2036059753 1.5682559473 0.0336415198 -0.5650719261 0.0827623976 -0.2296922147 
151 2 1.3008773091 0.5618886226 0.0187444682 1.1116486826 0.1026270111 0.7903307833 0.1443511807 
152 2 0.6690133507 0.2699117288 0.169972016 0.0076951185 0.2141901975 -0.0455741456 -0.0361656579 
153 2 1.426500244 0.082757399 0.7009779714 1.2511675758 -0.240854964 0.321781563 -0.9365046231 
154 2 1.6439696533 0.101444403 0.6642095485 1.9369822697 0.2595772353 -0.4432787045 -1.1342672166 
155 2 1.6737432796 0.358768783 0.2677871706 2.1748606125 -0.3099575411 -0.8833301167 0.7631512104 
156 2 1.1108992468 0.0041630613 0.7482262539 0.4817078213 -0.0558113947 -0.0447814605 0.6003552604 
157 2 1.4940405791 0.0937251701 0.0057207188 2.1327113631 -0.0231554602 -0.4470891803 0.1104565158 
158 2 1.4265503516 0.6816459166 0.9855621859 0.3678378032 -0.8196367729 0.5007345969 -0.6021021752 
159 2 1.3533666794 1.3246407964 0.1820587459 0.3249018265 -0.491082928 -0.6560321746 0.2432102364 
160 2 1.3118143875 0.0417294494 0.0141762014 1.6649513364 -0.0243221109 -0.2635858543 0.1536316551 
161 2 1.6751967529 0.5616763271 0.8988422433 1.3457655904 -0.7105338907 -0.8694162835 1.0998322428 
162 2 1.4688989133 6.3066808161e-04 2.1540733186 0.0029600309 -0.0368579067 -0.0013663078 0.0798506331 
163 2 1.6855224196 1.1016153776 0.3119257696 1.4274446798 0.5861929925 -1.2539916307 -0.6672756404 
164 2 1.5891649969 0.7103160954 0.2329950225 1.5821342695 -0.406817053 1.0601016162 -0.6071485895 
165 2 1.6335867807 0.4311999557 1.8764136874 0.3609921272 0.899505141 0.3945374371 0.8230252539 
166 2 0.7482246612 0.4604051956 1.7858816648e-05 0.0994170893 -0.0028674539 0.2139442554 -0.0013324682 
167 2 1.250103314 1.3376740589 0.0027833037 0.2223009332 0.0610176459 0.5453129299 0.024874304 
168 2 0.7454231766 0.1208071852 0.0226928439 0.4121556831 -0.0523589399 -0.2231397946 0.0967108296 
169 2 1.6426920679 0.4676864348 0.3100253194 1.9207254756 -0.3807816124 0.9477854451 -0.7716693133 
170 2 1.566823257 2.4393996623 0.0040948875 0.0114405688 -0.0999453213 -0.1670572348 0.0068445484 
171 2 1.0382827193 0.7078731642 0.0280811814 0.3420766594 0.140989059 -0.4920842279 -0.0980097788 
172 2 1.1406465494 0.3033570636 0.0145943725 0.9831231147 0.0665380041 -0.546111107 -0.1197834086 
173 2 1.0329091477 0.9980935609 0.0621497783 0.0066579683 0.2490608229 0.0815185581 0.0203418597 
174 2 1.7398216184 2.2695903973 0.2478131406 0.509575726 -0.7499562149 1.0754199991 -0.3553583558 
175 2 1.0575377144 0.5164682504 0.0572767061 0.5446410609 -0.1719930237 -0.5303676233 0.1766217597 
176 2 0.511060443 0.0157750257 0.1930553519 0.0523523988 -0.0551856243 0.0287377876 -0.1005331327 
177 2 0.7806683103 0.0163952988 0.1618114336 0.4312362782 -0.0515067647 0.0840847646 -0.2641570753 
178 2 1.499229913 0.9958995977 1.1645877955 0.0872029389 1.0769459211 0.2946953881 0.318677703 
179 2 1.2762282438 0.8512730859 0.663628692 0.1138567525 -0.7516177516 -0.3113248931 0.2748792603 
180 2 1.369027607 1.1368465721e-05 1.0122366082 0.8619886122 -0.003392282 -0.0031304134 0.9340965845 
181 2 1.0775600847 0.6541755374 0.0212444658 0.4857157329 -0.1178881244 0.5636872809 -0.1015813531 
182 2 1.5089816851 0.0156891705 0.0327943211 2.2285422344 -0.0226829384 -0.1869865749 0.270339656 
183 2 1.5046053714 0.7984007807 1.3333712774 0.1320652656 1.0317774318 0.3247168169 0.4196332112 
184 2 1.1655624613 0.7122665484 0.5414876443 0.1047816584 -0.6210342466 -0.27318944 0.2381973412 
185 2 0.750694266 0.0016171324 0.548388939 0.0135358096 0.0297794816 -0.0046785891 -0.0861561852 
186 2 1.4757751105 1.7570071651 0.404728536 0.0161764758 0.8432739398 -0.1685888011 -0.0809140369 
187 2 1.2359212762 0.0110919962 1.4166142801 0.0997951247 -0.1253518257 -0.0332705146 0.3759936153 
188 2 1.4655140209 0.6640971941 0.258875772 1.2247583794 -0.414630768 -0.9018639605 0.5630810518 
189 2 0.7734090991 0.0512631757 0.5413332661 0.0055651928 0.1665847001 0.0168905138 0.0548873755 
190 2 1.086151379 0.0934800813 0.1907925764 0.8954521604 -0.1335488883 0.289321518 -0.4133347611 
191 2 0.6635617942 0.4027887832 3.7457215149e-04 0.0371508993 0.0122830559 -0.1223272886 -0.0037303743 
192 2 0.7584714129 0.1860157177 0.0019036084 0.3873595581 -0.018817574 -0.2684305612 0.0271547588 
193 2 1.0457458898 0.1927822435 0.9006867561 1.1546631526e-04 0.4166970285 0.0047180351 0.0101979891 
194 2 0.5548414441 0.022228199 0.001594737 0.2840260922 0.0059538333 -0.0794568341 -0.0212825496 
195 2 0.9664306353 0.2536703569 0.004955925 0.6753618911 0.0354566109 0.4139073471 0.057853633 
196 2 1.1189590063 0.735047782 0.0878501749 0.4291713008 -0.2541142976 0.5616595168 -0.1941720213 
197 1 0.0 0.0 0.0 0.0 0.0 0.0 0.0 
198 1 0.0 0.0 0.0 0.0 0.0 0.0 0.0 
199 1 0.0 0.0 0.0 0.0 0.0 0.0 0.0 
200 1 0.0 0.0 0.0 0.0 0.0 0.0 0.0 
201 1 0.0 0.0 0.0 0.0 0.0 0.0 0.0 
202 1 0.0 0.0 0.0 0.0 0.0 0.0 0.0 
203 1 0.0 0.0 0.0 0.0 0.0 0.0 0.0 
204 1 0.0 0.0 0.0 0.0 0.0 0.0 0.0 
205 1 0.0 0.0 0.0 0.0 0.0 0.0 0.0 
206 1 0.0 0.0 0.0 0.0 0.0 0.0 0.0 
207 1 0.0 0.0 0.0 0.0 0.0 0.0 0.0 
208 1 0.0 0.0 0.0 0.0 0.0 0.0 0.0 
209 1 0.0 0.0 0.0 0.0 0.0 0.0 0.0 
210 1 0.0 0.0 0.0 0.0 0.0 0.0 0.0 
211 1 0.0 0.0 0.0 0.0 0.0 0.0 0.0 
212 1 0.0 0.0 0.0 0.0 0.0 0.0 0.0 
213 1 0.0 0.0 0.0 0.0 0.0 0.0 0.0 
214 1 0.0 0.0 0.0 0.0 0.0 0.0 0.0 
215 1 0.0 0.0 0.0 0.0 0.0 0.0 0.0 
216 1 0.0 0.0 0.0 0.0 0.0 0.0 0.0 
217 1 0.0 0.0 0.0 0.0 0.0 0.0 0.0 
218 1 0.0 0.0 0.0 0.0 0.0 0.0 0.0 
219 1 0.0 0.0 0.0 0.0 0.0 0.0 0.0 
220 1 0.0 0.0 0.0 0.0 0.0 0.0 0.0 
221 1 0.0 0.0 0.0 0.0 0.0 0.0 0.0 
222 1 0.0 0.0 0.0 0.0 0.0 0.0 0.0 
223 1 0.0 0.0 0.0 0.0 0.0 0.0 0.0 
224 1 0.0 0.0 0.0 0.0 0.0 0.0 0.0 
225 1 0.0 0.0 0.0 0.0 0.0 0.0 0.0 
226 1 0.0 0.0 0.0 0.0 0.0 0.0 0.0 
227 1 0.0 0.0 0.0 0.0 0.0 0.0 0.0 
228 1 0.0 0.0 0.0 0.0 0.0 0.0 0.0 
229 1 0.0 0.0 0.0 0.0 0.0 0.0 0.0 
230 1 0.0 0.0 0.0 0.0 0.0 0.0 0.0 
231 1 0.0 0.0 0.0 0.0 0.0 0.0 0.0 
232 1 0.0 0.0 0.0 0.0 0.0 0.0 0.0 
233 1 0.0 0.0 0.0 0.0 0.0 0.0 0.0 
234 1 0.0 0.0 0.0 0.0 0.0 0.0 0.0 
235 1 0.0 0.0 0.0 0.0 0.0 0.0 0.0 
236 1 0.0 0.0 0.0 0.0 0.0 0.0 0.0 
237 1 0.0 0.0 0.0 0.0 0.0 0.0 0.0 
238 1 0.0 0.0 0.0 0.0 0.0 0.0 0.0 
239 1 0.0 0.0 0.0 0.0 0.0 0.0 0.0 
240 1 0.0 0.0 0.0 0.0 0.0 0.0 0.0 
241 1 0.0 0.0 0.0 0.0 0.0 0.0 0.0 
242 1 0.0 0.0 0.0 0.0 0.0 0.0 0.0 
243 1 0.0 0.0 0.0 0.0 0.0 0.0 0.0 
244 1 0.0 0.0 0.0 0.0 0.0 0.0 0.0 
245 1 0.0 0.0 0.0 0.0 0.0 0.0 0.0 
246 1 0.0 0.0 0.0 0.0 0.0 0.0 0.0 
247 1 0.0 0.0 0.0 0.0 0.0 0.0 0.0 
248 1 0.0 0.0 0.0 0.0 0.0 0.0 0.0 
249 1 0.0 0.0 0.0 0.0 0.0 0.0 0.0 
250 1 0.0 0.0 0.0 0.0 0.0 0.0 0.0 
251 1 0.0 0.0 0.0 0.0 0.0 0.0 0.0 
252 1 0.0 0.0 0.0 0.0 0.0 0.0 0.0 
253 1 0.0 0.0 0.0 0.0 0.0 0.0 0.0 
254 1 0.0 0.0 0.0 0.0 0.0 0.0 0.0 
255 1 0.0 0.0 0.0 0.0 0.0 0.0 0.0 
256 1 0.0 0.0 0.0 0.0 0.0 0.0 0.0 
257 1 0.0 0.0 0.0 0.0 0.0 0.0 0.0 
258 1 0.0 0.0 0.0 0.0 0.0 0.0 0.0 
259 1 0.0 0.0 0.0 0.0 0.0 0.0 0.0 
260 1 0.0 0.0 0.0 0.0 0.0 0.0 0.0 
261 1 0.0 0.0 0.0 0.0 0.0 0.0 0.0 
262 1 0.0 0.0 0.0 0.0 0.0 0.0 0.0 
263 1 0.0 0.0 0.0 0.0 0.0 0.0 0.0 
264 1 0.0 0.0 0.0 0.0 0.0 0.0 0.0 
265 1 0.0 0.0 0.0 0.0 0.0 0.0 0.0 
266 1 0.0 0.0 0.0 0.0 0.0 0.0 0.0 
267 1 0.0 0.0 0.0 0.0 0.0 0.0 0.0 
268 1 0.0 0.0 0.0 0.0 0.0 0.0 0.0 
269 1 0.0 0.0 0.0 0.0 0.0 0.0 0.0 
270 1 0.0 0.0 0.0 0.0 0.0 0.0 0.0 
271 1 0.0 0.0 0.0 0.0 0.0 0.0 0.0 
272 1 0.0 0.0 0.0 0.0 0.0 0.0 0.0 
273 1 0.0 0.0 0.0 0.0 0.0 0.0 0.0 
274 1 0.0 0.0 0.0 0.0 0.0 0.0 0.0 
275 1 0.0 0.0 0.0 0.0 0.0 0.0 0.0 
276 1 0.0 0.0 0.0 0.0 0.0 0.0 0.0 
277 1 0.0 0.0 0.0 0.0 0.0 0.0 0.0 
278 1 0.0 0.0 0.0 0.0 0.0 0.0 0.0 
279 1 0.0 0.0 0.0 0.0 0.0 0.0 0.0 
280 1 0.0 0.0 0.0 0.0 0.0 0.0 0.0 
281 1 0.0 0.0 0.0 0.0 0.0 0.0 0.0 
282 1 0.0 0.0 0.0 0.0 0.0 0.0 0.0 
283 1 0.0 0.0 0.0 0.0 0.0 0.0 0.0 
284 1 0.0 0.0 0.0 0.0 0.0 0.0 0.0 
285 1 0.0 0.0 0.0 0.0 0.0 0.0 0.0 
286 1 0.0 0.0 0.0 0.0 0.0 0.0 0.0 
287 1 0.0 0.0 0.0 0.0 0.0 0.0 0.0 
288 1 0.0 0.0 0.0 0.0 0.0 0.0 0.0 
289 1 0.0 0.0 0.0 0.0 0.0 0.0 0.0 
290 1 0.0 0.0 0.0 0.0 0.0 0.0 0.0 
291 1 0.0 0.0 0.0 0.0 0.0 0.0 0.0 
292 1 0.0 0.0 0.0 0.0 0.0 0.0 0.0 
293 1 0.0 0.0 0.0 0.0 0.0 0.0 0.0 
294 1 0.0 0.0 0.0 0.0 0.0 0.0 0.0 
295 1 0.0 0.0 0.0 0.0 0.0 0.0 0.0 
296 1 0.0 0.0 0.0 0.0 0.0 0.0 0.0 
297 1 0.0 0.0 0.0 0.0 0.0 0.0 0.0 
298 1 0.0 0.0 0.0 0.0 0.0 0.0 0.0 
299 1 0.0 0.0 0.0 0.0 0.0 0.0 0.0 
300 1 0.0 0.0 0.0 0.0 0.0 0.0 0.0 
301 1 0.0 0.0 0.0 0.0 0.0 0.0 0.0 
302 1 0.0 0.0 0.0 0.0 0.0 0.0 0.0 
303 1 0.0 0.0 0.0 0.0 0.0 0.0 0.0 
304 1 0.0 0.0 0.0 0.0 0.0 0.0 0.0 
305 1 0.0 0.0 0.0 0.0 0.0 0.0 0.0 
306 1 0.0 0.0 0.0 0.0 0.0 0.0 0.0 
307 1 0.0 0.0 0.0 0.0 0.0 0.0 0.0 
308 1 0.0 0.0 0.0 0.0 0.0 0.0 0.0 
309 1 0.0 0.0 0.0 0.0 0.0 0.0 0.0 
310 1 0.0 0.0 0.0 0.0 0.0 0.0 0.0 
311 1 0.0 0.0 0.0 0.0 0.0 0.0 0.0 
312 1 0.0 0.0 0.0 0.0 0.0 0.0 0.0 
313 1 0.0 0.0 0.0 0.0 0.0 0.0 0.0 
314 1 0.0 0.0 0.0 0.0 0.0 0.0 0.0 
315 1 0.0 0.0 0.0 0.0 0.0 0.0 0.0 
316 1 0.0 0.0 0.0 0.0 0.0 0.0 0.0 
317 1 0.0 0.0 0.0 0.0 0.0 0.0 0.0 
318 1 0.0 0.0 0.0 0.0 0.0 0.0 0.0 
319 1 0.0 0.0 0.0 0.0 0.0 0.0 0.0 
320 1 0.0 0.0 0.0 0.0 0.0 0.0 0.0 
321 1 0.0 0.0 0.0 0.0 0.0 0.0 0.0 
322 1 0.0 0.0 0.0 0.0 0.0 0.0 0.0 
323 1 0.0 0.0 0.0 0.0 0.0 0.0 0.0 
324 1 0.0 0.0 0.0 0.0 0.0 0.0 0.0 
325 1 0.0 0.0 0.0 0.0 0.0 0.0 0.0 
326 1 0.0 0.0 0.0 0.0 0.0 0.0 0.0 
327 1 0.0 0.0 0.0 0.0 0.0 0.0 0.0 
328 1 0.0 0.0 0.0 0.0 0.0 0.0 0.0 
329 1 0.0 0.0 0.0 0.0 0.0 0.0 0.0 
330 1 0.0 0.0 0.0 0.0 0.0 0.0 0.0 
331 1 0.0 0.0 0.0 0.0 0.0 0.0 0.0 
332 1 0.0 0.0 0.0 0.0 0.0 0.0 0.0 
333 1 0.0 0.0 0.0 0.0 0.0 0.0 0.0 
334 1 0.0 0.0 0.0 0.0 0.0 0.0 0.0 
335 1 0.0 0.0 0.0 0.0 0.0 0.0 0.0 
336 1 0.0 0.0 0.0 0.0 0.0 0.0 0.0 
337 1 0.0 0.0 0.0 0.0 0.0 0.0 0.0 
338 1 0.0 0.0 0.0 0.0 0.0 0.0 0.0 
339 1 0.0 0.0 0.0 0.0 0.0 0.0 0.0 
340 1 0.0 0.0 0.0 0.0 0.0 0.0 0.0 
341 1 0.0 0.0 0.0 0.0 0.0 0.0 0.0 
342 1 0.0 0.0 0.0 0.0 0.0 0.0 0.0 
343 1 0.0 0.0 0.0 0.0 0.0 0.0 0.0 
344 1 0.0 0.0 0.0 0.0 0.0 0.0 0.0 
345 1 0.0 0.0 0.0 0.0 0.0 0.0 0.0 
346 1 0.0 0.0 0.0 0.0 0.0 0.0 0.0 
347 1 0.0 0.0 0.0 0.0 0.0 0.0 0.0 
348 1 0.0 0.0 0.0 0.0 0.0 0.0 0.0 
349 1 0.0 0.0 0.0 0.0 0.0 0.0 0.0 
350 1 0.0 0.0 0.0 0.0 0.0 0.0 0.0 
351 1 0.0 0.0 0.0 0.0 0.0 0.0 0.0 
352 1 0.0 0.0 0.0 0.0 0.0 0.0 0.0 
353 1 0.0 0.0 0.0 0.0 0.0 0.0 0.0 
354 1 0.0 0.0 0.0 0.0 0.0 0.0 0.0 
355 1 0.0 0.0 0.0 0.0 0.0 0.0 0.0 
356 1 0.0 0.0 0.0 0.0 0.0 0.0 0.0 
357 1 0.0 0.0 0.0 0.0 0.0 0.0 0.0 
358 1 0.0 0.0 0.0 0.0 0.0 0.0 0.0 
359 1 0.0 0.0 0.0 0.0 0.0 0.0 0.0 
360 1 0.0 0.0 0.0 0.0 0.0 0.0 0.0 
361 1 0.0 0.0 0.0 0.0 0.0 0.0 0.0 
362 1 0.0 0.0 0.0 0.0 0.0 0.0 0.0 
363 1 0.0 0.0 0.0 0.0 0.0 0.0 0.0 
364 1 0.0 0.0 0.0 0.0 0.0 0.0 0.0 
365 1 0.0 0.0 0.0 0.0 0.0 0.0 0.0 
366 1 0.0 0.0 0.0 0.0 0.0 0.0 0.0 
367 1 0.0 0.0 0.0 0.0 0.0 0.0 0.0 
368 1 0.0 0.0 0.0 0.0 0.0 0.0 0.0 
369 1 0.0 0.0 0.0 0.0 0.0 0.0 0.0 
370 1 0.0 0.0 0.0 0.0 0.0 0.0 0.0 
371 1 0.0 0.0 0.0 0.0 0.0 0.0 0.0 
372 1 0.0 0.0 0.0 0.0 0.0 0.0 0.0 
373 1 0.0 0.0 0.0 0.0 0.0 0.0 0.0 
374 1 0.0 0.0 0.0 0.0 0.0 0.0 0.0 
375 1 0.0 0.0 0.0 0.0 0.0 0.0 0.0 
376 1 0.0 0.0 0.0 0.0 0.0 0.0 0.0 
377 1 0.0 0.0 0.0 0.0 0.0 0.0 0.0 
378 1 0.0 0.0 0.0 0.0 0.0 0.0 0.0 
379 1 0.0 0.0 0.0 0.0 0.0 0.0 0.0 
380 1 0.0 0.0 0.0 0.0 0.0 0.0 0.0 
381 1 0.0 0.0 0.0 0.0 0.0 0.0 0.0 
382 1 0.0 0.0 0.0 0.0 0.0 0.0 0.0 
383 1 0.0 0.0 0.0 0.0 0.0 0.0 0.0 
384 1 0.0 0.0 0.0 0.0 0.0 0.0 0.0 
385 1 0.0 0.0 0.0 0.0 0.0 0.0 0.0 
386 1 0.0 0.0 0.0 0.0 0.0 0.0 0.0 
387 1 0.0 0.0 0.0 0.0 0.0 0.0 0.0 
388 1 0.0 0.0 0.0 0.0 0.0 0.0 0.0 
389 1 0.0 0.0 0.0 0.0 0.0 0.0 0.0 
390 1 0.0 0.0 0.0 0.0 0.0 0.0 0.0 
391 1 0.0 0.0 0.0 0.0 0.0 0.0 0.0 
392 1 0.0 0.0 0.0 0.0 0.0 0.0 0.0 
393 1 0.0 0.0 0.0 0.0 0.0 0.0 0.0 
394 1 0.0 0.0 0.0 0.0 0.0 0.0 0.0 
395 1 0.0 0.0 0.0 0.0 0.0 0.0 0.0 
396 1 0.0 0.0 0.0 0.0 0.0 0.0 0.0 
397 1 0.0 0.0 0.0 0.0 0.0 0.0 0.0 
398 1 0.0 0.0 0.0 0.0 0.0 0.0 0.0 
399 1 0.0 0.0 0.0 0.0 0.0 0.0 0.0 
400 1 0.0 0.0 0.0 0.0 0.0 0.0 0.0 
401 1 0.0 0.0 0.0 0.0 0.0 0.0 0.0 
402 1 0.0 0.0 0.0 0.0 0.0 0.0 0.0 
403 1 0.0 0.0 0.0 0.0 0.0 0.0 0.0 
404 1 0.0 0.0 0.0 0.0 0.0 0.0 0.0 
405 1 0.0 0.0 0.0 0.0 0.0 0.0 0.0 
406 1 0.0 0.0 0.0 0.0 0.0 0.0 0.0 
407 1 0.0 0.0 0.0 0.0 0.0 0.0 0.0 
408 1 0.0 0.0 0.0 0.0 0.0 0.0 0.0 
409 1 0.0 0.0 0.0 0.0 0.0 0.0 0.0 
410 1 0.0 0.0 0.0 0.0 0.0 0.0 0.0 
411 1 0.0 0.0 0.0 0.0 0.0 0.0 0.0 
412 1 0.0 0.0 0.0 0.0 0.0 0.0 0.0 
413 1 0.0 0.0 0.0 0.0 0.0 0.0 0.0 
414 1 0.0 0.0 0.0 0.0 0.0 0.0 0.0 
415 1 0.0 0.0 0.0 0.0 0.0 0.0 0.0 
416 1 0.0 0.0 0.0 0.0 0.0 0.0 0.0 
417 1 0.0 0.0 0.0 0.0 0.0 0.0 0.0 
418 1 0.0 0.0 0.0 0.0 0.0 0.0 0.0 
419 1 0.0 0.0 0.0 0.0 0.0 0.0 0.0 
420 1 0.0 0.0 0.0 0.0 0.0 0.0 0.0 
421 1 0.0 0.0 0.0 0.0 0.0 0.0 0.0 
422 1 0.0 0.0 0.0 0.0 0.0 0.0 0.0 
423 1 0.0 0.0 0.0 0.0 0.0 0.0 0.0 
424 1 0.0 0.0 0.0 0.0 0.0 0.0 0.0 
425 1 0.0 0.0 0.0 0.0 0.0 0.0 0.0 
426 1 0.0 0.0 0.0 0.0 0.0 0.0 0.0 
427 1 0.0 0.0 0.0 0.0 0.0 0.0 0.0 
428 1 0.0 0.0 0.0 0.0 0.0 0.0 0.0 
429 1 0.0 0.0 0.0 0.0 0.0 0.0 0.0 
430 1 0.0 0.0 0.0 0.0 0.0 0.0 0.0 
431 1 0.0 0.0 0.0 0.0 0.0 0.0 0.0 
432 1 0.0 0.0 0.0 0.0 0.0 0.0 0.0 
433 1 0.0 0.0 0.0 0.0 0.0 0.0 0.0 
434 1 0.0 0.0 0.0 0.0 0.0 0.0 0.0 
435 1 0.0 0.0 0.0 0.0 0.0 0.0 0.0 
436 1 0.0 0.0 0.0 0.0 0.0 0.0 0.0 
437 1 0.0 0.0 0.0 0.0 0.0 0.0 0.0 
438 1 0.0 0.0 0.0 0.0 0.0 0.0 0.0 
439 1 0.0 0.0 0.0 0.0 0.0 0.0 0.0 
440 1 0.0 0.0 0.0 0.0 0.0 0.0 0.0 
441 1 0.0 0.0 0.0 0.0 0.0 0.0 0.0 
442 1 0.0 0.0 0.0 0.0 0.0 0.0 0.0 
443 1 0.0 0.0 0.0 0.0 0.0 0.0 0.0 
444 1 0.0 0.0 0.0 0.0 0.0 0.0 0.0 
445 1 0.0 0.0 0.0 0.0 0.0 0.0 0.0 
446 1 0.0 0.0 0.0 0.0 0.0 0.0 0.0 
447 1 0.0 0.0 0.0 0.0 0.0 0.0 0.0 
448 1 0.0 0.0 0.0 0.0 0.0 0.0 0.0 
449 1 0.0 0.0 0.0 0.0 0.0 0.0 0.0 
450 1 0.0 0.0 0.0 0.0 0.0 0.0 0.0 
451 1 0.0 0.0 0.0 0.0 0.0 0.0 0.0 
452 1 0.0 0.0 0.0 0.0 0.0 0.0 0.0 
453 1 0.0 0.0 0.0 0.0 0.0 0.0 0.0 
454 1 0.0 0.0 0.0 0.0 0.0 0.0 0.0 
455 1 0.0 0.0 0.0 0.0 0.0 0.0 0.0 
456 1 0.0 0.0 0.0 0.0 0.0 0.0 0.0 
457 1 0.0 0.0 0.0 0.0 0.0 0.0 0.0 
458 1 0.0 0.0 0.0 0.0 0.0 0.0 0.0 
459 1 0.0 0.0 0.0 0.0 0.0 0.0 0.0 
460 1 0.0 0.0 0.0 0.0 0.0 0.0 0.0 
461 1 0.0 0.0 0.0 0.0 0.0 0.0 0.0 
462 1 0.0 0.0 0.0 0.0 0.0 0.0 0.0 
463 1 0.0 0.0 0.0 0.0 0.0 0.0 0.0 
464 1 0.0 0.0 0.0 0.0 0.0 0.0 0.0 
465 1 0.0 0.0 0.0 0.0 0.0 0.0 0.0 
466 1 0.0 0.0 0.0 0.0 0.0 0.0 0.0 
467 1 0.0 0.0 0.0 0.0 0.0 0.0 0.0 
468 1 0.0 0.0 0.0 0.0 0.0 0.0 0.0 
469 1 0.0 0.0 0.0 0.0 0.0 0.0 0.0 
470 1 0.0 0.0 0.0 0.0 0.0 0.0 0.0 
471 1 0.0 0.0 0.0 0.0 0.0 0.0 0.0 
472 1 0.0 0.0 0.0 0.0 0.0 0.0 0.0 
473 1 0.0 0.0 0.0 0.0 0.0 0.0 0.0 
474 1 0.0 0.0 0.0 0.0 0.0 0.0 0.0 
475 1 0.0 0.0 0.0 0.0 0.0 0.0 0.0 
476 1 0.0 0.0 0.0 0.0 0.0 0.0 0.0 
477 1 0.0 0.0 0.0 0.0 0.0 0.0 0.0 
478 1 0.0 0.0 0.0 0.0 0.0 0.0 0.0 
479 1 0.0 0.0 0.0 0.0 0.0 0.0 0.0 
480 1 0.0 0.0 0.0 0.0 0.0 0.0 0.0 
481 1 0.0 0.0 0.0 0.0 0.0 0.0 0.0 
482 1 0.0 0.0 0.0 0.0 0.0 0.0 0.0 
483 1 0.0 0.0 0.0 0.0 0.0 0.0 0.0 
484 1 0.0 0.0 0.0 0.0 0.0 0.0 0.0 
485 1 0.0 0.0 0.0 0.0 0.0 0.0 0.0 
486 1 0.0 0.0 0.0 0.0 0.0 0.0 0.0 
487 1 0.0 0.0 0.0 0.0 0.0 0.0 0.0 
488 1 0.0 0.0 0.0 0.0 0.0 0.0 0.0 
489 1 0.0 0.0 0.0 0.0 0.0 0.0 0.0 
490 1 0.0 0.0 0.0 0.0 0.0 0.0 0.0 
491 1 0.0 0.0 0.0 0.0 0.0 0.0 0.0 
492 1 0.0 0.0 0.0 0.0 0.0 0.0 0.0 
493 1 0.0 0.0 0.0 0.0 0.0 0.0 0.0 
494 1 0.0 0.0 0.0 0.0 0.0 0.0 0.0 
495 1 0.0 0.0 0.0 0.0 0.0 0.0 0.0 
496 1 0.0 0.0 0.0 0.0 0.0 0.0 0.0 
497 1 0.0 0.0 0.0 0.0 0.0 0.0 0.0 
498 1 0.0 0.0 0.0 0.0 0.0 0.0 0.0 
499 1 0.0 0.0 0.0 0.0 0.0 0.0 0.0 
500 1 0.0 0.0 0.0 0.0 0.0 0.0 0.0 
501 1 0.0 0.0 0.0 0.0 0.0 0.0 0.0 
502 1 0.0 0.0 0.0 0.0 0.0 0.0 0.0 
503 1 0.0 0.0 0.0 0.0 0.0 0.0 0.0 
504 1 0.0 0.0 0.0 0.0 0.0 0.0 0.0 
505 1 0.0 0.0 0.0 0.0 0.0 0.0 0.0 
506 1 0.0 0.0 0.0 0.0 0.0 0.0 0.0 
507 1 0.0 0.0 0.0 0.0 0.0 0.0 0.0 
508 1 0.0 0.0 0.0 0.0 0.0 0.0 0.0 
509 1 0.0 0.0 0.0 0.0 0.0 0.0 0.0 
510 1 0.0 0.0 0.0 0.0 0.0 0.0 0.0 
511 1 0.0 0.0 0.0 0.0 0.0 0.0 0.0 
512 1 0.0 0.0 0.0 0.0 0.0 0.0 0.0 
513 1 0.0 0.0 0.0 0.0 0.0 0.0 0.0 
514 1 0.0 0.0 0.0 0.0 0.0 0.0 0.0 
515 1 0.0 0.0 0.0 0.0 0.0 0.0 0.0 
516 1 0.0 0.0 0.0 0.0 0.0 0.0 0.0 
517 1 0.0 0.0 0.0 0.0 0.0 0.0 0.0 
518 1 0.0 0.0 0.0 0.0 0.0 0.0 0.0 
519 1 0.0 0.0 0.0 0.0 0.0 0.0 0.0 
520 1 0.0 0.0 0.0 0.0 0.0 0.0 0.0 
521 1 0.0 0.0 0.0 0.0 0.0 0.0 0.0 
522 1 0.0 0.0 0.0 0.0 0.0 0.0 0.0 
523 1 0.0 0.0 0.0 0.0 0.0 0.0 0.0 
524 1 0.0 0.0 0.0 0.0 0.0 0.0 0.0 
525 1 0.0 0.0 0.0 0.0 0.0 0.0 0.0 
526 1 0.0 0.0 0.0 0.0 0.0 0.0 0.0 
527 1 0.0 0.0 0.0 0.0 0.0 0.0 0.0 
528 1 0.0 0.0 0.0 0.0 0.0 0.0 0.0 
529 1 0.0 0.0 0.0 0.0 0.0 0.0 0.0 
530 1 0.0 0.0 0.0 0.0 0.0 0.0 0.0 
531 1 0.0 0.0 0.0 0.0 0.0 0.0 0.0 
532 1 0.0 0.0 0.0 0.0 0.0 0.0 0.0 
533 1 0.0 0.0 0.0 0.0 0.0 0.0 0.0 
534 1 0.0 0.0 0.0 0.0 0.0 0.0 0.0 
535 1 0.0 0.0 0.0 0.0 0.0 0.0 0.0 
536 1 0.0 0.0 0.0 0.0 0.0 0.0 0.0 
537 1 0.0 0.0 0.0 0.0 0.0 0.0 0.0 
538 1 0.0 0.0 0.0 0.0 0.0 0.0 0.0 
539 1 0.0 0.0 0.0 0.0 0.0 0.0 0.0 
540 1 0.0 0.0 0.0 0.0 0.0 0.0 0.0 
541 1 0.0 0.0 0.0 0.0 0.0 0.0 0.0 
542 1 0.0 0.0 0.0 0.0 0.0 0.0 0.0 
543 1 0.0 0.0 0.0 0.0 0.0 0.0 0.0 
544 1 0.0 0.0 0.0 0.0 0.0 0.0 0.0 
545 1 0.0 0.0 0.0 0.0 0.0 0.0 0.0 
546 1 0.0 0.0 0.0 0.0 0.0 0.0 0.0 
547 1 0.0 0.0 0.0 0.0 0.0 0.0 0.0 
548 1 0.0 0.0 0.0 0.0 0.0 0.0 0.0 
549 1 0.0 0.0 0.0 0.0 0.0 0.0 0.0 
550 1 0.0 0.0 0.0 0.0 0.0 0.0 0.0 
551 1 0.0 0.0 0.0 0.0 0.0 0.0 0.0 
552 1 0.0 0.0 0.0 0.0 0.0 0.0 0.0 
553 1 0.0 0.0 0.0 0.0 0.0 0.0 0.0 
554 1 0.0 0.0 0.0 0.0 0.0 0.0 0.0 
555 1 0.0 0.0 0.0 0.0 0.0 0.0 0.0 
556 1 0.0 0.0 0.0 0.0 0.0 0.0 0.0 
557 1 0.0 0.0 0.0 0.0 0.0 0.0 0.0 
558 1 0.0 0.0 0.0 0.0 0.0 0.0 0.0 
559 1 0.0 0.0 0.0 0.0 0.0 0.0 0.0 
560 1 0.0 0.0 0.0 0.0 0.0 0.0 0.0 
561 1 0.0 0.0 0.0 0.0 0.0 0.0 0.0 
562 1 0.0 0.0 0.0 0.0 0.0 0.0 0.0 
563 1 0.0 0.0 0.0 0.0 0.0 0.0 0.0 
564 1 0.0 0.0 0.0 0.0 0.0 0.0 0.0 
565 1 0.0 0.0 0.0 0.0 0.0 0.0 0.0 
566 1 0.0 0.0 0.0 0.0 0.0 0.0 0.0 
567 1 0.0 0.0 0.0 0.0 0.0 0.0 0.0 
568 1 0.0 0.0 0.0 0.0 0.0 0.0 0.0 
569 1 0.0 0.0 0.0 0.0 0.0 0.0 0.0 
570 1 0.0 0.0 0.0 0.0 0.0 0.0 0.0 
571 1 0.0 0.0 0.0 0.0 0.0 0.0 0.0 
572 1 0.0 0.0 0.0 0.0 0.0 0.0 0.0 
573 1 0.0 0.0 0.0 0.0 0.0 0.0 0.0 
574 1 0.0 0.0 0.0 0.0 0.0 0.0 0.0 
575 1 0.0 0.0 0.0 0.0 0.0 0.0 0.0 
576 1 0.0 0.0 0.0 0.0 0.0 0.0 0.0 
577 1 0.0 0.0 0.0 0.0 0.0 0.0 0.0 
578 1 0.0 0.0 0.0 0.0 0.0 0.0 0.0 
579 1 0.0 0.0 0.0 0.0 0.0 0.0 0.0 
580 1 0.0 0.0 0.0 0.0 0.0 0.0 0.0 
581 1 0.0 0.0 0.0 0.0 0.0 0.0 0.0 
582 1 0.0 0.0 0.0 0.0 0.0 0.0 0.0 
583 1 0.0 0.0 0.0 0.0 0.0 0.0 0.0 
584 1 0.0 0.0 0.0 0.0 0.0 0.0 0.0 
585 1 0.0 0.0 0.0 0.0 0.0 0.0 0.0 
586 1 0.0 0.0 0.0 0.0 0.0 0.0 0.0 
587 1 0.0 0.0 0.0 0.0 0.0 0.0 0.0 
588 1 0.0 0.0 0.0 0.0 0.0 0.0 0.0 
589 1 0.0 0.0 0.0 0.0 0.0 0.0 0.0 
590 1 0.0 0.0 0.0 0.0 0.0 0.0 0.0 
591 1 0.0 0.0 0.0 0.0 0.0 0.0 0.0 
592 1 0.0 0.0 0.0 0.0 0.0 0.0 0.0 
593 1 0.0 0.0 0.0 0.0 0.0 0.0 0.0 
594 1 0.0 0.0 0.0 0.0 0.0 0.0 0.0 
595 1 0.0 0.0 0.0 0.0 0.0 0.0 0.0 
596 1 0.0 0.0 0.0 0.0 0.0 0.0 0.0 
597 1 0.0 0.0 0.0 0.0 0.0 0.0 0.0 
598 1 0.0 0.0 0.0 0.0 0.0 0.0 0.0 
599 1 0.0 0.0 0.0 0.0 0.0 0.0 0.0 
600 1 0.0 0.0 0.0 0.0 0.0 0.0 0.0 
601 1 0.0 0.0 0.0 0.0 0.0 0.0 0.0 
602 1 0.0 0.0 0.0 0.0 0.0 0.0 0.0 
603 1 0.0 0.0 0.0 0.0 0.0 0.0 0.0 
604 1 0.0 0.0 0.0 0.0 0.0 0.0 0.0 
605 1 0.0 0.0 0.0 0.0 0.0 0.0 0.0 
606 1 0.0 0.0 0.0 0.0 0.0 0.0 0.0 
607 1 0.0 0.0 0.0 0.0 0.0 0.0 0.0 
608 1 0.0 0.0 0.0 0.0 0.0 0.0 0.0 
609 1 0.0 0.0 0.0 0.0 0.0 0.0 0.0 
610 1 0.0 0.0 0.0 0.0 0.0 0.0 0.0 
611 1 0.0 0.0 0.0 0.0 0.0 0.0 0.0 
612 1 0.0 0.0 0.0 0.0 0.0 0.0 0.0 
613 1 0.0 0.0 0.0 0.0 0.0 0.0 0.0 
614 1 0.0 0.0 0.0 0.0 0.0 0.0 0.0 
615 1 0.0 0.0 0.0 0.0 0.0 0.0 0.0 
616 1 0.0 0.0 0.0 0.0 0.0 0.0 0.0 
617 1 0.0 0.0 0.0 0.0 0.0 0.0 0.0 
618 1 0.0 0.0 0.0 0.0 0.0 0.0 0.0 
619 1 0.0 0.0 0.0 0.0 0.0 0.0 0.0 
620 1 0.0 0.0 0.0 0.0 0.0 0.0 0.0 
621 1 0.0 0.0 0.0 0.0 0.0 0.0 0.0 
622 1 0.0 0.0 0.0 0.0 0.0 0.0 0.0 
623 1 0.0 0.0 0.0 0.0 0.0 0.0 0.0 
624 1 0.0 0.0 0.0 0.0 0.0 0.0 0.0 
