# Cluster list (38 data points):
# "Cluster Identifier" "Cluster Size" "Radius of Gyration" "Gyration Tensor.XX" "Gyration Tensor.YY" "Gyration Tensor.ZZ" "Gyration Tensor.XY" "Gyration Tensor.XZ" "Gyration Tensor.YZ"
1 76 4.101849228 6.0233510391 5.3873215818 5.4144944681 2.0250364553 -1.9381231319 -1.4272452269 
2 74 3.929390198 6.5339255037 4.2279160767 4.6782657478 0.4706492785 0.625800924 0.8852357854 
3 70 3.930894733 4.1701372425 7.0652888724 4.2165072868 -0.1815512378 -0.431055291 1.8213280455 
4 58 3.5510818441 5.0083981549 3.70976984 3.892014269 0.1795325738 -0.18261583 -0.0171889091 
5 53 3.4591345182 4.2181930932 4.0145514127 3.7328671092 0.199495001 0.0027564023 0.4550344351 
6 47 3.3501477167 3.5668570793 4.3986982545 3.2579343903 0.5803340727 0.5306558932 0.0468160998 
7 43 3.2939459532 4.4819057884 3.851194483 2.5169796712 1.0396259517 -0.0547717837 0.1626011815 
8 43 3.7857187344 6.6797319238 4.7488526125 2.9030817995 -3.2810423294 -1.0258196069 0.8023447384 
9 39 3.1386854294 2.8191385535 4.0405714993 2.9916361721 0.4774299545 -0.2292505907 -0.5476803404 
10 36 3.0975031202 2.6306877152 3.3933958335 3.5704420308 -0.1072696698 0.4129685893 -1.0363196494 
11 31 2.9236214423 2.3491589001 2.7316863841 3.4667170535 -0.6115838719 -0.1372330846 -0.0267855235 
12 31 2.9879152773 4.3118921509 2.1029912465 2.512754307 -0.1078201549 -0.7651489688 0.1163218401 
13 31 2.9410940394 3.3997336412 2.2827467002 2.967553807 0.5245039426 -0.3706959369 0.0617838839 
14 28 2.8201868007 2.7968202967 2.2465149666 2.9101183273 0.424900933 0.5555672001 -0.0280847089 
15 27 2.8076371635 2.3746323531 2.0598647509 3.448329338 -0.3168780792 -0.75747143 0.0566312192 
16 23 2.6168440184 2.2174797693 2.6534440424 1.9769488048 -0.0872384178 0.1829915798 0.1400658851 
17 21 2.5746206001 2.2538361586 2.0433159498 2.3315191261 0.6197694844 -0.0536962959 0.2083346063 
18 20 2.5051668731 1.7619090924 2.5307812601 1.9831707094 -0.0246678284 -0.2929148692 0.1821847632 
19 20 2.4881823836 2.7180875065 2.0056928894 1.4672711782 -0.2863552334 -0.0588929824 0.1109472329 
20 18 2.4801601096 1.8861956458 1.7657333521 2.4992651712 0.4502729616 0.5911024783 -0.1302647794 
21 17 2.3973174916 2.3135447697 1.560683244 1.8729031416 0.2090642715 0.2475677189 0.4858740418 
22 16 2.3076101079 1.6030393808 1.7934239597 1.9286010697 -0.4717231792 0.2303584516 -0.3365979262 
23 15 2.2527696597 1.3932130964 2.1138266442 1.5679313992 -0.0161599683 0.0843552868 0.4339311731 
24 15 2.2642503941 2.0478416575 1.6579662819 1.4210219077 0.4374028022 -0.2286843186 -0.2233020307 
25 14 2.180847703 1.4025950363 1.9011022476 1.4523994199 -0.168195427 -0.088391499 0.2377122512 
26 14 2.1674904876 1.3446573443 1.5570659862 1.7962916833 -0.0292626682 0.1263368772 -0.2413124934 
27 14 2.1768956666 1.8693345825 1.4532579644 1.4162821964 -0.2232386997 0.2561780026 -0.099406445 
28 13 2.0573060665 1.3747918328 1.4203530847 1.4373633337 0.0233185477 0.002459393 0.0381323339 
29 13 2.0742740816 1.4284765676 1.4547928368 1.4193435611 -0.0038390739 -0.0053060034 -6.9545652972e-04 
30 12 2.0476017613 1.4009473214 1.3590100751 1.4327155762 -0.1737827052 0.0750110593 0.1133602529 
31 12 2.0455459466 1.3110518518 1.4137504637 1.459455904 0.1358606567 -0.1598121942 0.1266632974 
32 11 2.0388863633 1.4182887601 1.4411377692 1.297631073 -0.2342202883 -0.1672750877 -0.2147757376 
33 11 2.0253653914 1.6232506993 1.0845233085 1.3943309609 -0.243708723 -0.1440568536 -0.1759704179 
34 9 1.884268836 1.3127550962 1.0952488364 1.1424651136 -0.0253492529 0.0294979942 0.2797484538 
35 7 1.7448820127 0.5914328683 1.3306307489 1.1225496211 -0.1422504056 -0.3426161933 -0.0714953258 
36 7 1.7398019847 1.2621704261 0.6305992066 1.1341413133 -0.1884631327 -0.0883079226 -0.3184711527 
37 6 1.6071644166 0.9418704388 0.881135619 0.7599714041 0.0706010344 0.0035738948 -0.0393172863 
38 5 1.5401758393 0.642104571 0.8640904014 0.8659466434 0.2303293946 -0.1981164622 -0.4050004384 
