# Cluster list (621 data points):
# "Cluster Identifier" "Cluster Size" "Radius of Gyration" "Gyration Tensor.XX" "Gyration Tensor.YY" "Gyration Tensor.ZZ" "Gyration Tensor.XY" "Gyration Tensor.XZ" "Gyration Tensor.YZ"
1 14 4.615388055 5.4506849153 2.8827914168 12.9683305659 0.8233955853 -3.8026460462 -1.5844122515 
2 12 4.9233193499 19.3993563026 2.1007048275 2.7390122907 -1.7155556272 -3.0250230486 -0.4822499627 
3 10 5.107850647 18.5796690286 5.4364319654 2.0740372383 5.9689233581 0.002600818 -1.6474342262 
4 9 3.25761058 5.1621242971 2.5671872807 2.8827151134 1.0587989156 -0.6723597433 0.9344361947 
5 9 3.7358185546 1.8345821888 6.6912289173 5.4305291667 -2.3641371778 -0.4551820217 -0.4960570169 
6 8 3.9294425758 2.0529237467 3.9126005945 9.4749946156 1.7298605945 1.3083392889 1.0426620326 
7 7 3.2341708714 5.5615888246 1.272852099 3.6254203015 0.4269071384 -2.5937143767 -0.1431977193 
8 7 3.1041362877 1.0446607621 2.6923547257 5.8986466047 0.3600748263 -1.4219028152 -0.0832632698 
9 7 3.4570577149 1.5215426888 9.4723670559 0.9573382993 -0.1668408193 0.1129793774 -1.3558260563 
10 7 4.4436870153 14.5757128326 3.3556979205 1.8149435365 -6.5978921382 -0.8368651404 0.1529282971 
11 7 2.6970210885 3.7303938178 2.2163384302 1.3271905036 1.6160303401 0.1419557426 -0.3300110391 
12 7 2.4733345014 1.5184765746 2.7951552724 1.8037517089 -0.5149655488 -0.1293872754 -1.0551080419 
13 7 3.3352475329 4.7445977448 4.0898830195 2.2893953412 -2.1669276224 -2.080808213 2.0639170141 
14 6 3.5034048129 3.3050909052 7.8178742586 1.1508801195 4.4172686429 -0.6958527751 -1.3343269969 
15 6 2.9599756968 2.2171603042 5.4325532513 1.11174257 -1.7009823994 0.4961228312 1.0306444133 
16 6 3.9925434384 2.0455755582 6.1215991756 7.7732283737 -3.1716080151 -0.8303176856 3.9292713175 
17 5 2.8097786545 2.6531643162 1.5873030404 3.6543887308 0.7724226978 2.5515964355 0.2387405965 
18 5 2.5287271624 1.4719321068 3.09702098 1.8255079752 -1.3789696845 -1.2964416087 0.5881588321 
19 5 2.8589874014 3.6485866248 1.9107460112 2.6144763251 -1.358621704 0.941796002 -1.9320603924 
20 5 3.0234412774 1.0700293374 6.896848994 1.1743188266 0.2581460589 -0.8008103351 -1.0706760397 
21 5 2.664819177 0.9102350825 0.360156871 5.8308692926 0.2714413669 -1.3616155386 -0.4594126745 
22 5 3.3742766837 1.5437974233 8.1996839449 1.64226177 -3.1729173505 0.0190138755 1.4727557124 
23 5 2.6463363649 2.9792302171 2.9118194096 1.1120465296 -1.0158610616 -1.0938920218 0.5681172221 
24 5 3.1088949886 0.5386962124 1.0320217285 8.0945101094 -0.6290288971 0.363802546 -0.26801987 
25 4 2.7506885894 0.6367155748 3.237258156 3.6923139848 0.8208799247 0.3339629379 3.1727031651 
26 4 2.540013809 4.7787366331 0.5024932343 1.1704402827 -1.3261120768 -1.4999261405 0.1504108033 
27 4 2.1722301378 0.6038111359 2.3851331484 1.7296394873 -0.4728980304 0.379026827 -1.8084252971 
28 4 2.6827976359 6.4810050665 0.0165772474 0.6998208413 -0.2665891775 1.5556769628 -0.1052449332 
29 4 2.4839824618 2.4914973725 0.6589316639 3.0197398341 0.1769111173 2.0998235139 0.9376212565 
30 4 2.2847883169 1.4960506544 2.5799759112 1.1442310874 1.4573192388 0.7933771404 1.5261083486 
31 4 2.2569566515 1.3857493368 2.2663933466 1.4417106435 -0.1572577543 -0.0897153724 0.4637458104 
32 4 2.0728973707 2.2000813109 0.8029844032 1.2938377954 -0.6142534471 1.3466614125 -0.33474334 
33 4 2.9532904276 1.8313831424 5.2393346123 1.6512065951 -1.8708266964 1.4446766346 -2.7466898653 
34 4 2.9560145363 0.6616533507 2.5210265226 5.5553420654 0.5654488909 -1.2219921956 -3.2208530738 
35 4 2.2629350718 2.6283333621 0.5445200432 1.9480217338 -0.5815795349 -1.9337051665 0.5940197732 
36 4 2.0972548722 1.6653687187 2.2364413818 0.4966678987 -0.7891404372 -0.6948721299 0.8924290913 
37 4 1.90369881 0.6960278902 1.7119004583 1.2161408108 0.0929637489 0.5502452968 1.2256369783 
38 4 2.4110781965 2.4989057991 1.1321560194 2.1822362512 -1.581345904 -0.855719005 0.1878982562 
39 4 2.1004756327 0.7298391515 1.0901328967 2.5920258352 0.2096596394 0.7003715594 1.0080502523 
40 4 2.2702634737 0.5993351905 2.5653656514 1.9893953983 -1.1895990397 -0.0537465577 0.2990715726 
41 4 2.2179230334 2.3410482793 0.9267730429 1.6513612601 -0.2784547651 0.9573268784 -0.4089857541 
42 4 2.7019788422 4.9378278416 0.9341539353 1.4287078867 1.2556356124 -2.2863367275 -0.8105310715 
43 4 2.3363344563 1.5429123839 0.8975144666 3.018031841 -0.5893995595 1.6063033788 -1.5623590169 
44 4 2.6912687356 1.7887937445 3.1641457123 2.2899879504 -2.2841064313 1.0113338527 -1.0731158467 
45 4 2.1508275344 1.3926846967 2.5936782179 0.6396961679 -1.6074602838 0.0370224045 -0.0587131846 
46 3 2.154871007 1.5710522148 1.4076618214 1.6647550204 0.5616404105 1.4500467433 1.1460104489 
47 3 2.0503188553 1.4011481676 2.1675388805 0.6351203605 -1.740383463 0.3386686068 -0.4772485512 
48 3 1.9036759834 1.4587937921 1.8320142339 0.3331742237 -1.5339342079 -0.3083756941 0.0819632236 
49 3 2.1593659835 0.5801225572 1.9958471685 2.0868917251 -0.7006089751 -0.6239141101 2.0293784948 
50 3 2.0649593184 1.1035705557 1.9649968141 1.1954896167 1.2700811553 0.8458635092 0.4487314105 
51 3 2.1550338251 2.0733327776 2.3139969077 0.256841102 1.5815674052 0.1119464559 -0.4416456826 
52 3 1.7756949387 0.1225225322 0.5254948863 2.5050750968 -0.1742769505 0.5349765845 -0.5442420357 
53 3 2.0277498143 0.9272329173 0.6527643922 2.5317719997 -0.5739426367 1.5304020184 -0.9889654807 
54 3 1.8512119425 0.2836641179 1.3835140717 1.7598074662 -0.4612423241 -0.2711861957 -0.5340540595 
55 3 2.016841672 3.2520950969 0.0177162708 0.7978389621 -0.2263245537 0.5313878965 4.0250772266e-04 
56 3 2.1901632594 1.1184910874 2.8193788776 0.8589451379 -1.5493585533 -0.2603724829 -0.3724132949 
57 3 2.1019435659 2.66531902 0.8128164715 0.9400312628 -1.4696931356 1.577047459 -0.873682856 
58 3 1.9212786525 0.6625745431 0.8881268636 2.1406102539 -0.641036271 0.8260962627 -1.3447432302 
59 3 2.031838148 1.0177110619 2.7545098295 0.356145368 1.5741326132 0.3884871781 0.8586815971 
60 3 2.2423799575 0.7869104609 4.1182635526 0.1230938602 0.0825871539 -0.2167376235 -0.5331787203 
61 3 1.7555911199 0.5554163365 1.0591841744 1.4674996694 0.7213434448 -0.7364136937 -0.7112926063 
62 3 2.1985970395 3.2862460179 0.9010812671 0.646501657 1.6412090227 0.1050997515 0.2813393042 
63 3 2.0503563233 0.3378965228 3.0097439633 0.8563205662 0.9487335376 0.0744687349 0.7481128035 
64 3 2.4988546671 1.014589642 2.3387587808 2.8909262244 -0.8384999974 -1.4567783081 2.3508431611 
65 3 2.4761775938 0.4790172467 2.8272918025 2.8251464267 -0.1580008351 -0.3657834528 -2.5373790975 
66 3 1.7263544471 0.051547024 1.2323114541 1.696441199 0.0145750792 -0.280367669 0.3796785862 
67 3 1.5222054473 0.4690092223 0.1317397121 1.7163604895 0.2332963518 0.0354631481 -0.1463475874 
68 3 1.7898299757 1.9679556079 1.1549440281 0.0805917061 0.4537245584 -0.0922573582 -0.3042998107 
69 3 2.0303531051 0.0267774888 0.3431710221 3.7523852206 -0.0733470363 -0.316725066 0.8971307678 
70 3 2.2480554459 1.7821845202 0.1344353872 3.1371333802 0.3866804203 -1.5397137524 -0.0318860924 
71 3 1.9073876716 0.4079599286 1.7644711944 1.4656966068 0.8463044442 0.4636791444 1.0529351994 
72 3 1.9842254259 1.8515749093 0.880674506 1.2049011257 -1.2769440277 0.4239075203 -0.2869472314 
73 3 1.8339072023 1.7585824318 0.4646838162 1.1399493786 0.4127346534 0.9321621335 -0.2686166205 
74 3 1.8999031002 2.7035101355 0.1403994966 0.7657221581 0.6125201402 -0.0930985563 0.0140971665 
75 3 2.3971733591 0.8974217032 3.8465776058 1.0024408045 1.612327955 -0.1650423374 -1.2574150216 
76 3 1.8817203952 0.7888632792 2.5522352648 0.1997731016 -0.6700750408 -0.2386700966 -0.3002269058 
77 3 1.8831317001 0.7329433866 1.3711592675 1.4420823461 -0.4327512032 0.6483733495 0.6015419788 
78 3 1.7475551442 2.3616844756 0.0258642265 0.6664002798 -0.0557620343 -0.2764003894 -0.1182314842 
79 3 1.5981074877 1.1812821082 0.1513723403 1.2212930937 -0.3360440393 -0.6516305054 0.4046209705 
80 3 1.9511828248 1.5173214984 0.0091306736 2.2806622436 0.11746086 -1.1187809881 -0.0940109391 
81 3 2.0085632936 0.6394699025 1.6202607543 1.7745958475 -0.9275556386 1.0373289965 -1.3457520704 
82 3 2.2358290708 4.0153410463 0.3750193938 0.6085711939 1.060760611 1.1020516105 0.1207968189 
83 3 2.1961701775 2.6801688408 0.1878310132 1.9551635946 -0.6888839234 1.4900996529 -0.4931432232 
84 2 1.3638094497 0.5203302786 1.3031430808 0.0365028557 0.8234469032 -0.1378170565 -0.2181019115 
85 2 1.7441449853 0.6904902218 1.4290558315 0.9224956765 0.993352444 0.7981066622 1.1481715142 
86 2 1.70371432 2.434029795 0.4436060307 0.0250066584 1.0391103387 -0.2467122851 -0.1053238077 
87 2 1.1940406131 0.8171837501 0.1229399237 0.4856093121 -0.3169613665 0.6299460602 -0.2443374138 
88 2 1.4181440134 0.0028727633 0.4697921285 1.5384675509 -0.0367369243 0.0664804722 -0.8501528953 
89 2 1.5387127282 1.5239076698 0.6034029248 0.2403262652 0.9589214489 -0.6051735609 -0.3808064749 
90 2 1.277666129 0.0104199101 0.4256581357 1.1963526913 0.0665981945 0.111650739 0.7136086156 
91 2 1.3531322111 0.0425387478 0.0854756637 1.7029523691 -0.0602994834 0.2691495148 -0.3815245522 
92 2 1.522019119 0.9944611213 1.290705455 0.0313756224 1.1329414787 -0.1766404163 -0.2012378867 
93 2 1.6744572365 2.7254972024 0.0389069545 0.03940288 0.3256390574 0.3277078565 0.0391541321 
94 2 1.2482053292 0.5181259342 0.6631071091 0.3767835006 -0.5861509962 0.4418385489 -0.4998477947 
95 2 1.2226424066 1.030093088 0.3358856963 0.1288756701 -0.5882121506 -0.3643541367 0.2080564687 
96 2 1.242749022 0.2061339651 1.1920756015 0.1462155651 0.4957088565 0.1736087388 0.4174925241 
97 2 1.6895737942 1.101555321 1.477701942 0.275402343 1.2758410705 -0.550791173 -0.6379361857 
98 2 1.4007854194 0.4749455987 1.1335508218 0.3537033708 0.7337403994 -0.4098656599 -0.6331988208 
99 2 1.3169566301 1.4840791269 0.0095449406 0.2407506981 -0.1190186837 -0.5977399819 0.0479369493 
100 2 1.4678292379 0.361563125 1.0254474942 0.7675120523 0.6089039337 -0.5267865375 -0.8871546149 
101 2 0.936542799 0.1110409741 0.7288552573 0.0372161829 0.2844869027 -0.0642846887 -0.1646973301 
102 2 1.6080982013 0.0118879066 2.4631894578 0.1109024604 0.171120327 -0.0363097521 -0.522660283 
103 2 1.4389658252 0.4369378016 1.6194420256 0.0142428187 0.8411869225 -0.0788874254 -0.1518730362 
104 2 1.5456128513 2.0605210306 0.0239876812 0.3044103744 0.2223221123 -0.7919873599 -0.0854523201 
105 2 1.6993396576 5.3039384602e-04 1.1410474031 1.7461774751 -0.0246009049 0.0304329063 -1.4115492458 
106 2 1.1569908012 5.2964735369e-04 8.2671001616e-04 1.3372713566 -6.6171351227e-04 -0.0266135724 0.0332495959 
107 2 1.3648100463 1.4684912594 0.0384912176 0.3557239856 -0.2377478003 -0.7227569187 0.1170138852 
108 2 1.1826535229 0.7283757839 0.5561138296 0.1141797418 -0.6364431212 -0.2883847412 0.2519859787 
109 2 1.2401934393 0.471442764 0.7476786013 0.3189584015 0.5937067175 -0.3877765212 -0.4883424736 
110 2 1.7333163273 1.0222362961 1.9037199681 0.0784292264 1.3950095516 -0.2831487275 -0.3864030076 
111 2 1.1718944901 0.3080915035 0.0058206206 1.0594245719 -0.0423471811 -0.5713140198 0.0785271193 
112 2 1.3386991514 0.6075857877 0.2316169837 0.9529126467 0.3751362252 -0.7609048436 -0.4697986302 
113 2 1.7291474001 0.1049203125 2.5452307142 0.3397997046 -0.5167653257 0.1888170839 -0.9299831423 
114 2 1.711470761 1.3695786684 0.6539291167 0.9056243806 0.9463653464 1.1136982685 0.7695545148 
115 2 1.5743369275 1.1951908197 1.0128814891 0.2704644524 1.1002666301 -0.5685566204 -0.5234008381 
116 2 1.1419506638 0.6585130201 0.186276583 0.4592617155 -0.3502364276 0.5499361957 -0.2924888084 
117 2 0.9322303972 0.7692843188 0.0489184663 0.0508507283 0.1939902293 -0.1977843974 -0.0498752408 
118 2 1.6458007092 0.3145341633 1.0181691755 1.3759566355 0.56590546 -0.6578642482 -1.1836201388 
119 2 1.5561606703 0.4737310422 1.0390468228 0.9088581669 -0.7015901469 -0.6561663864 0.9717747634 
120 2 1.6034504628 1.5134760543 0.1663418391 0.8912354933 -0.5017513231 1.1614058626 -0.3850321428 
121 2 1.3214271533 0.6745368719 0.1274519743 0.9441808752 0.2932082128 -0.7980506338 -0.346897271 
122 2 1.7088657724 0.0719336273 0.0977271924 2.7505614083 -0.0838443286 0.4448121618 -0.5184637345 
123 2 1.4894664174 1.4332211925 0.158638468 0.6266505483 0.4768270276 0.9476966002 0.3152949142 
124 2 1.6717255625 0.1114506663 1.2904931052 1.3927225849 0.3792444019 0.3939795172 1.3406337655 
125 2 1.4450381737 0.8630319561 1.1538537238 0.0712496435 0.9979041218 -0.2479732228 -0.2867257689 
126 2 1.3173331436 1.2403051921 0.1414882038 0.3535732153 0.4189135397 0.6622225417 0.2236659096 
127 2 1.2788606459 0.9086949771 0.2305671323 0.4962224422 0.4577282983 -0.6715019291 -0.3382492949 
128 2 1.4688047694 3.5090834558e-04 1.2431436766 0.9138928656 0.0208861076 0.0179078931 1.0658799824 
129 2 1.6604870703 2.6997115798 0.0239710673 0.0335346635 -0.2543913678 0.3008885496 -0.0283524545 
130 2 1.5737170249 0.074958811 2.4010817333 5.4473029086e-04 -0.4242431282 0.0063900184 -0.0361654801 
131 2 1.1391730179 0.0520674957 0.719643801 0.526003868 0.1935718226 -0.1654923083 -0.6152523246 
132 2 1.7278971905 0.3390857241 1.8294025471 0.8171404299 0.7876066831 -0.5263845119 -1.2226523561 
133 2 1.3812566238 1.7449241022 0.0459008526 0.117044906 0.2830079574 -0.4519230882 -0.0732970734 
134 2 1.7072058002 0.8333981103 0.1387348936 1.9424186403 -0.3400314664 -1.2723238677 0.5191158284 
135 2 1.2061529493 0.9560529987 0.4928704789 0.0058814595 0.686447594 0.0749865784 0.0538404842 
136 2 1.3579583788 0.2428281044 0.1583343595 1.4428884946 0.1960816982 0.5919238786 0.4779736662 
137 2 1.7337564684 0.4180739961 2.5877048642 1.3263140863e-04 1.0401212013 0.0074464584 0.0185259532 
138 2 1.6324499788 1.4435783273 0.2802586707 0.9410559353 -0.6360623735 -1.1655419138 0.5135553383 
139 2 1.5017365473 1.853158439 0.1478289034 0.2542253151 -0.5234026938 0.6863816635 -0.1938603868 
140 2 1.3787191809 1.3769991548 0.2871705359 0.2366968892 0.6288351018 -0.5709040343 -0.2607151175 
141 2 1.5516389714 0.4172804582 0.7619261225 1.2283769169 0.5638589199 -0.7159453071 -0.9674360244 
142 2 1.5011393013 0.3233576788 0.2888882068 1.6411733162 -0.3056373995 -0.7284819793 0.6885605393 
143 2 1.0931077455 0.0896385587 0.8332313958 0.2720145887 -0.2732940931 0.1561505545 -0.4760788752 
144 2 1.3378656134 0.4927914781 1.0356942765 0.2613986448 -0.7144097658 0.3589081005 -0.5203163272 
145 2 1.7209309403 0.0892321441 2.3917705529 0.4806006043 -0.4619770715 -0.2070869923 1.072141023 
146 2 0.9560593715 0.0172793996 0.3828192265 0.5139508958 0.0813319517 0.0942377996 0.4435654229 
147 2 1.3328858988 0.100330896 1.6340604579 0.0421934655 -0.4049033833 -0.0650638778 0.262576986 
148 2 1.6344412141 0.822294513 0.1184133412 1.7306902282 -0.3120426906 1.1929530914 -0.4526994727 
149 2 1.6745261246 1.2677824147 1.3087952416 0.2274600856 -1.2881256118 -0.5370008348 0.5456177029 
150 2 1.4585993832 0.929299192 0.6048186915 0.5933942772 -0.7497049561 0.7425906155 -0.5990792521 
151 2 1.0977599233 0.9556217738 0.2490787664 3.7630914539e-04 -0.4878781534 0.018963365 -0.0096814574 
152 2 1.681542405 0.0253721888 0.0839247267 2.7182879444 -0.046144924 -0.2626193345 0.4776312102 
153 2 1.3103416096 0.8792227792 0.6629855783 0.1747867764 -0.7634867534 -0.3920159631 0.3404131491 
154 2 1.6089786407 1.6881376444 0.0471941912 0.8534804305 0.2822592617 1.2003301393 0.2006970818 
155 2 1.6643884368 1.3373402846 0.0013896535 1.4314589306 0.0431096227 1.3835995424 0.0446008057 
156 2 1.6128619052 1.4711892655 0.5278057641 0.6023284957 -0.8811936078 0.9413496785 -0.5638372566 
157 2 1.695225663 1.6573625599 0.3679361378 0.8484913507 -0.780899212 -1.1858574101 0.5587402174 
158 2 1.6952265623 1.5977537076 0.3896266648 0.8864127253 0.7890040864 -1.190071098 -0.5876819155 
159 2 1.1683582188 0.0153997966 1.0947530321 0.2549080988 -0.1298421117 0.062654073 -0.5282626374 
160 2 1.6527289504 3.6854262362e-06 0.1113449902 2.6201643077 6.4058859516e-04 -0.0031074784 -0.5401316221 
161 2 1.4215904154 1.9434398051 0.006096663 0.071382841 0.1088508042 0.3724624204 0.0208613788 
162 2 1.5204497185 0.0093323193 1.3029928487 0.9994421783 -0.110272142 -0.0965769824 1.141168704 
163 2 1.61011232 1.6377304395 0.1388142958 0.8159169477 0.4768022626 1.1559636765 0.3365426221 
164 2 1.1276734107 0.1244546426 0.5717848279 0.5754078508 -0.26676071 -0.2676045187 0.5735934788 
165 2 1.2419683882 0.0250577334 0.3330293196 1.1843984244 0.091350752 0.1722740257 0.6280441078 
166 2 1.5508010563 0.0799713669 2.2741485405 0.0508640088 0.4264584006 -0.0637782432 -0.3401063235 
167 2 1.2823201391 0.7996848313 0.3738578567 0.4708022512 -0.5467800811 -0.6135905955 0.4195391765 
168 2 1.5040582928 0.3608910817 1.3662280294 0.5350722371 0.7021819645 -0.439434635 -0.8550033263 
169 2 1.4119721293 0.3498680712 0.0010004292 1.6427967935 -0.0187087744 -0.7581306915 0.0405401271 
170 2 1.4079446732 0.1095599545 1.871922484 8.2576427667e-04 -0.4528661416 -0.0095116085 0.0393162399 
171 2 1.1989936761 1.0807265505 1.0816614144e-04 0.3567511186 -0.0108119388 0.6209270535 -0.0062119556 
172 2 1.4197148802 0.6062487404 1.0040777684 0.4052638321 -0.7802056667 -0.4956719558 0.6378999954 
173 2 1.2442923907 0.5903860948 0.6882604497 0.269617009 -0.6374475658 0.3989713436 -0.4307745627 
174 2 1.5664927827 1.2426992518 1.1297900021 0.0814103844 1.1849004981 -0.3180701554 -0.3032765047 
175 2 1.1511863542 0.1392397593 0.0100851337 1.175905129 -0.0374733451 0.4046390331 -0.1088997727 
176 2 1.7073409776 1.6003296205 1.2563661125 0.0583174808 -1.417956242 0.3054949949 -0.2706808206 
177 2 1.2727456319 1.4621819973 0.0073703454 0.1503291007 -0.1038113015 -0.4688373969 0.0332862944 
178 2 1.3655075521 0.6849004539 0.4480111079 0.731699313 0.5539341217 0.7079132656 0.5725464347 
179 1 0.0 0.0 0.0 0.0 0.0 0.0 0.0 
180 1 0.0 0.0 0.0 0.0 0.0 0.0 0.0 
181 1 0.0 0.0 0.0 0.0 0.0 0.0 0.0 
182 1 0.0 0.0 0.0 0.0 0.0 0.0 0.0 
183 1 0.0 0.0 0.0 0.0 0.0 0.0 0.0 
184 1 0.0 0.0 0.0 0.0 0.0 0.0 0.0 
185 1 0.0 0.0 0.0 0.0 0.0 0.0 0.0 
186 1 0.0 0.0 0.0 0.0 0.0 0.0 0.0 
187 1 0.0 0.0 0.0 0.0 0.0 0.0 0.0 
188 1 0.0 0.0 0.0 0.0 0.0 0.0 0.0 
189 1 0.0 0.0 0.0 0.0 0.0 0.0 0.0 
190 1 0.0 0.0 0.0 0.0 0.0 0.0 0.0 
191 1 0.0 0.0 0.0 0.0 0.0 0.0 0.0 
192 1 0.0 0.0 0.0 0.0 0.0 0.0 0.0 
193 1 0.0 0.0 0.0 0.0 0.0 0.0 0.0 
194 1 0.0 0.0 0.0 0.0 0.0 0.0 0.0 
195 1 0.0 0.0 0.0 0.0 0.0 0.0 0.0 
196 1 0.0 0.0 0.0 0.0 0.0 0.0 0.0 
197 1 0.0 0.0 0.0 0.0 0.0 0.0 0.0 
198 1 0.0 0.0 0.0 0.0 0.0 0.0 0.0 
199 1 0.0 0.0 0.0 0.0 0.0 0.0 0.0 
200 1 0.0 0.0 0.0 0.0 0.0 0.0 0.0 
201 1 0.0 0.0 0.0 0.0 0.0 0.0 0.0 
202 1 0.0 0.0 0.0 0.0 0.0 0.0 0.0 
203 1 0.0 0.0 0.0 0.0 0.0 0.0 0.0 
204 1 0.0 0.0 0.0 0.0 0.0 0.0 0.0 
205 1 0.0 0.0 0.0 0.0 0.0 0.0 0.0 
206 1 0.0 0.0 0.0 0.0 0.0 0.0 0.0 
207 1 0.0 0.0 0.0 0.0 0.0 0.0 0.0 
208 1 0.0 0.0 0.0 0.0 0.0 0.0 0.0 
209 1 0.0 0.0 0.0 0.0 0.0 0.0 0.0 
210 1 0.0 0.0 0.0 0.0 0.0 0.0 0.0 
211 1 0.0 0.0 0.0 0.0 0.0 0.0 0.0 
212 1 0.0 0.0 0.0 0.0 0.0 0.0 0.0 
213 1 0.0 0.0 0.0 0.0 0.0 0.0 0.0 
214 1 0.0 0.0 0.0 0.0 0.0 0.0 0.0 
215 1 0.0 0.0 0.0 0.0 0.0 0.0 0.0 
216 1 0.0 0.0 0.0 0.0 0.0 0.0 0.0 
217 1 0.0 0.0 0.0 0.0 0.0 0.0 0.0 
218 1 0.0 0.0 0.0 0.0 0.0 0.0 0.0 
219 1 0.0 0.0 0.0 0.0 0.0 0.0 0.0 
220 1 0.0 0.0 0.0 0.0 0.0 0.0 0.0 
221 1 0.0 0.0 0.0 0.0 0.0 0.0 0.0 
222 1 0.0 0.0 0.0 0.0 0.0 0.0 0.0 
223 1 0.0 0.0 0.0 0.0 0.0 0.0 0.0 
224 1 0.0 0.0 0.0 0.0 0.0 0.0 0.0 
225 1 0.0 0.0 0.0 0.0 0.0 0.0 0.0 
226 1 0.0 0.0 0.0 0.0 0.0 0.0 0.0 
227 1 0.0 0.0 0.0 0.0 0.0 0.0 0.0 
228 1 0.0 0.0 0.0 0.0 0.0 0.0 0.0 
229 1 0.0 0.0 0.0 0.0 0.0 0.0 0.0 
230 1 0.0 0.0 0.0 0.0 0.0 0.0 0.0 
231 1 0.0 0.0 0.0 0.0 0.0 0.0 0.0 
232 1 0.0 0.0 0.0 0.0 0.0 0.0 0.0 
233 1 0.0 0.0 0.0 0.0 0.0 0.0 0.0 
234 1 0.0 0.0 0.0 0.0 0.0 0.0 0.0 
235 1 0.0 0.0 0.0 0.0 0.0 0.0 0.0 
236 1 0.0 0.0 0.0 0.0 0.0 0.0 0.0 
237 1 0.0 0.0 0.0 0.0 0.0 0.0 0.0 
238 1 0.0 0.0 0.0 0.0 0.0 0.0 0.0 
239 1 0.0 0.0 0.0 0.0 0.0 0.0 0.0 
240 1 0.0 0.0 0.0 0.0 0.0 0.0 0.0 
241 1 0.0 0.0 0.0 0.0 0.0 0.0 0.0 
242 1 0.0 0.0 0.0 0.0 0.0 0.0 0.0 
243 1 0.0 0.0 0.0 0.0 0.0 0.0 0.0 
244 1 0.0 0.0 0.0 0.0 0.0 0.0 0.0 
245 1 0.0 0.0 0.0 0.0 0.0 0.0 0.0 
246 1 0.0 0.0 0.0 0.0 0.0 0.0 0.0 
247 1 0.0 0.0 0.0 0.0 0.0 0.0 0.0 
248 1 0.0 0.0 0.0 0.0 0.0 0.0 0.0 
249 1 0.0 0.0 0.0 0.0 0.0 0.0 0.0 
250 1 0.0 0.0 0.0 0.0 0.0 0.0 0.0 
251 1 0.0 0.0 0.0 0.0 0.0 0.0 0.0 
252 1 0.0 0.0 0.0 0.0 0.0 0.0 0.0 
253 1 0.0 0.0 0.0 0.0 0.0 0.0 0.0 
254 1 0.0 0.0 0.0 0.0 0.0 0.0 0.0 
255 1 0.0 0.0 0.0 0.0 0.0 0.0 0.0 
256 1 0.0 0.0 0.0 0.0 0.0 0.0 0.0 
257 1 0.0 0.0 0.0 0.0 0.0 0.0 0.0 
258 1 0.0 0.0 0.0 0.0 0.0 0.0 0.0 
259 1 0.0 0.0 0.0 0.0 0.0 0.0 0.0 
260 1 0.0 0.0 0.0 0.0 0.0 0.0 0.0 
261 1 0.0 0.0 0.0 0.0 0.0 0.0 0.0 
262 1 0.0 0.0 0.0 0.0 0.0 0.0 0.0 
263 1 0.0 0.0 0.0 0.0 0.0 0.0 0.0 
264 1 0.0 0.0 0.0 0.0 0.0 0.0 0.0 
265 1 0.0 0.0 0.0 0.0 0.0 0.0 0.0 
266 1 0.0 0.0 0.0 0.0 0.0 0.0 0.0 
267 1 0.0 0.0 0.0 0.0 0.0 0.0 0.0 
268 1 0.0 0.0 0.0 0.0 0.0 0.0 0.0 
269 1 0.0 0.0 0.0 0.0 0.0 0.0 0.0 
270 1 0.0 0.0 0.0 0.0 0.0 0.0 0.0 
271 1 0.0 0.0 0.0 0.0 0.0 0.0 0.0 
272 1 0.0 0.0 0.0 0.0 0.0 0.0 0.0 
273 1 0.0 0.0 0.0 0.0 0.0 0.0 0.0 
274 1 0.0 0.0 0.0 0.0 0.0 0.0 0.0 
275 1 0.0 0.0 0.0 0.0 0.0 0.0 0.0 
276 1 0.0 0.0 0.0 0.0 0.0 0.0 0.0 
277 1 0.0 0.0 0.0 0.0 0.0 0.0 0.0 
278 1 0.0 0.0 0.0 0.0 0.0 0.0 0.0 
279 1 0.0 0.0 0.0 0.0 0.0 0.0 0.0 
280 1 0.0 0.0 0.0 0.0 0.0 0.0 0.0 
281 1 0.0 0.0 0.0 0.0 0.0 0.0 0.0 
282 1 0.0 0.0 0.0 0.0 0.0 0.0 0.0 
283 1 0.0 0.0 0.0 0.0 0.0 0.0 0.0 
284 1 0.0 0.0 0.0 0.0 0.0 0.0 0.0 
285 1 0.0 0.0 0.0 0.0 0.0 0.0 0.0 
286 1 0.0 0.0 0.0 0.0 0.0 0.0 0.0 
287 1 0.0 0.0 0.0 0.0 0.0 0.0 0.0 
288 1 0.0 0.0 0.0 0.0 0.0 0.0 0.0 
289 1 0.0 0.0 0.0 0.0 0.0 0.0 0.0 
290 1 0.0 0.0 0.0 0.0 0.0 0.0 0.0 
291 1 0.0 0.0 0.0 0.0 0.0 0.0 0.0 
292 1 0.0 0.0 0.0 0.0 0.0 0.0 0.0 
293 1 0.0 0.0 0.0 0.0 0.0 0.0 0.0 
294 1 0.0 0.0 0.0 0.0 0.0 0.0 0.0 
295 1 0.0 0.0 0.0 0.0 0.0 0.0 0.0 
296 1 0.0 0.0 0.0 0.0 0.0 0.0 0.0 
297 1 0.0 0.0 0.0 0.0 0.0 0.0 0.0 
298 1 0.0 0.0 0.0 0.0 0.0 0.0 0.0 
299 1 0.0 0.0 0.0 0.0 0.0 0.0 0.0 
300 1 0.0 0.0 0.0 0.0 0.0 0.0 0.0 
301 1 0.0 0.0 0.0 0.0 0.0 0.0 0.0 
302 1 0.0 0.0 0.0 0.0 0.0 0.0 0.0 
303 1 0.0 0.0 0.0 0.0 0.0 0.0 0.0 
304 1 0.0 0.0 0.0 0.0 0.0 0.0 0.0 
305 1 0.0 0.0 0.0 0.0 0.0 0.0 0.0 
306 1 0.0 0.0 0.0 0.0 0.0 0.0 0.0 
307 1 0.0 0.0 0.0 0.0 0.0 0.0 0.0 
308 1 0.0 0.0 0.0 0.0 0.0 0.0 0.0 
309 1 0.0 0.0 0.0 0.0 0.0 0.0 0.0 
310 1 0.0 0.0 0.0 0.0 0.0 0.0 0.0 
311 1 0.0 0.0 0.0 0.0 0.0 0.0 0.0 
312 1 0.0 0.0 0.0 0.0 0.0 0.0 0.0 
313 1 0.0 0.0 0.0 0.0 0.0 0.0 0.0 
314 1 0.0 0.0 0.0 0.0 0.0 0.0 0.0 
315 1 0.0 0.0 0.0 0.0 0.0 0.0 0.0 
316 1 0.0 0.0 0.0 0.0 0.0 0.0 0.0 
317 1 0.0 0.0 0.0 0.0 0.0 0.0 0.0 
318 1 0.0 0.0 0.0 0.0 0.0 0.0 0.0 
319 1 0.0 0.0 0.0 0.0 0.0 0.0 0.0 
320 1 0.0 0.0 0.0 0.0 0.0 0.0 0.0 
321 1 0.0 0.0 0.0 0.0 0.0 0.0 0.0 
322 1 0.0 0.0 0.0 0.0 0.0 0.0 0.0 
323 1 0.0 0.0 0.0 0.0 0.0 0.0 0.0 
324 1 0.0 0.0 0.0 0.0 0.0 0.0 0.0 
325 1 0.0 0.0 0.0 0.0 0.0 0.0 0.0 
326 1 0.0 0.0 0.0 0.0 0.0 0.0 0.0 
327 1 0.0 0.0 0.0 0.0 0.0 0.0 0.0 
328 1 0.0 0.0 0.0 0.0 0.0 0.0 0.0 
329 1 0.0 0.0 0.0 0.0 0.0 0.0 0.0 
330 1 0.0 0.0 0.0 0.0 0.0 0.0 0.0 
331 1 0.0 0.0 0.0 0.0 0.0 0.0 0.0 
332 1 0.0 0.0 0.0 0.0 0.0 0.0 0.0 
333 1 0.0 0.0 0.0 0.0 0.0 0.0 0.0 
334 1 0.0 0.0 0.0 0.0 0.0 0.0 0.0 
335 1 0.0 0.0 0.0 0.0 0.0 0.0 0.0 
336 1 0.0 0.0 0.0 0.0 0.0 0.0 0.0 
337 1 0.0 0.0 0.0 0.0 0.0 0.0 0.0 
338 1 0.0 0.0 0.0 0.0 0.0 0.0 0.0 
339 1 0.0 0.0 0.0 0.0 0.0 0.0 0.0 
340 1 0.0 0.0 0.0 0.0 0.0 0.0 0.0 
341 1 0.0 0.0 0.0 0.0 0.0 0.0 0.0 
342 1 0.0 0.0 0.0 0.0 0.0 0.0 0.0 
343 1 0.0 0.0 0.0 0.0 0.0 0.0 0.0 
344 1 0.0 0.0 0.0 0.0 0.0 0.0 0.0 
345 1 0.0 0.0 0.0 0.0 0.0 0.0 0.0 
346 1 0.0 0.0 0.0 0.0 0.0 0.0 0.0 
347 1 0.0 0.0 0.0 0.0 0.0 0.0 0.0 
348 1 0.0 0.0 0.0 0.0 0.0 0.0 0.0 
349 1 0.0 0.0 0.0 0.0 0.0 0.0 0.0 
350 1 0.0 0.0 0.0 0.0 0.0 0.0 0.0 
351 1 0.0 0.0 0.0 0.0 0.0 0.0 0.0 
352 1 0.0 0.0 0.0 0.0 0.0 0.0 0.0 
353 1 0.0 0.0 0.0 0.0 0.0 0.0 0.0 
354 1 0.0 0.0 0.0 0.0 0.0 0.0 0.0 
355 1 0.0 0.0 0.0 0.0 0.0 0.0 0.0 
356 1 0.0 0.0 0.0 0.0 0.0 0.0 0.0 
357 1 0.0 0.0 0.0 0.0 0.0 0.0 0.0 
358 1 0.0 0.0 0.0 0.0 0.0 0.0 0.0 
359 1 0.0 0.0 0.0 0.0 0.0 0.0 0.0 
360 1 0.0 0.0 0.0 0.0 0.0 0.0 0.0 
361 1 0.0 0.0 0.0 0.0 0.0 0.0 0.0 
362 1 0.0 0.0 0.0 0.0 0.0 0.0 0.0 
363 1 0.0 0.0 0.0 0.0 0.0 0.0 0.0 
364 1 0.0 0.0 0.0 0.0 0.0 0.0 0.0 
365 1 0.0 0.0 0.0 0.0 0.0 0.0 0.0 
366 1 0.0 0.0 0.0 0.0 0.0 0.0 0.0 
367 1 0.0 0.0 0.0 0.0 0.0 0.0 0.0 
368 1 0.0 0.0 0.0 0.0 0.0 0.0 0.0 
369 1 0.0 0.0 0.0 0.0 0.0 0.0 0.0 
370 1 0.0 0.0 0.0 0.0 0.0 0.0 0.0 
371 1 0.0 0.0 0.0 0.0 0.0 0.0 0.0 
372 1 0.0 0.0 0.0 0.0 0.0 0.0 0.0 
373 1 0.0 0.0 0.0 0.0 0.0 0.0 0.0 
374 1 0.0 0.0 0.0 0.0 0.0 0.0 0.0 
375 1 0.0 0.0 0.0 0.0 0.0 0.0 0.0 
376 1 0.0 0.0 0.0 0.0 0.0 0.0 0.0 
377 1 0.0 0.0 0.0 0.0 0.0 0.0 0.0 
378 1 0.0 0.0 0.0 0.0 0.0 0.0 0.0 
379 1 0.0 0.0 0.0 0.0 0.0 0.0 0.0 
380 1 0.0 0.0 0.0 0.0 0.0 0.0 0.0 
381 1 0.0 0.0 0.0 0.0 0.0 0.0 0.0 
382 1 0.0 0.0 0.0 0.0 0.0 0.0 0.0 
383 1 0.0 0.0 0.0 0.0 0.0 0.0 0.0 
384 1 0.0 0.0 0.0 0.0 0.0 0.0 0.0 
385 1 0.0 0.0 0.0 0.0 0.0 0.0 0.0 
386 1 0.0 0.0 0.0 0.0 0.0 0.0 0.0 
387 1 0.0 0.0 0.0 0.0 0.0 0.0 0.0 
388 1 0.0 0.0 0.0 0.0 0.0 0.0 0.0 
389 1 0.0 0.0 0.0 0.0 0.0 0.0 0.0 
390 1 0.0 0.0 0.0 0.0 0.0 0.0 0.0 
391 1 0.0 0.0 0.0 0.0 0.0 0.0 0.0 
392 1 0.0 0.0 0.0 0.0 0.0 0.0 0.0 
393 1 0.0 0.0 0.0 0.0 0.0 0.0 0.0 
394 1 0.0 0.0 0.0 0.0 0.0 0.0 0.0 
395 1 0.0 0.0 0.0 0.0 0.0 0.0 0.0 
396 1 0.0 0.0 0.0 0.0 0.0 0.0 0.0 
397 1 0.0 0.0 0.0 0.0 0.0 0.0 0.0 
398 1 0.0 0.0 0.0 0.0 0.0 0.0 0.0 
399 1 0.0 0.0 0.0 0.0 0.0 0.0 0.0 
400 1 0.0 0.0 0.0 0.0 0.0 0.0 0.0 
401 1 0.0 0.0 0.0 0.0 0.0 0.0 0.0 
402 1 0.0 0.0 0.0 0.0 0.0 0.0 0.0 
403 1 0.0 0.0 0.0 0.0 0.0 0.0 0.0 
404 1 0.0 0.0 0.0 0.0 0.0 0.0 0.0 
405 1 0.0 0.0 0.0 0.0 0.0 0.0 0.0 
406 1 0.0 0.0 0.0 0.0 0.0 0.0 0.0 
407 1 0.0 0.0 0.0 0.0 0.0 0.0 0.0 
408 1 0.0 0.0 0.0 0.0 0.0 0.0 0.0 
409 1 0.0 0.0 0.0 0.0 0.0 0.0 0.0 
410 1 0.0 0.0 0.0 0.0 0.0 0.0 0.0 
411 1 0.0 0.0 0.0 0.0 0.0 0.0 0.0 
412 1 0.0 0.0 0.0 0.0 0.0 0.0 0.0 
413 1 0.0 0.0 0.0 0.0 0.0 0.0 0.0 
414 1 0.0 0.0 0.0 0.0 0.0 0.0 0.0 
415 1 0.0 0.0 0.0 0.0 0.0 0.0 0.0 
416 1 0.0 0.0 0.0 0.0 0.0 0.0 0.0 
417 1 0.0 0.0 0.0 0.0 0.0 0.0 0.0 
418 1 0.0 0.0 0.0 0.0 0.0 0.0 0.0 
419 1 0.0 0.0 0.0 0.0 0.0 0.0 0.0 
420 1 0.0 0.0 0.0 0.0 0.0 0.0 0.0 
421 1 0.0 0.0 0.0 0.0 0.0 0.0 0.0 
422 1 0.0 0.0 0.0 0.0 0.0 0.0 0.0 
423 1 0.0 0.0 0.0 0.0 0.0 0.0 0.0 
424 1 0.0 0.0 0.0 0.0 0.0 0.0 0.0 
425 1 0.0 0.0 0.0 0.0 0.0 0.0 0.0 
426 1 0.0 0.0 0.0 0.0 0.0 0.0 0.0 
427 1 0.0 0.0 0.0 0.0 0.0 0.0 0.0 
428 1 0.0 0.0 0.0 0.0 0.0 0.0 0.0 
429 1 0.0 0.0 0.0 0.0 0.0 0.0 0.0 
430 1 0.0 0.0 0.0 0.0 0.0 0.0 0.0 
431 1 0.0 0.0 0.0 0.0 0.0 0.0 0.0 
432 1 0.0 0.0 0.0 0.0 0.0 0.0 0.0 
433 1 0.0 0.0 0.0 0.0 0.0 0.0 0.0 
434 1 0.0 0.0 0.0 0.0 0.0 0.0 0.0 
435 1 0.0 0.0 0.0 0.0 0.0 0.0 0.0 
436 1 0.0 0.0 0.0 0.0 0.0 0.0 0.0 
437 1 0.0 0.0 0.0 0.0 0.0 0.0 0.0 
438 1 0.0 0.0 0.0 0.0 0.0 0.0 0.0 
439 1 0.0 0.0 0.0 0.0 0.0 0.0 0.0 
440 1 0.0 0.0 0.0 0.0 0.0 0.0 0.0 
441 1 0.0 0.0 0.0 0.0 0.0 0.0 0.0 
442 1 0.0 0.0 0.0 0.0 0.0 0.0 0.0 
443 1 0.0 0.0 0.0 0.0 0.0 0.0 0.0 
444 1 0.0 0.0 0.0 0.0 0.0 0.0 0.0 
445 1 0.0 0.0 0.0 0.0 0.0 0.0 0.0 
446 1 0.0 0.0 0.0 0.0 0.0 0.0 0.0 
447 1 0.0 0.0 0.0 0.0 0.0 0.0 0.0 
448 1 0.0 0.0 0.0 0.0 0.0 0.0 0.0 
449 1 0.0 0.0 0.0 0.0 0.0 0.0 0.0 
450 1 0.0 0.0 0.0 0.0 0.0 0.0 0.0 
451 1 0.0 0.0 0.0 0.0 0.0 0.0 0.0 
452 1 0.0 0.0 0.0 0.0 0.0 0.0 0.0 
453 1 0.0 0.0 0.0 0.0 0.0 0.0 0.0 
454 1 0.0 0.0 0.0 0.0 0.0 0.0 0.0 
455 1 0.0 0.0 0.0 0.0 0.0 0.0 0.0 
456 1 0.0 0.0 0.0 0.0 0.0 0.0 0.0 
457 1 0.0 0.0 0.0 0.0 0.0 0.0 0.0 
458 1 0.0 0.0 0.0 0.0 0.0 0.0 0.0 
459 1 0.0 0.0 0.0 0.0 0.0 0.0 0.0 
460 1 0.0 0.0 0.0 0.0 0.0 0.0 0.0 
461 1 0.0 0.0 0.0 0.0 0.0 0.0 0.0 
462 1 0.0 0.0 0.0 0.0 0.0 0.0 0.0 
463 1 0.0 0.0 0.0 0.0 0.0 0.0 0.0 
464 1 0.0 0.0 0.0 0.0 0.0 0.0 0.0 
465 1 0.0 0.0 0.0 0.0 0.0 0.0 0.0 
466 1 0.0 0.0 0.0 0.0 0.0 0.0 0.0 
467 1 0.0 0.0 0.0 0.0 0.0 0.0 0.0 
468 1 0.0 0.0 0.0 0.0 0.0 0.0 0.0 
469 1 0.0 0.0 0.0 0.0 0.0 0.0 0.0 
470 1 0.0 0.0 0.0 0.0 0.0 0.0 0.0 
471 1 0.0 0.0 0.0 0.0 0.0 0.0 0.0 
472 1 0.0 0.0 0.0 0.0 0.0 0.0 0.0 
473 1 0.0 0.0 0.0 0.0 0.0 0.0 0.0 
474 1 0.0 0.0 0.0 0.0 0.0 0.0 0.0 
475 1 0.0 0.0 0.0 0.0 0.0 0.0 0.0 
476 1 0.0 0.0 0.0 0.0 0.0 0.0 0.0 
477 1 0.0 0.0 0.0 0.0 0.0 0.0 0.0 
478 1 0.0 0.0 0.0 0.0 0.0 0.0 0.0 
479 1 0.0 0.0 0.0 0.0 0.0 0.0 0.0 
480 1 0.0 0.0 0.0 0.0 0.0 0.0 0.0 
481 1 0.0 0.0 0.0 0.0 0.0 0.0 0.0 
482 1 0.0 0.0 0.0 0.0 0.0 0.0 0.0 
483 1 0.0 0.0 0.0 0.0 0.0 0.0 0.0 
484 1 0.0 0.0 0.0 0.0 0.0 0.0 0.0 
485 1 0.0 0.0 0.0 0.0 0.0 0.0 0.0 
486 1 0.0 0.0 0.0 0.0 0.0 0.0 0.0 
487 1 0.0 0.0 0.0 0.0 0.0 0.0 0.0 
488 1 0.0 0.0 0.0 0.0 0.0 0.0 0.0 
489 1 0.0 0.0 0.0 0.0 0.0 0.0 0.0 
490 1 0.0 0.0 0.0 0.0 0.0 0.0 0.0 
491 1 0.0 0.0 0.0 0.0 0.0 0.0 0.0 
492 1 0.0 0.0 0.0 0.0 0.0 0.0 0.0 
493 1 0.0 0.0 0.0 0.0 0.0 0.0 0.0 
494 1 0.0 0.0 0.0 0.0 0.0 0.0 0.0 
495 1 0.0 0.0 0.0 0.0 0.0 0.0 0.0 
496 1 0.0 0.0 0.0 0.0 0.0 0.0 0.0 
497 1 0.0 0.0 0.0 0.0 0.0 0.0 0.0 
498 1 0.0 0.0 0.0 0.0 0.0 0.0 0.0 
499 1 0.0 0.0 0.0 0.0 0.0 0.0 0.0 
500 1 0.0 0.0 0.0 0.0 0.0 0.0 0.0 
501 1 0.0 0.0 0.0 0.0 0.0 0.0 0.0 
502 1 0.0 0.0 0.0 0.0 0.0 0.0 0.0 
503 1 0.0 0.0 0.0 0.0 0.0 0.0 0.0 
504 1 0.0 0.0 0.0 0.0 0.0 0.0 0.0 
505 1 0.0 0.0 0.0 0.0 0.0 0.0 0.0 
506 1 0.0 0.0 0.0 0.0 0.0 0.0 0.0 
507 1 0.0 0.0 0.0 0.0 0.0 0.0 0.0 
508 1 0.0 0.0 0.0 0.0 0.0 0.0 0.0 
509 1 0.0 0.0 0.0 0.0 0.0 0.0 0.0 
510 1 0.0 0.0 0.0 0.0 0.0 0.0 0.0 
511 1 0.0 0.0 0.0 0.0 0.0 0.0 0.0 
512 1 0.0 0.0 0.0 0.0 0.0 0.0 0.0 
513 1 0.0 0.0 0.0 0.0 0.0 0.0 0.0 
514 1 0.0 0.0 0.0 0.0 0.0 0.0 0.0 
515 1 0.0 0.0 0.0 0.0 0.0 0.0 0.0 
516 1 0.0 0.0 0.0 0.0 0.0 0.0 0.0 
517 1 0.0 0.0 0.0 0.0 0.0 0.0 0.0 
518 1 0.0 0.0 0.0 0.0 0.0 0.0 0.0 
519 1 0.0 0.0 0.0 0.0 0.0 0.0 0.0 
520 1 0.0 0.0 0.0 0.0 0.0 0.0 0.0 
521 1 0.0 0.0 0.0 0.0 0.0 0.0 0.0 
522 1 0.0 0.0 0.0 0.0 0.0 0.0 0.0 
523 1 0.0 0.0 0.0 0.0 0.0 0.0 0.0 
524 1 0.0 0.0 0.0 0.0 0.0 0.0 0.0 
525 1 0.0 0.0 0.0 0.0 0.0 0.0 0.0 
526 1 0.0 0.0 0.0 0.0 0.0 0.0 0.0 
527 1 0.0 0.0 0.0 0.0 0.0 0.0 0.0 
528 1 0.0 0.0 0.0 0.0 0.0 0.0 0.0 
529 1 0.0 0.0 0.0 0.0 0.0 0.0 0.0 
530 1 0.0 0.0 0.0 0.0 0.0 0.0 0.0 
531 1 0.0 0.0 0.0 0.0 0.0 0.0 0.0 
532 1 0.0 0.0 0.0 0.0 0.0 0.0 0.0 
533 1 0.0 0.0 0.0 0.0 0.0 0.0 0.0 
534 1 0.0 0.0 0.0 0.0 0.0 0.0 0.0 
535 1 0.0 0.0 0.0 0.0 0.0 0.0 0.0 
536 1 0.0 0.0 0.0 0.0 0.0 0.0 0.0 
537 1 0.0 0.0 0.0 0.0 0.0 0.0 0.0 
538 1 0.0 0.0 0.0 0.0 0.0 0.0 0.0 
539 1 0.0 0.0 0.0 0.0 0.0 0.0 0.0 
540 1 0.0 0.0 0.0 0.0 0.0 0.0 0.0 
541 1 0.0 0.0 0.0 0.0 0.0 0.0 0.0 
542 1 0.0 0.0 0.0 0.0 0.0 0.0 0.0 
543 1 0.0 0.0 0.0 0.0 0.0 0.0 0.0 
544 1 0.0 0.0 0.0 0.0 0.0 0.0 0.0 
545 1 0.0 0.0 0.0 0.0 0.0 0.0 0.0 
546 1 0.0 0.0 0.0 0.0 0.0 0.0 0.0 
547 1 0.0 0.0 0.0 0.0 0.0 0.0 0.0 
548 1 0.0 0.0 0.0 0.0 0.0 0.0 0.0 
549 1 0.0 0.0 0.0 0.0 0.0 0.0 0.0 
550 1 0.0 0.0 0.0 0.0 0.0 0.0 0.0 
551 1 0.0 0.0 0.0 0.0 0.0 0.0 0.0 
552 1 0.0 0.0 0.0 0.0 0.0 0.0 0.0 
553 1 0.0 0.0 0.0 0.0 0.0 0.0 0.0 
554 1 0.0 0.0 0.0 0.0 0.0 0.0 0.0 
555 1 0.0 0.0 0.0 0.0 0.0 0.0 0.0 
556 1 0.0 0.0 0.0 0.0 0.0 0.0 0.0 
557 1 0.0 0.0 0.0 0.0 0.0 0.0 0.0 
558 1 0.0 0.0 0.0 0.0 0.0 0.0 0.0 
559 1 0.0 0.0 0.0 0.0 0.0 0.0 0.0 
560 1 0.0 0.0 0.0 0.0 0.0 0.0 0.0 
561 1 0.0 0.0 0.0 0.0 0.0 0.0 0.0 
562 1 0.0 0.0 0.0 0.0 0.0 0.0 0.0 
563 1 0.0 0.0 0.0 0.0 0.0 0.0 0.0 
564 1 0.0 0.0 0.0 0.0 0.0 0.0 0.0 
565 1 0.0 0.0 0.0 0.0 0.0 0.0 0.0 
566 1 0.0 0.0 0.0 0.0 0.0 0.0 0.0 
567 1 0.0 0.0 0.0 0.0 0.0 0.0 0.0 
568 1 0.0 0.0 0.0 0.0 0.0 0.0 0.0 
569 1 0.0 0.0 0.0 0.0 0.0 0.0 0.0 
570 1 0.0 0.0 0.0 0.0 0.0 0.0 0.0 
571 1 0.0 0.0 0.0 0.0 0.0 0.0 0.0 
572 1 0.0 0.0 0.0 0.0 0.0 0.0 0.0 
573 1 0.0 0.0 0.0 0.0 0.0 0.0 0.0 
574 1 0.0 0.0 0.0 0.0 0.0 0.0 0.0 
575 1 0.0 0.0 0.0 0.0 0.0 0.0 0.0 
576 1 0.0 0.0 0.0 0.0 0.0 0.0 0.0 
577 1 0.0 0.0 0.0 0.0 0.0 0.0 0.0 
578 1 0.0 0.0 0.0 0.0 0.0 0.0 0.0 
579 1 0.0 0.0 0.0 0.0 0.0 0.0 0.0 
580 1 0.0 0.0 0.0 0.0 0.0 0.0 0.0 
581 1 0.0 0.0 0.0 0.0 0.0 0.0 0.0 
582 1 0.0 0.0 0.0 0.0 0.0 0.0 0.0 
583 1 0.0 0.0 0.0 0.0 0.0 0.0 0.0 
584 1 0.0 0.0 0.0 0.0 0.0 0.0 0.0 
585 1 0.0 0.0 0.0 0.0 0.0 0.0 0.0 
586 1 0.0 0.0 0.0 0.0 0.0 0.0 0.0 
587 1 0.0 0.0 0.0 0.0 0.0 0.0 0.0 
588 1 0.0 0.0 0.0 0.0 0.0 0.0 0.0 
589 1 0.0 0.0 0.0 0.0 0.0 0.0 0.0 
590 1 0.0 0.0 0.0 0.0 0.0 0.0 0.0 
591 1 0.0 0.0 0.0 0.0 0.0 0.0 0.0 
592 1 0.0 0.0 0.0 0.0 0.0 0.0 0.0 
593 1 0.0 0.0 0.0 0.0 0.0 0.0 0.0 
594 1 0.0 0.0 0.0 0.0 0.0 0.0 0.0 
595 1 0.0 0.0 0.0 0.0 0.0 0.0 0.0 
596 1 0.0 0.0 0.0 0.0 0.0 0.0 0.0 
597 1 0.0 0.0 0.0 0.0 0.0 0.0 0.0 
598 1 0.0 0.0 0.0 0.0 0.0 0.0 0.0 
599 1 0.0 0.0 0.0 0.0 0.0 0.0 0.0 
600 1 0.0 0.0 0.0 0.0 0.0 0.0 0.0 
601 1 0.0 0.0 0.0 0.0 0.0 0.0 0.0 
602 1 0.0 0.0 0.0 0.0 0.0 0.0 0.0 
603 1 0.0 0.0 0.0 0.0 0.0 0.0 0.0 
604 1 0.0 0.0 0.0 0.0 0.0 0.0 0.0 
605 1 0.0 0.0 0.0 0.0 0.0 0.0 0.0 
606 1 0.0 0.0 0.0 0.0 0.0 0.0 0.0 
607 1 0.0 0.0 0.0 0.0 0.0 0.0 0.0 
608 1 0.0 0.0 0.0 0.0 0.0 0.0 0.0 
609 1 0.0 0.0 0.0 0.0 0.0 0.0 0.0 
610 1 0.0 0.0 0.0 0.0 0.0 0.0 0.0 
611 1 0.0 0.0 0.0 0.0 0.0 0.0 0.0 
612 1 0.0 0.0 0.0 0.0 0.0 0.0 0.0 
613 1 0.0 0.0 0.0 0.0 0.0 0.0 0.0 
614 1 0.0 0.0 0.0 0.0 0.0 0.0 0.0 
615 1 0.0 0.0 0.0 0.0 0.0 0.0 0.0 
616 1 0.0 0.0 0.0 0.0 0.0 0.0 0.0 
617 1 0.0 0.0 0.0 0.0 0.0 0.0 0.0 
618 1 0.0 0.0 0.0 0.0 0.0 0.0 0.0 
619 1 0.0 0.0 0.0 0.0 0.0 0.0 0.0 
620 1 0.0 0.0 0.0 0.0 0.0 0.0 0.0 
621 1 0.0 0.0 0.0 0.0 0.0 0.0 0.0 
