# Cluster list (63 data points):
# "Cluster Identifier" "Cluster Size" "Radius of Gyration" "Gyration Tensor.XX" "Gyration Tensor.YY" "Gyration Tensor.ZZ" "Gyration Tensor.XY" "Gyration Tensor.XZ" "Gyration Tensor.YZ"
1 53 3.8478615361 4.8501253518 6.1260646947 3.8298483548 -2.5556271337 0.7323101489 0.5645569583 
2 53 3.4801705361 4.4111272126 3.4521321302 4.2483276177 -0.6299719006 -0.632046044 0.4280844055 
3 40 3.229177815 3.5395102353 3.2757275668 3.612351559 0.2215130718 -0.5876418046 0.5072039082 
4 40 3.175911166 4.1513850262 2.9371193552 2.9979073527 -0.1111786907 -0.0378933704 0.1368702402 
5 39 3.1848235496 2.5953060885 3.58211589 3.9656790635 -0.0382455182 0.0972856125 0.964555808 
6 36 3.0985662807 2.7859522118 2.3119324591 4.5032283248 -0.1664835941 0.0449346757 -0.3582859784 
7 33 3.0293676977 4.038043809 2.7692336784 2.3697911605 -0.5075336012 -0.2028098295 0.1310777598 
8 31 2.8958658205 3.395540956 2.6413078094 2.3491900847 -0.3701143784 0.4014994812 -0.2187889745 
9 28 2.8058374994 2.3293299785 2.2061772535 3.3372168412 0.2270076676 -0.2509765014 0.3214747946 
10 28 2.7987053615 2.4073504427 3.1392409527 2.2861603052 -0.0682250921 0.0365770281 -0.081025405 
11 27 2.808482385 2.4034588143 3.4243467245 2.0597677682 0.7337145003 -0.1822199219 0.2297274908 
12 23 2.8046822362 4.1749756267 2.2827276225 1.408539197 1.1026916996 -0.0532749459 0.2625198298 
13 23 2.6280315883 2.4987493433 2.1677919958 2.2400086898 -0.1125009999 0.1509730229 -0.2877664773 
14 23 2.6184682441 2.6436998396 2.0023301586 2.210345947 -0.1557753745 0.1380582596 0.1669252694 
15 22 2.6012453267 2.7418331668 1.8558034806 2.1688406024 0.1386843154 -0.2955778094 0.1547810073 
16 22 2.5943690971 1.7309588097 2.5152333637 2.4845588385 0.2768632351 -0.6053260023 -0.0465976511 
17 21 2.5514624196 1.4337871249 2.9068858694 2.1692874841 -0.0625867284 -0.1783058104 0.1159565027 
18 21 2.558542608 2.1016452778 1.980081339 2.4644136603 0.2877525483 -0.2374792661 -0.3941449554 
19 21 2.5820476861 1.6303806167 2.4221982366 2.6143913998 -0.0377885371 0.3938506576 0.1394388359 
20 20 2.4994412889 2.0179192876 2.4860837639 1.7432037052 -0.5258507654 -0.3851352715 0.145232899 
21 20 2.4894123542 2.1082826492 1.6491552707 2.4397359491 -0.0186809278 0.482003116 -0.4047618252 
22 18 2.39567679 1.5769007014 2.4070191203 1.7553474606 0.0553235536 -0.0294165219 -0.3621153968 
23 18 2.4042471588 2.2582557508 1.8594760492 1.6626726003 -0.3967851413 0.1597493069 -0.0977911642 
24 17 2.4043145538 2.1997204709 1.4905324267 2.090475576 -0.2613864309 0.2760046769 -0.4787791398 
25 16 2.4309074752 1.5530397718 1.428208203 2.9280631784 0.5560388437 -0.3626375753 0.1063240199 
26 16 2.2960121539 1.5730111285 1.8283911988 1.8702694837 0.1704264151 0.0293935082 0.0152243352 
27 15 2.2231591796 1.5803212841 1.4016609471 1.9604545066 0.0273347226 -0.4928825974 -0.0071972841 
28 14 2.2035859971 1.791125543 1.7166651887 1.3480005149 0.4526577957 0.0139452462 0.007946079 
29 14 2.1863086716 1.3469162333 2.081252878 1.3517764965 -0.029956961 -0.0786708252 -0.0999884543 
30 14 2.182920311 1.3800964827 1.7909435169 1.5941010847 0.118082321 0.0963051936 0.3880502849 
31 14 2.1713944162 1.8671733856 1.5054143788 1.3423659464 -0.2760359858 0.1190040788 -0.0371877258 
32 14 2.2012940622 1.9962686847 1.4058922591 1.4435346046 -0.2493352818 0.2246963659 -0.0287421154 
33 13 2.080614775 1.3899066944 1.4939696362 1.4450815114 0.0218079557 -0.0263092981 -0.0218986145 
34 13 2.0544168354 1.4029161239 1.3744799588 1.4432324509 -0.0028558042 0.0342034446 -0.0242485612 
35 12 2.0635469724 1.5874308354 1.1337515799 1.537043692 -0.0160064892 0.0666900899 0.1331305519 
36 12 2.0654008985 1.4484956883 1.5129658994 1.3044192839 -0.0110249878 0.2184918685 0.0561674556 
37 11 2.1020831945 0.9854596731 1.8200194007 1.6132746826 0.0772432831 0.3093215872 0.3319836723 
38 11 2.0347838711 1.5212993694 1.2310558501 1.3879901825 -0.2969375722 0.0385488598 0.185521831 
39 10 1.9726503653 1.5142930055 1.123296008 1.2537604502 -0.1890037232 0.1928351909 0.3726183479 
40 10 1.98611188 1.5133413211 0.791942535 1.6393565438 -0.1798247984 0.0783884318 0.0909099855 
41 9 1.9146478322 0.8179265749 1.6198036036 1.2281461429 -0.4473649854 -0.0608347191 -0.0718085096 
42 9 1.9143938463 1.2820017469 1.160850302 1.2220517499 0.09467873 -0.0913047935 -0.5900516409 
43 9 1.8823364686 0.9314627844 1.2975792923 1.3141485043 0.0433376037 0.1061030086 -0.0272806974 
44 8 1.8497049576 0.9256433037 1.2088339291 1.2869311974 -0.1046512897 -0.1898922474 0.3467959025 
45 8 1.8198505682 0.9157190364 0.9837473065 1.4123897477 -0.0696465784 0.2590231433 -0.2552171372 
46 8 1.8103032959 0.859733489 1.4391593381 0.978305196 0.0953660426 -0.0526017598 -0.1982396182 
47 7 1.7923289344 0.6868062746 1.41628563 1.1093511043 0.2545473109 0.2390727315 -0.2684381848 
48 7 1.7293849809 1.0790980293 0.9717385567 0.9399358261 -0.1374241393 -0.1903180073 -0.3838639175 
49 7 1.7346798787 1.0997980491 1.302541953 0.6067742795 -0.0218517238 0.4044801643 -0.00184919 
50 7 1.72189879 1.2489690151 0.7066958152 1.0092706128 -0.1544790233 -0.1015167648 -0.4124797936 
51 6 1.6006233375 0.7964981653 0.8902922272 0.8752046761 0.0117992698 -0.0377444603 -0.0072093021 
52 5 1.5800389071 0.5428010571 1.2802368522 0.6734850386 0.0924930392 0.0580236983 0.3013280416 
53 4 1.39885086 0.6170680039 0.6293985972 0.7103171273 -0.0317778372 -0.027528418 0.0402350341 
54 4 1.4364051281 0.6472071627 0.7343031115 0.6817494177 -0.1004093028 -0.068013219 -0.0241950715 
55 4 1.3992472264 0.6368429535 0.6749534307 0.6460964165 -0.0451375854 0.0253389901 -0.0122324153 
56 3 1.3182405393 0.3900854137 0.8001357385 0.5475369673 -0.1603703964 0.4049395151 0.1390952624 
57 2 1.1198207692 0.6996814758 0.5540050386 3.1204059957e-04 0.622597031 -0.0147759611 -0.0131480822 
58 2 1.273974446 0.0308370529 0.2025659233 1.3896079128 0.0790350308 0.2070058277 0.5305536824 
59 1 0.0 0.0 0.0 0.0 0.0 0.0 0.0 
60 1 0.0 0.0 0.0 0.0 0.0 0.0 0.0 
61 1 0.0 0.0 0.0 0.0 0.0 0.0 0.0 
62 1 0.0 0.0 0.0 0.0 0.0 0.0 0.0 
63 1 0.0 0.0 0.0 0.0 0.0 0.0 0.0 
