# Cluster list (49 data points):
# "Cluster Identifier" "Cluster Size" "Radius of Gyration" "Gyration Tensor.XX" "Gyration Tensor.YY" "Gyration Tensor.ZZ" "Gyration Tensor.XY" "Gyration Tensor.XZ" "Gyration Tensor.YZ"
1 76 4.1554640079 8.4550422426 3.5317030193 5.2811358588 1.0902610149 -2.2712391149 -0.4299497078 
2 53 3.4809632288 3.9673791669 3.9690166646 4.1807091684 0.3910755593 0.1425514962 0.5421055025 
3 53 3.4875582448 4.8456820303 3.4160262163 3.901354264 -0.4977915198 -0.5730737208 0.4067550144 
4 47 3.4407460847 3.1846895556 5.3118691412 3.3421749225 0.8587584757 0.6852489679 0.8233585261 
5 40 3.1773183388 4.1228320573 2.8250273861 3.1474923825 -0.0934570534 0.3492537708 -0.0781791836 
6 40 3.1805247991 2.9504733511 3.5021845329 3.6630801135 0.7120777836 -0.3884498987 -0.265844086 
7 39 3.144677931 2.7653034816 4.2483743414 2.8753214669 -0.1848233217 0.1046781591 -0.4814393472 
8 36 3.0997115758 2.925013416 2.7662184836 3.9169799534 0.5195344337 -0.4967968857 -0.7139497328 
9 33 3.0108763075 3.7631260819 2.9361629868 2.3660870705 -0.7874925833 0.0766447441 0.10457688 
10 31 3.0114664235 2.4339498259 4.0783295526 2.5566506412 0.480906207 0.3492958098 -0.9283457644 
11 31 2.8952066488 3.1005653034 2.9335767675 2.3480794684 -0.4960194712 0.2729578842 -0.2681593282 
12 28 2.8083521954 1.9709842656 2.492519741 3.4233380467 0.149404495 0.2832065083 0.0016426743 
13 27 2.820138764 3.2835727692 2.7844850779 1.8851248011 0.908551728 0.0380014227 0.3283566418 
14 23 2.617674272 2.3320963214 2.2925315803 2.2275906924 -0.4228283795 0.0891756139 0.0326243643 
15 23 2.6747956143 2.9847630204 2.2797073111 1.8900612469 0.1222629603 -0.484393496 -0.6056017218 
16 22 2.5968019851 2.6107028098 1.9643119535 2.1683657867 0.15129103 -0.2878672775 0.1507814786 
17 21 2.5490163243 2.3302014778 2.2160892718 1.9511934722 0.486646062 0.0232468199 0.5148722412 
18 21 2.567343175 2.1724205758 2.5132316013 1.9055988014 0.2295988438 0.5488249339 0.0726847691 
19 21 2.5545395394 1.8852485468 2.5668439962 2.0735797153 0.192136426 0.2993618602 0.4524092604 
20 20 2.4887750281 2.4023532356 1.4454195471 2.3462283578 0.0935742988 0.4721472369 0.0907331442 
21 18 2.3929481189 1.6666782655 2.4492352446 1.6102871897 0.2584205322 0.0654735092 0.209343154 
22 17 2.4029795859 1.7797703652 2.0568922502 1.9376482747 0.1875357491 0.3184297965 -0.5682084919 
23 16 2.2780146487 1.5555073183 1.808959265 1.8248841565 -0.0616995971 -0.0737270077 -0.0013202729 
24 15 2.2528025433 1.6478598558 2.1731285307 1.2541309129 0.4587063746 -0.0091154155 0.059646887 
25 15 2.2844904291 1.7924088984 1.3808315337 2.0456560883 0.2154231712 0.3353416948 -0.0699302237 
26 15 2.2465995775 1.4379349077 1.5079542496 2.1013205043 0.2254361021 -0.2760178669 -0.3595443757 
27 14 2.1781875866 1.9551330194 1.4779309691 1.3114371737 0.2871508994 -0.02405093 -0.0069128664 
28 14 2.1809877845 1.5942665154 1.3469512011 1.8154899997 -0.0818556962 0.3322983397 -0.0679161643 
29 14 2.1885734379 1.3463780985 1.6214660574 1.822009537 -0.003455547 0.0696053899 0.4253302475 
30 13 2.0586328239 1.4452708377 1.3989780366 1.3937202293 -0.0273552024 0.010016414 0.0061865784 
31 13 2.0801846775 1.4309555066 1.4493905554 1.4468222304 0.0139634494 0.0102304675 0.0178760836 
32 13 2.079501975 1.4245425409 1.4484700343 1.451315889 0.0040095798 0.0459535427 -0.0366707452 
33 12 2.0550062209 1.2757026375 1.530572598 1.4167753324 0.017511733 -0.21605924 -7.0415887975e-04 
34 12 2.0555931713 1.2553580155 1.3860046509 1.5841006194 0.1755557027 -0.0428188627 0.0652076264 
35 11 2.067052668 1.1316959766 1.5718528147 1.5691579409 0.3796341902 0.0132887099 0.0058711828 
36 11 2.0688430929 1.66702834 1.500513435 1.1125699679 -0.398626481 -0.2066090304 -0.1712426224 
37 10 1.9946365963 1.5352144035 0.8987861405 1.5445746074 -0.1403533655 0.0874915662 0.3445160529 
38 10 2.0069246695 0.9313916518 1.5494285288 1.5469264485 0.1950121464 -0.3294131101 0.1096533352 
39 9 1.9424283139 0.6926792575 1.200120612 1.880227885 -0.203169973 -0.052448422 0.0330069241 
40 9 1.8712067095 1.0650370176 1.2954507027 1.1409268293 -0.1173705348 -0.2454850662 -0.1338421207 
41 8 1.8003169049 1.0774119493 1.377004075 0.7867249338 0.336955782 0.0613005546 0.0062403395 
42 7 1.7190242701 0.80040112 1.2353430431 0.9193002781 -0.0672286786 -0.4138626856 -0.1172659737 
43 7 1.7538736668 0.5963360559 1.3014195578 1.1783172256 0.1131185762 0.2836073041 0.0443718161 
44 7 1.729918342 0.83393538 1.0663778078 1.0923042823 0.2189319502 0.4010763445 -0.1631838949 
45 7 1.7456271716 0.69834071 1.2819199601 1.066953552 0.1331012022 -0.4212825973 0.0928239163 
46 6 1.5876646629 0.8264276648 0.8500431037 0.8442083132 0.0115057892 0.00886756 0.0576418032 
47 5 1.557061333 0.6769203108 1.0826942155 0.6648254684 -0.3473608443 -0.112223078 0.2552353143 
48 4 1.4139921089 0.6799257859 0.6829400838 0.6365078143 -0.03807436 -0.025368626 -0.0754752857 
49 3 1.3606737139 0.6466120494 0.3477591678 0.8570617387 0.4146928938 -0.2102573613 0.1191587344 
