# Cluster list (50 data points):
# "Cluster Identifier" "Cluster Size" "Radius of Gyration" "Gyration Tensor.XX" "Gyration Tensor.YY" "Gyration Tensor.ZZ" "Gyration Tensor.XY" "Gyration Tensor.XZ" "Gyration Tensor.YZ"
1 76 4.1530772046 8.5926533635 3.422178611 5.2332182928 0.7850890454 -2.2403577403 -0.3713279728 
2 53 3.5165411846 4.3480146486 3.8993281982 4.1187190561 0.5708613427 0.2412413618 0.8238922894 
3 53 3.4818073294 4.7566251723 3.3325891592 4.0337679475 -0.3694827697 -0.7515956312 0.384044382 
4 47 3.4881187497 3.4224216742 5.5266148316 3.217935906 1.1951092944 0.9156678548 0.8096343026 
5 40 3.1854659532 4.2342548597 2.8531356365 3.0598028425 0.1524080194 0.2586899417 0.0336283204 
6 40 3.1870532618 3.0757476641 3.405451925 3.6761089046 0.6911170657 -0.4486248635 -0.1633353294 
7 39 3.1469787163 2.7158926128 4.2498451583 2.93773727 -0.0407429568 0.0411824396 -0.5365082068 
8 36 3.0976004097 2.9490621759 2.5812570896 4.0648090329 0.3848254565 -0.5818756197 -0.5763646317 
9 33 3.0178760941 3.8217683079 2.9693786614 2.3164291503 -0.7242933684 0.0548200499 0.0429686955 
10 31 2.9069216617 3.2815298601 2.8678376198 2.3008260675 -0.559045916 0.2097802431 -0.2435863873 
11 30 2.9193939403 2.7849697133 3.6700506509 2.0678406144 0.2783630097 0.3256330898 -0.5473085765 
12 28 2.8103199062 2.2068969639 2.5952878996 3.095713112 0.052686894 0.595423347 0.064024545 
13 27 2.8132706125 3.3823153213 2.4745187494 2.0576574686 0.737713576 0.2675864671 0.4719646033 
14 23 2.6777274577 2.9816133416 2.4091907984 1.7794201978 0.1869487788 -0.4474826192 -0.5592413367 
15 23 2.601564305 2.4451162268 2.02675997 2.2962606364 -0.3445079559 0.0156356667 0.1093036629 
16 22 2.5986902827 2.6735680724 2.074352203 2.0052709103 0.2519830556 -0.2449634667 0.1791328652 
17 21 2.5455107289 2.192201505 2.6041477492 1.683275617 0.4229392332 -0.2740200777 0.2034990171 
18 21 2.5573758082 1.9553107711 2.6181805687 1.9666796845 0.1845876232 0.325438566 0.4055379313 
19 21 2.5839720726 1.7420472787 2.5772135046 2.3576508886 -0.0678263099 0.4322791192 0.2950112043 
20 20 2.4902531277 2.2667044377 1.5507175844 2.3839386179 -0.3425754559 0.4866402984 -0.1616250289 
21 18 2.3897796198 1.6325189641 2.4829058766 1.5956217903 0.2064437743 0.0235525919 -0.0127483053 
22 17 2.3953977726 1.8492954075 2.0237158011 1.8649192803 0.1627646138 0.313420508 -0.6065946528 
23 16 2.2823153961 1.6527193499 1.6757387833 1.8805054339 -0.0368488653 -0.1795300178 -0.0997878776 
24 15 2.2937750525 1.9846676902 1.3698152792 1.9069210223 0.2109869234 0.3438650059 -0.0286828495 
25 15 2.2639129103 1.3709596134 2.3958465178 1.3584955345 -0.0059588786 -0.0342503079 -0.3420902779 
26 15 2.2608714242 1.5374552538 1.4083170513 2.1657672916 0.1995609758 -0.4734565179 -0.1942737583 
27 14 2.1771790365 1.427776577 1.8504097079 1.461922272 -0.1610723921 -0.1080916442 0.3012663452 
28 14 2.1689632421 1.68092924 1.341151029 1.6823212765 -0.032066398 0.3713371865 -0.0121576456 
29 14 2.1791094928 2.0831828471 1.3183765562 1.3469587784 0.0707650216 -0.1937039437 0.0372223515 
30 13 2.055765284 1.4014069533 1.3854987982 1.4392651515 0.0157519382 -0.0096134418 0.0120830209 
31 13 2.0594471017 1.3660122483 1.4041119006 1.4711982158 0.0228473277 -0.0025784496 -0.0130141159 
32 13 2.0728591919 1.4164894174 1.4536407689 1.426615043 0.0112031187 -0.0268798625 0.024613901 
33 12 2.0484510737 1.3529724585 1.4437884775 1.3993908653 -0.0887904003 -0.182783668 -0.0058982801 
34 12 2.0589989831 1.264843788 1.5495603931 1.4250726314 0.0042882426 -0.1891258585 -0.0320691999 
35 11 2.0370790431 0.9130294997 1.7126405208 1.5240210074 0.0977207885 -0.0577817955 -0.1189991905 
36 11 2.0749821911 1.6306748107 1.6569370977 1.0179391848 -0.2480337215 -0.2662261776 0.0023618184 
37 10 1.9731617657 0.9566796319 1.5510474152 1.3856403067 0.0998845059 -0.3904025392 0.0662995181 
38 10 1.9794181004 0.9922048059 1.3959391356 1.5299520747 -0.4296534517 0.1671383383 0.1421076085 
39 9 1.9346243387 1.1204923297 0.8655114637 1.7567675385 -0.2590578953 0.1416104224 0.2808989116 
40 9 1.8894763463 0.9260511988 1.369768954 1.2743007103 -0.1665833742 -0.2041372549 -0.0087531635 
41 8 1.8223977182 0.9006795499 1.5732967471 0.8471571461 0.2818010882 0.0809402968 0.1181657272 
42 7 1.7256296803 1.0599668106 1.2751629241 0.6426680588 -0.0833959921 0.3953860865 0.1081471024 
43 7 1.7463176031 0.7677270665 1.0789558151 1.2029422895 -0.4188001326 0.2066546116 0.1134722979 
44 7 1.7715786064 1.1062567826 1.2197322286 0.8125017475 -0.1149495227 0.4033378105 0.3861641808 
45 7 1.752706849 0.9987110762 0.7350916067 1.3381786155 0.4058290176 -0.0415822877 0.1339884849 
46 6 1.6034699482 0.8662397427 0.8287023354 0.8761737969 -0.0081484474 -0.0111049391 0.0107774179 
47 5 1.5754004606 0.6155625038 1.273348545 0.5929755623 0.0962713541 0.0814410121 0.2720576492 
48 4 1.4015766443 0.6600888419 0.5986016951 0.7057265529 0.0044355677 0.0442758177 0.0473617918 
49 3 1.3081929873 0.0651216659 0.7423665162 0.90388071 -0.2049537401 0.0907140989 -0.0104112001 
50 1 0.0 0.0 0.0 0.0 0.0 0.0 0.0 
