# Cluster list (13 data points):
# "Cluster Identifier" "Cluster Size" "Radius of Gyration" "Gyration Tensor.XX" "Gyration Tensor.YY" "Gyration Tensor.ZZ" "Gyration Tensor.XY" "Gyration Tensor.XZ" "Gyration Tensor.YZ"
1 802 9.4889477174 22.7847495074 46.2461840208 21.0091952562 -3.3635810177 5.3552174249 12.6898922924 
2 587 10.8356653145 17.0238156157 80.4752717577 19.9125554343 12.4046536217 0.2021639119 -24.7848260211 
3 552 10.1240351565 15.3051066016 42.308718554 44.8822626942 10.9837772206 -13.338128979 -33.0475421598 
4 480 8.9626089885 9.7249602739 22.0454085799 48.5579910266 -4.4606868793 -8.5680444184 12.9045620588 
5 451 8.6222099752 21.0065557654 44.3740717925 8.961877299 -17.0372827592 -1.9699833378 4.600955429 
6 427 7.4319749144 11.2221323998 15.6205422372 28.3915764906 -1.6751414041 -1.1255775566 7.2970349571 
7 418 7.6141245673 10.7903153187 9.8224441494 37.3621334585 0.813565048 -1.5689254169 -1.4082837528 
8 415 8.0126792306 12.1656617816 26.5656591271 25.4717075437 -1.538532473 2.3987157326 -18.2327513939 
9 387 7.5966100166 22.6573095184 10.3307276016 24.7204466249 2.737396225 8.9282497648 6.0291312461 
10 168 5.2426171344 12.2556959317 6.2717113705 8.9576271157 -1.1099687639 3.0770405792 -0.5422072934 
11 157 5.4678403681 8.0126690348 5.9612124853 15.9233967713 -1.2065296301 5.0605460361 -2.7903443974 
12 85 4.1282144787 5.6176658558 4.5320570456 6.8924318811 0.2577023698 1.5349604972 0.7138986963 
13 71 3.8816659737 5.7782575306 5.4087012172 3.8803719836 -1.7434644297 0.3506213838 0.1893023238 
