# Cluster list (16 data points):
# "Cluster Identifier" "Cluster Size" "Radius of Gyration" "Gyration Tensor.XX" "Gyration Tensor.YY" "Gyration Tensor.ZZ" "Gyration Tensor.XY" "Gyration Tensor.XZ" "Gyration Tensor.YZ"
1 552 10.1445000777 21.0706232906 11.8196662611 70.0205922751 -5.0481474887 24.6564991495 -8.4432751559 
2 519 7.9355148812 24.5808500902 20.6874793036 17.7040670357 -3.8795837456 5.0102383931 5.25561204 
3 488 10.025735774 11.9520781523 58.7636109935 29.799688665 -13.2189645039 9.8893729103 -29.7413014619 
4 480 8.957142511 25.1377844156 21.6771883735 33.4154291741 6.2299294479 -18.8850692577 -14.7134959748 
5 451 8.6523591741 12.1485802789 53.4705097224 9.2442292763 -6.0349298773 1.5419424557 0.0401840236 
6 427 7.4429346673 12.4166123082 14.8057563109 28.1749078433 -0.0332173918 2.7717006816 7.7538988105 
7 418 8.645668062 14.0155347164 8.5919586833 52.1400828386 -0.5022882921 -14.8282917522 -0.429081513 
8 415 8.0275989618 13.335823359 16.8633023231 34.2432194098 -3.6258038256 11.6849909874 -11.6598994923 
9 387 7.6076071917 17.1549861596 21.2525373447 19.4681636796 -6.1829388961 2.9473420689 -11.6353782143 
10 200 5.5861088646 14.6471414685 7.4514229154 9.1060478638 -1.0772865417 0.3537832906 0.1427435592 
11 168 5.2373547703 10.5960060858 9.5066517096 7.3272271948 -3.8437101685 0.9911158571 -1.2338194935 
12 157 5.479718856 6.0405111157 18.6276237985 5.3591838271 -2.7500653883 0.0377271145 -0.9238229114 
13 99 4.6075897153 12.5293883192 4.5088345291 4.1916601362 1.4081810793 -0.3906955869 0.3343290145 
14 85 4.1278813418 4.600784651 7.7582206253 4.680399096 -1.1060383536 -0.0650557176 -0.12104669 
15 83 4.1020738871 4.2024042908 5.0195930198 7.605012865 -0.4978206291 -0.225127022 -1.0016478205 
16 71 3.8835981822 4.8113053328 3.5329153297 6.7381141785 0.1791753214 -1.2510759428 -0.3848309692 
