# Cluster list (24 data points):
# "Cluster Identifier" "Cluster Size" "Radius of Gyration" "Gyration Tensor.XX" "Gyration Tensor.YY" "Gyration Tensor.ZZ" "Gyration Tensor.XY" "Gyration Tensor.XZ" "Gyration Tensor.YZ"
1 488 10.0081151205 12.3646143835 64.6295630736 23.1681908075 16.0526236428 -5.9930703656 -25.2354252709 
2 415 8.0225594241 41.5459937807 8.6934998164 14.1219661158 3.1942205246 9.0744816523 2.5877515467 
3 405 7.3522778487 11.2603999845 21.5243359422 21.2712536382 -0.4568522084 2.353094287 -9.4674415262 
4 387 7.610937955 12.340531004 32.5216587481 13.0641868022 6.8249413093 3.2020032347 -0.6491100845 
5 377 8.0247488541 30.1511268257 23.3394571531 10.9060101927 17.4687695639 6.0642125021 4.1804602199 
6 357 7.6353163896 8.4791611102 19.0335953317 30.7852999282 2.5037328634 0.3934498379 -14.3160496474 
7 335 6.6951530707 11.9476889423 18.7282764823 14.149109215 1.8482929838 -1.2592655259 -7.1870990347 
8 249 6.0602638388 19.4025784138 8.4174502752 8.9067691064 -0.6980140459 0.6149120813 -1.2597820039 
9 220 6.1447266474 6.8634217637 8.1192222498 22.7750215581 0.9015912836 1.0371379232 4.7429221025 
10 200 5.5873919101 8.7090570282 10.8510268559 11.6588644732 1.1696448603 -0.0861665828 -3.4340853794 
11 198 5.7186893828 9.4218431275 14.851647049 8.4299180801 -5.0171663126 1.0548001413 -2.9368737369 
12 168 5.2347983803 9.3667891585 10.2557167731 7.7806081511 -3.064376967 1.4631523372 -2.4972363135 
13 157 5.4808952389 5.5476974816 18.532698386 5.9598167525 -1.2893812889 0.04363095 -2.8206944767 
14 147 5.4720695297 18.105342262 6.1542460734 5.6839566024 3.7252579349 3.1524592503 1.2478906365 
15 120 4.6673957476 5.7797430638 5.4002172818 10.6046227195 0.3589908183 -0.829012582 -0.7718695829 
16 114 4.613410076 7.5034952259 7.7172341634 6.06282314 1.3511225169 -1.0757626021 -2.3682324155 
17 99 4.604348742 4.1266765329 11.3655607275 5.707790078 0.3025564803 -0.4978552057 -3.0655996702 
18 92 4.2923708904 4.8654909934 9.2130229656 4.3459339014 -1.5438251401 -0.3132896964 0.202843083 
19 85 4.1250248142 4.7135019451 8.0189712449 4.2833565276 0.0904058617 -0.0143622891 0.4437043866 
20 84 4.3248744032 4.2778100742 10.7609947569 3.6657337726 -0.3977616225 0.2250829412 0.921835407 
21 83 4.1025193715 5.0888609258 6.4420750213 5.2997292462 0.7522863602 1.1751874615 1.4049233548 
22 75 3.9176312904 5.6125644374 5.6667195207 4.0685509693 -0.9879124721 0.1357344273 -0.2096257307 
23 74 3.8748822164 5.8700020621 4.4018848677 4.7428252614 -0.7894599784 -0.7348987961 0.3628369018 
24 71 3.8860184625 5.5466564162 4.3992506356 5.1552324388 -1.2023259088 1.1014616213 -1.0822400723 
