# Cluster list (33 data points):
# "Cluster Identifier" "Cluster Size" "Radius of Gyration" "Gyration Tensor.XX" "Gyration Tensor.YY" "Gyration Tensor.ZZ" "Gyration Tensor.XY" "Gyration Tensor.XZ" "Gyration Tensor.YZ"
1 420 9.2128637266 20.7673727308 42.921810622 21.1876746916 22.0254789586 -12.3372246113 -19.9196356881 
2 377 8.0175700677 14.129630367 40.5706064561 9.5811929673 12.7325308063 -0.5194855965 -2.8321201422 
3 357 7.6357423523 19.1346599909 14.5140846952 24.6558165845 9.9668999842 -11.2830690857 -9.1505452787 
4 341 6.9821207568 25.713196266 10.9537313417 12.0830826546 3.3677919499 7.5472668226 2.7712944206 
5 288 6.9268144245 17.3109652075 21.9421042043 8.7276886592 -11.4422610239 3.2215813788 -2.7565899668 
6 243 6.3192264414 11.9672341868 8.6335306391 19.3318579917 4.3366082569 -3.1437609119 -2.7198534635 
7 242 5.8378492596 9.6340597628 11.3696861362 13.076738079 -2.1046113906 0.094420723 -2.8561980546 
8 220 6.1381620318 8.7770553041 7.2776271895 21.6223506354 -0.9501879152 -4.6091089944 4.0256610567 
9 198 5.7149742412 10.7576855491 13.7538471866 8.1493978424 -4.7885311135 1.648475473 -3.5695905341 
10 162 5.146365308 7.1272334858 11.1680217958 8.1898206014 1.7005425941 1.1633791042 2.4471596138 
11 157 5.4849372171 15.1986265771 9.7072632296 5.1786464684 -6.2501916087 0.8598222832 -0.4065424982 
12 155 5.0759039538 5.7080709069 9.9799427595 10.0767872817 -0.9486313259 -0.1624783102 -0.2475180583 
13 147 5.4786744473 7.7084090159 17.1229072848 5.1845573991 5.507927804 -1.226033982 -1.8560729113 
14 125 4.8956865606 6.6081411612 9.9134670426 7.4461386962 2.7467572593 1.7613520716 3.0780086068 
15 124 4.7576166046 6.61299363 6.985761497 9.0361606297 1.0502147519 1.6004547425 -1.9371528897 
16 120 4.6712619123 7.1449167036 5.6353607497 9.0404103996 -0.9391106482 -2.415185838 0.7546209461 
17 114 4.6026554254 5.4357942055 6.6600828063 9.0885599528 -0.6124018982 -0.9315703055 -2.1313532211 
18 99 4.6069109912 6.0880693108 8.2754703024 6.8600892675 -2.6189413775 1.8879406456 -3.5922217244 
19 99 4.6024828499 9.680412661 6.1027096056 5.3997261168 -3.7429232037 1.6922767986 -1.1320442638 
20 95 4.2046815331 5.540453115 6.9353358692 5.203557811 -0.7410291097 0.0030024655 0.091557271 
21 93 4.239990453 6.1813101131 5.9818205059 5.8143884222 0.7075803031 1.960684969 0.6262010183 
22 85 4.1299844451 6.1302558791 5.1229783721 5.8035372653 -1.2637155663 1.4727430078 -0.6985869526 
23 84 4.3276554099 9.9258884057 3.7079755189 5.0947374226 -1.4049465922 1.9031371313 -0.469766596 
24 83 4.0953315558 4.3178839702 7.7775250706 4.676331511 -0.6368017775 0.4137116182 0.59236431 
25 75 3.9127341226 6.0345767183 4.4952588439 4.7796527517 0.2555568828 -0.9909506612 0.0562954672 
26 74 3.8488845537 4.7543159231 5.9489185981 4.1106777862 1.201270255 0.4082588281 0.2825857643 
27 74 3.8670610246 5.3270889319 5.2231394479 4.4039325883 -0.9655888612 -0.6944201829 0.4240974905 
28 73 4.006778067 7.052570159 4.527635236 4.4740650836 -1.9276066613 0.9387586683 0.0069454014 
29 71 3.8785371551 4.8862326859 3.7772386456 6.3795791317 -0.5105471402 -1.2642230833 0.7283131226 
30 68 3.763596809 3.5792185958 6.2644757294 4.3209666156 0.4069752177 -0.0780501758 0.5746417684 
31 51 3.4014984022 3.7550711232 3.8939638355 3.9211564218 -0.2473700328 -0.127355264 -0.2159338581 
32 45 3.2590286504 3.2642464594 3.5743687658 3.7826525191 0.2059276352 0.2418635918 0.0818750048 
33 41 3.1695534866 3.1623603951 4.1029521402 2.7807567689 -0.141452428 0.2296530291 0.1062690415 
