# Cluster list (16 data points):
# "Cluster Identifier" "Cluster Size" "Radius of Gyration" "Gyration Tensor.XX" "Gyration Tensor.YY" "Gyration Tensor.ZZ" "Gyration Tensor.XY" "Gyration Tensor.XZ" "Gyration Tensor.YZ"
1 552 10.1444668308 16.9332168661 10.930167895 75.0468225209 -3.6712123785 18.4712746502 -8.9177550151 
2 519 7.9437225018 24.3953316721 24.5199985647 14.1873969481 -1.8863378798 6.0821618661 2.0167766719 
3 488 10.0155296992 11.1216792595 36.8576838277 52.3314720677 -10.1656667959 11.9491451587 -32.0042351907 
4 480 8.9558105459 23.1241374689 30.3233138951 26.7590911693 9.1619153586 -13.5841180353 -19.1834397335 
5 451 8.6399581709 10.5346517544 50.3289529367 13.7852725044 0.3405576873 1.9763689725 12.4538544 
6 427 7.4416006511 12.1707725625 12.5952305218 30.6114171664 -1.8361497885 -2.6009491145 4.2262103428 
7 418 8.6699679082 17.0781597071 10.7465580417 47.34362578 -4.7896668542 -17.8347141471 8.888259467 
8 415 8.0224296095 11.8559452777 16.6542410332 35.8491905291 -1.24141964 6.9413770786 -14.0393782192 
9 387 7.5973037863 15.0118464817 26.0550657112 16.652112629 -9.4711809509 0.813781007 -7.5572232937 
10 200 5.5920359605 13.2654120328 8.9187941941 9.086659957 3.11098602 -0.0796063492 -0.2562552611 
11 168 5.2444019792 8.5823556686 7.9538061215 10.9675903293 -2.1389617682 3.0144046394 -2.0762209916 
12 157 5.468905195 11.9528723263 12.1740830322 5.781968673 -6.62302421 1.5548353346 -1.8306112622 
13 99 4.6160988768 7.8480503965 9.0978477977 4.3624706464 -4.3194208964 -0.5013488886 0.0393134452 
14 85 4.1287010957 4.3410429244 7.8716548895 4.8334749236 -0.5956200456 0.0856982392 -0.5249462522 
15 83 4.1005666053 5.3024459879 6.2664019112 5.245798585 -0.7249328619 -0.9266386854 1.6728055195 
16 71 3.8859416944 4.3599365215 5.7063023771 5.0343039536 0.6394051256 -1.0148757548 -1.5518133754 
