# Cluster list (43 data points):
# "Cluster Identifier" "Cluster Size" "Radius of Gyration" "Gyration Tensor.XX" "Gyration Tensor.YY" "Gyration Tensor.ZZ" "Gyration Tensor.XY" "Gyration Tensor.XZ" "Gyration Tensor.YZ"
1 377 8.0350741917 25.1033756892 24.2277263758 15.2313152009 15.516721587 -9.3671473527 -9.9663753765 
2 341 6.9760694222 14.6615728762 11.3698880382 22.6340836689 -3.6968566636 9.0087822829 -3.4744270625 
3 242 5.8438228927 12.7697733818 12.6216138472 8.7588787726 -2.7498273084 -0.1790837529 -1.7829846956 
4 241 6.016575233 10.5027074331 16.2038769641 9.4925931366 4.6896437756 -0.7375024521 1.9257652018 
5 220 6.1370634838 12.4988879538 7.5552893152 17.6093709356 2.8863872742 -7.5688738189 -3.1323745183 
6 207 5.8956819482 9.1461024592 9.6191367655 15.9938264091 1.5064786853 -2.0668723401 -6.3771333755 
7 198 5.7165702618 15.5359318021 7.1728156715 9.9704280843 -2.8536996052 4.1169919314 -1.75895185 
8 179 5.3613399777 9.2885168714 13.0909385493 6.3645109353 2.2747486604 0.9287291834 -0.3362247255 
9 157 5.4692184228 18.5049852528 6.0297116779 5.377653226 -2.6296933697 -1.0862772474 0.5007035543 
10 150 4.97826466 7.3746128393 7.7372996191 9.6712065666 1.67960536 -0.1682473212 1.7567082046 
11 147 5.4831488008 4.6515220152 16.6123805584 8.8010181978 0.3760374696 -0.2318041704 -6.2630856683 
12 143 5.1122907609 6.7409390278 9.948399855 9.4461779413 -2.51757921 2.3723886721 -4.2164667272 
13 127 4.8511097068 9.4404261988 8.773971032 5.3188681565 -3.6151066505 -0.2660372231 -0.2810324776 
14 125 4.8862302789 9.115833755 9.6549239008 5.1044886828 4.0269518392 0.4520808899 0.5232147881 
15 124 4.7439356907 5.1507800127 9.2646665243 8.0894793001 1.9417213387 -0.3801191173 -0.8262597609 
16 120 4.6735333253 10.8795000171 5.3706989762 5.5917147492 -0.5449168386 -0.3889739153 0.2787750858 
17 114 4.5966864152 6.2649921379 8.7857979565 6.0787359052 -0.3875557733 -0.4000024012 -2.4603690233 
18 100 4.3125594186 5.4650620788 6.9198683044 6.213238356 0.8233118422 0.6986923293 -0.6650349232 
19 100 4.4177197204 5.7248619328 4.6016978786 9.1896877169 -0.0588418913 0.5780334185 -1.6288943281 
20 99 4.619170057 6.8489693324 4.9494367066 9.5383259768 1.0017597265 3.8277800803 2.0002307999 
21 99 4.5931783829 9.8297663009 4.7737251138 6.4937962429 -0.4326968133 -3.9968196881 -0.0999950086 
22 95 4.2368021141 5.1748655093 5.1723837279 7.6032429167 0.0887177611 0.7552242071 -0.2815958342 
23 94 4.287277801 6.9215265447 5.9823350997 5.4768892989 -1.5105237915 -0.2725281273 1.254173508 
24 93 4.2463885102 7.6082713881 5.6899320181 4.7336119736 0.5679995497 -1.3977220621 -0.8430975819 
25 90 4.1341447778 6.865419483 5.6870873845 4.5386461765 0.6681226128 -0.379891364 0.0110734279 
26 85 4.1237931509 5.4773276938 5.2195848723 6.3087573851 0.6359569127 -1.5216366078 -1.1317410727 
27 84 4.3232405792 6.7246193045 8.0962858336 3.869503968 3.2510723566 -0.2315561243 -0.9645150041 
28 83 4.1114916148 6.2970062251 5.723263164 4.8840939094 1.1204356365 1.6152513716 0.8187900794 
29 75 3.9172829073 6.4484045705 4.325088839 4.5716119664 0.6281397891 -0.1380887334 0.0062710533 
30 74 3.8453737438 4.2986129235 4.8164567897 5.6718295164 -0.1911570959 -0.467974162 1.3057596966 
31 74 3.8650507716 5.8119980646 4.6867959981 4.4398234047 1.1296576543 -0.1465321342 -0.154444613 
32 73 4.0128943895 4.2549117884 7.9455502508 3.9028593422 -1.0157935137 -0.3680187999 -0.9177680217 
33 71 3.8917561293 7.0460648274 3.6778658474 4.4218350952 -0.2916261091 0.9302048719 -0.3697793449 
34 62 3.6010991838 4.145275073 5.0930864281 3.7295538307 0.3237093026 0.092272752 0.1230444411 
35 51 3.3958037848 3.9711777874 3.8563782771 3.7039272805 -0.1957528136 -0.2238547492 -0.188476565 
36 51 3.3882158188 4.0596205535 3.5222703973 3.8981154839 -0.1843428188 0.8453414721 -0.5389815688 
37 45 3.3090175843 3.1740035334 3.2753774352 4.5002164044 0.2741217831 -0.5362244701 -0.4347328121 
38 41 3.186402205 3.9687614293 3.3986594233 2.7857381592 0.4403670374 -0.110609813 0.2370533483 
39 39 3.1445220771 3.3083150828 3.8616690582 2.7180349522 0.1780323826 -0.5023129591 -0.5403340829 
40 35 3.2183418621 2.5934977448 4.289431692 3.4747949048 -0.2417463847 0.3755695575 -1.8340007298 
41 30 2.895527596 2.1350731942 3.3338941859 2.9151126788 0.4809686987 0.3087628255 0.1204513742 
42 29 2.7316251928 2.3813372755 2.8675733174 2.2128656009 -0.0044149872 -0.0297841482 0.053531398 
43 16 2.3141190736 1.7016262013 1.9969379204 1.6565829649 0.4994608684 -0.1016896385 -0.3350239176 
