# Cluster list (74 data points):
# "Cluster Identifier" "Cluster Size" "Radius of Gyration" "Gyration Tensor.XX" "Gyration Tensor.YY" "Gyration Tensor.ZZ" "Gyration Tensor.XY" "Gyration Tensor.XZ" "Gyration Tensor.YZ"
1 158 5.1062852116 11.9776291911 6.1866309628 7.9098885082 0.406551127 -2.8763069691 -0.5558317779 
2 156 5.4354754507 12.2312160936 7.092087297 10.2210899848 2.0218145777 6.3495042065 1.1805680455 
3 152 5.3919900042 5.9640553488 15.4954860364 7.6140148207 -2.2579834095 0.7668456499 -4.8757284763 
4 150 4.9845671258 9.8843408454 7.6265211125 7.3350474732 -1.3184613658 -1.6383264304 -1.0333209153 
5 147 4.9939581986 7.4822717914 10.4088172733 7.048529425 1.5123536525 1.6569247396 1.8141195576 
6 147 5.4757966724 5.1014409621 5.6227032741 19.2602049613 0.0157499255 1.6395830539 -2.9783337692 
7 124 4.6397038117 6.6253770894 8.6058770922 6.2955972786 1.5292624756 -1.1515417799 -1.4718228787 
8 114 4.6143426319 7.1855615918 5.9268547241 8.1797416091 0.7237490021 1.4291320923 2.3939948788 
9 108 4.6673775164 7.0866251026 6.7879893962 7.9097983821 2.54409328 -3.511687435 -2.153502449 
10 106 4.6330971316 5.0639440469 7.6595887625 8.7420562218 1.7382645912 2.2194023576 3.3276039558 
11 104 4.4629229245 6.9740748215 7.1238535373 5.8197526712 2.5550316042 0.5316992636 0.0465815677 
12 101 4.4568527592 4.8703831928 7.2620314435 7.7311218806 -1.3342629273 1.0863910731 -2.4714656819 
13 100 4.3105819573 5.5544279356 6.7079376444 6.318751231 0.611901462 0.7774841989 -0.7669216676 
14 100 4.4247152258 7.2167524277 5.9017289231 6.4596234785 -0.7301982705 2.6844199089 -1.1026912333 
15 99 4.6071754488 4.3413874276 12.6071071718 4.2775710162 0.1101939449 -0.3540020227 0.9620253998 
16 95 4.2353812329 6.3585636957 5.2995396676 6.2803508248 -0.4891875046 1.1751417511 -0.7172230954 
17 94 4.2873783503 8.1970562699 4.6918066166 5.4927502325 0.1472597231 0.7744281425 -0.7613057994 
18 93 4.2404660869 6.654860876 6.2244279635 5.1022637949 -1.6784165989 -0.0097191373 1.1063335073 
19 87 4.0813807742 5.9570533795 5.2968564016 5.4037592425 0.3116244247 -0.3273015018 -0.8725040195 
20 87 4.1447681809 5.8513329858 4.503169848 6.82460044 0.8443361447 -0.3347850082 -0.6106999066 
21 85 4.126650017 4.7075198183 6.8232738597 5.4984466844 0.5090036762 0.1053438581 1.728632893 
22 85 4.1380632994 7.050205432 4.8275560011 5.2458064371 -0.3958004973 1.633845081 -0.2409451544 
23 84 4.0427157615 4.6052576864 6.2254025201 5.5128905216 -0.5026854816 0.005583316 0.5142108454 
24 84 4.0475727478 4.7214015569 6.3735917128 5.2878518788 -0.1316287777 0.2580331916 0.2923731 
25 84 4.1197667534 5.5980564975 7.3426369664 4.0317846386 -1.0248719372 0.60803696 -0.7085803383 
26 83 4.1283483289 5.6643692673 4.8110925739 6.5677980833 -1.342758347 1.4542173088 -1.2783607326 
27 83 4.0199280975 5.1069448313 5.670977631 5.3818994465 -0.5960949597 0.8058777726 0.6231849502 
28 75 3.9410092742 7.058796163 4.5098179488 3.9629399877 0.2294034646 0.1882908975 -0.2465026929 
29 74 3.9345270796 6.1977764892 4.3287356571 4.9539911935 1.1350226242 1.2997469777 0.8320023952 
30 74 3.8656267091 4.3671614901 4.2977859126 6.2781224515 0.1420835836 0.7672886398 -0.171045174 
31 73 4.0117242977 3.8577807298 8.0428979098 4.1932532011 1.0499130482 -0.4221095091 0.6453014131 
32 73 3.8864746193 4.3456214522 5.8749810454 4.8840824688 0.0993020628 0.8253517703 0.7239353441 
33 71 3.8921280795 3.878765968 7.1555494964 4.1143455232 0.0094028561 -0.3392086211 0.9302395583 
34 71 3.851839652 5.4542027821 3.9199786607 5.4624872617 -0.6398906897 1.3941438274 -0.8643213343 
35 67 3.7655853729 5.5588774804 4.397616681 4.2231390391 -0.4477284884 -0.3674170904 0.5262972329 
36 63 3.6758568085 4.5181991124 3.8797167151 5.1140074494 0.353043645 0.3057309264 0.5094900011 
37 60 3.7410683501 3.6449655463 3.627904056 6.7227227977 0.0092134302 0.1120705984 -1.5782321976 
38 59 3.5894204304 4.1686740667 3.8986290401 4.816635919 0.323375047 0.5960204551 0.4375610159 
39 57 3.6401823043 5.5091430317 3.7711176489 3.9706665279 0.5800822953 1.1086323374 0.9642905118 
40 56 3.5735122635 4.5823990201 3.8365264979 4.3510643791 0.2077975759 1.0773301657 0.6406537172 
41 55 3.4978158693 3.9820339328 4.4976516668 3.7550302561 0.1109693061 0.4310721797 0.3410058126 
42 55 3.485967218 3.7334491611 4.1235596066 4.2949586776 -0.4256744622 0.2536428043 0.0558445536 
43 54 3.5037665786 4.7815052071 3.1928390815 4.3020359485 0.1692109279 -0.0058211516 0.3098065449 
44 51 3.4003005531 3.6620613866 3.9495489917 3.9504334731 -0.0235013321 -0.2821300051 0.0669416088 
45 51 3.4692290451 3.9315246754 3.9893543402 4.1146711515 0.3934157137 -0.5918897227 -1.3628213453 
46 49 3.3722586111 3.8633453251 3.506321575 4.0024612399 0.5132685468 0.2061652771 -0.5249282281 
47 49 3.3486735105 3.4774687623 3.9793900666 3.7567554509 -0.2566611546 0.5770874815 0.1486118694 
48 48 3.3800977606 4.2056212515 3.2448275624 3.9746120576 -0.8000810667 -0.6393896604 0.1977369206 
49 46 3.4039723226 5.6949426017 2.9844472126 2.9076377586 -0.7963622073 0.2163981473 -0.3486004433 
50 45 3.3047394438 3.1116797908 3.2989507627 4.5106722376 -0.0336467695 0.5428341942 -0.3964082552 
51 41 3.2107185048 2.782391017 4.5512977962 2.9750245036 -0.0135022724 0.0899890053 -0.8485509536 
52 39 3.1272896638 3.6964851049 2.6870551171 3.3964004192 -0.5080920881 -0.4393173599 -0.1300672103 
53 38 3.1882803503 2.5184526922 4.3507465625 3.2959323371 -0.6627760037 -0.4233177846 1.1494878006 
54 38 3.1201742515 2.6228629367 4.2502299012 2.8623945217 -0.1485818927 0.2225488981 -0.1842254397 
55 37 3.041907998 3.344932657 3.3457660279 2.5625055832 -0.5510984951 0.4281306678 -0.5807077139 
56 37 3.0005573977 2.5904759327 3.6105907815 2.8022779829 -0.0865006903 -0.0276810445 0.203673863 
57 37 3.0629163176 3.4715993863 2.4559203972 3.4539365853 0.0225376532 0.2115397147 -0.1982187894 
58 35 3.0121636592 2.9094237486 2.9782105618 3.1854955994 -0.5148133805 0.2270945495 0.1617010147 
59 35 3.2193271951 4.9500437748 2.8912365354 2.5227872791 -1.5963373308 0.4494347706 -0.0575398504 
60 32 2.9831046189 2.15816072 3.803545139 2.9372073085 0.7287489489 -0.1818266019 0.2968738824 
61 32 2.9216962574 2.698603697 2.6065003211 3.2312050023 -0.351496322 -0.4986047823 0.41815452 
62 30 2.8962424046 3.1332532741 2.8611312186 2.3938355737 -0.2402412369 -0.7832091618 -0.1306956462 
63 30 2.8880645838 2.6226668255 3.1283211943 2.5899290202 -0.7176484951 0.0028486346 0.0613035828 
64 29 2.8936640727 3.3768748716 3.3283144771 1.6681024169 0.5100580622 -0.088494193 -0.2176639159 
65 29 2.7355254966 2.4242013104 2.7676656553 2.2912327766 0.0897671587 0.0581788063 0.0636205648 
66 28 2.7945682707 2.1031247694 2.9580329419 2.7484541085 -0.2436936413 -0.0287270268 -0.2726078448 
67 26 2.7357192544 2.7696282122 1.997760418 2.7167712088 -0.1775787342 -0.0892256315 0.2456587412 
68 25 2.7325476942 3.044833612 1.7295870266 2.6923962623 -0.1026095178 0.5734090633 -0.4752270193 
69 25 2.8253988218 1.8172040817 3.4500446616 2.7156297587 0.2908147878 0.1493887394 -0.5042190846 
70 23 2.6765003698 2.0496389046 3.2004788753 1.9135364494 -0.2084894722 -0.0992883415 0.9144537284 
71 21 2.5422467429 2.0246763653 2.3051294137 2.1332127226 0.5347599346 0.0523713024 -0.4369121234 
72 17 2.3455693772 1.6565040955 2.3436936966 1.5014979112 -0.3653959624 0.0675351635 -0.2063882824 
73 16 2.3103711753 1.7192990886 1.2522974781 2.366218401 -0.1375297703 0.3299865557 -0.0998323837 
74 14 2.1955480077 1.4165889721 1.9740640456 1.4297780364 0.2361809052 -0.0399250718 -0.2160844172 
