# Cluster list (13 data points):
# "Cluster Identifier" "Cluster Size" "Radius of Gyration" "Gyration Tensor.XX" "Gyration Tensor.YY" "Gyration Tensor.ZZ" "Gyration Tensor.XY" "Gyration Tensor.XZ" "Gyration Tensor.YZ"
1 802 9.4861032519 26.6190108466 30.787268376 32.5798756839 -3.6785132908 -1.1463942976 19.3082654757 
2 587 10.8513782747 11.4164931764 87.063806527 19.2721107566 -5.2815551233 5.6498703665 -16.7994324546 
3 552 10.1314070931 14.5941278304 36.0210349506 52.0302469048 8.7703387376 -10.2516351337 -33.7478699086 
4 480 8.9497367762 20.8235010757 13.1883342129 46.0859530754 -2.8465535302 -17.9181049519 -4.3936256825 
5 451 8.6181545673 23.0270374155 42.5095363301 8.7360144008 -18.4862221956 0.7349630926 -2.7264900128 
6 427 7.436552708 11.8372266043 17.0331172981 26.4319722758 1.0341429083 3.8387779527 8.2104030676 
7 418 7.6001582153 13.3351334103 10.7632575111 33.6640139765 -1.3337443664 -7.3426897869 5.5943857082 
8 415 8.0195403716 11.3005278346 24.3289745525 28.683525385 0.3009375805 2.1810851689 -17.898729882 
9 387 7.6033820554 16.8246982449 12.8114566969 28.1752637386 -4.6023202608 10.1235824358 -0.9084265871 
10 168 5.2381517299 6.9866087533 6.4859763617 13.9656484303 -0.3797824892 -1.3160095086 -0.7501497321 
11 157 5.4676773549 5.8983745686 17.5793803672 6.4177407216 -2.5295299636 0.8408205301 -3.4589301775 
12 85 4.1265806369 5.6502617014 6.7818444549 4.5965615967 -1.7456679586 -0.0625420861 0.5577030675 
13 71 3.8850714603 4.0250937538 4.6373812667 6.4313052307 0.5047305155 -1.1865312493 -0.9881220184 
