# Cluster list (13 data points):
# "Cluster Identifier" "Cluster Size" "Radius of Gyration" "Gyration Tensor.XX" "Gyration Tensor.YY" "Gyration Tensor.ZZ" "Gyration Tensor.XY" "Gyration Tensor.XZ" "Gyration Tensor.YZ"
1 802 9.4857152466 27.7368159848 26.811341181 35.4306365733 4.0347382544 4.1974264036 18.4574894542 
2 587 10.8304602964 18.3919943162 77.398779577 21.5080963377 -26.1612358813 6.541664131 -14.5545587742 
3 552 10.1375620843 11.9934838162 22.4188460852 68.3578351116 -1.1402806382 1.2895498395 -27.7694944121 
4 480 8.9543761887 42.6188261269 19.4210201779 18.1410066242 15.3996771552 -10.3710738973 -10.6965747466 
5 451 8.6163789099 27.6160709761 33.6970884303 12.928826113 -18.5515722248 9.2846719459 -9.6321130945 
6 427 7.4337585475 13.0853534492 22.8367205264 19.3386921668 -5.4358210611 -3.0418230545 8.6378486006 
7 418 8.6798004912 9.7569633898 9.9964611836 55.585511994 0.6000360884 -5.5900727365 -8.9288741679 
8 415 8.0221687551 11.4222828026 16.600228941 36.332679791 -1.1323229824 7.0226009187 -13.6629512562 
9 387 7.6123287368 17.9018533763 21.6532170296 18.3924783905 -11.0170425011 3.4004514514 -7.1843221714 
10 168 5.2357566704 10.5363119557 7.9944190138 8.8824169422 -2.2229308381 -2.7692146217 2.3669312735 
11 157 5.4726715748 9.9160686585 12.5393071418 7.4947583652 -5.7644985684 -3.1113897736 3.6915826484 
12 85 4.1272121432 7.3931161036 4.6511270342 4.9896369368 1.1166338645 1.0521729533 0.2482248263 
13 71 3.892429474 4.2825368142 6.3024493191 4.5660210771 1.3912139318 -0.3197438936 -1.0675994793 
