# Cluster list (16 data points):
# "Cluster Identifier" "Cluster Size" "Radius of Gyration" "Gyration Tensor.XX" "Gyration Tensor.YY" "Gyration Tensor.ZZ" "Gyration Tensor.XY" "Gyration Tensor.XZ" "Gyration Tensor.YZ"
1 552 10.1376894397 16.9130785121 12.9459127001 72.9137559626 -5.4214936377 18.6373301759 -13.3009024512 
2 519 7.9440645393 25.1381309578 24.2482718754 13.721758571 -2.1481609794 5.1999206904 2.8294211534 
3 488 10.0239253738 8.5583217514 37.577014628 54.3437435199 5.2153171248 -4.9222000843 -33.4697569502 
4 480 9.0237346156 23.4906247116 26.778560802 31.1586008997 8.8269866739 -11.6428199695 -21.0832407625 
5 451 8.6431256169 12.5862856431 51.5696373812 10.547697405 -6.2538297318 0.0366154124 8.4389197333 
6 427 7.4330916323 14.6722658401 14.0442904635 26.5342949107 -3.6699773984 -7.0282264532 5.0321038169 
7 418 8.6540766104 18.8209965858 15.3434340694 40.728611324 -8.7175287742 -17.3449894878 14.9839198399 
8 415 8.0096602703 14.5943177492 27.412895549 22.1474443474 -7.3938522893 9.1763998095 -14.9655191198 
9 387 7.6070336849 10.1842048322 33.6822919505 14.0004646999 -4.6312309104 -2.7282579773 -0.0957382253 
10 200 5.5798658248 10.9622439056 10.9301287805 9.2425299369 -3.3538126339 -0.5825774612 1.5527023589 
11 168 5.2389879014 7.9376809397 6.986593219 12.5227200727 -1.324004928 2.5726548565 -1.7775426359 
12 157 5.4745354187 7.1210663876 16.5570713296 6.2924003329 4.4957635301 1.0994817676 3.1904973172 
13 99 4.6156048866 8.5206116382 8.5545788964 4.2286179348 4.2277179881 0.7606425539 0.2287131355 
14 85 4.1354956318 4.6973538889 6.7410184628 5.663951769 -0.5093216907 0.0982208678 -1.7987888238 
15 83 4.1081219861 7.088397435 3.9063337915 5.8819350263 0.1440226512 -1.3874377869 0.0330474206 
16 71 3.881232228 4.9024142871 4.2263496524 5.9351996682 0.2657109542 -1.392120926 -1.1141323021 
