# Cluster list (14 data points):
# "Cluster Identifier" "Cluster Size" "Radius of Gyration" "Gyration Tensor.XX" "Gyration Tensor.YY" "Gyration Tensor.ZZ" "Gyration Tensor.XY" "Gyration Tensor.XZ" "Gyration Tensor.YZ"
1 719 9.6342197669 23.5873640872 28.9410908255 40.2897356045 0.5337359014 6.1626403605 22.2827730214 
2 587 10.8374836581 19.4817603488 81.0254875595 16.9438041322 -26.9640602732 -2.1272505901 -2.8884850292 
3 552 10.128872611 13.8149781113 23.4166516295 65.3624306294 -6.64664213 10.8367952688 -27.3809691977 
4 480 8.9664965512 35.8531203448 24.3309041321 20.2140359259 12.004718563 -17.0469290111 -12.4963114517 
5 451 8.5928298776 23.8735714262 39.7086389289 10.2545149506 -18.8408470988 -2.5048789124 6.4204528145 
6 427 7.4352430874 10.5334554408 16.9314996667 27.8178846617 0.3876081279 0.8423470759 7.7813055148 
7 418 8.6292845583 9.969796907 14.9392045436 49.5555505379 1.9302528828 -6.4097374319 -16.300600563 
8 415 8.0277837034 14.7389002454 17.2732379413 32.4331730017 -3.9923029889 11.6275267084 -13.0306832187 
9 387 7.6145647688 26.5987167994 13.0753832005 18.3074966181 -9.4306273015 5.9283203759 -4.2503651458 
10 168 5.230488814 7.184661716 9.3891470064 10.7842045105 -1.4780712765 2.3014627274 -3.005774066 
11 157 5.4604445777 14.8088674442 9.0620742143 5.9455133275 -6.0710268256 2.0342938373 -1.2422480643 
12 85 4.131225649 4.8142517084 6.4139297686 5.8388438855 1.0912268052 -0.5945774165 -1.4874740262 
13 83 4.1005219365 5.1235367246 4.130269442 7.5604739852 -0.1611867381 0.9539601913 0.6684893846 
14 71 3.8794201837 4.3684929371 3.5327730818 7.1486349426 -0.0209602894 0.7989741739 0.2142368729 
