# Cluster list (13 data points):
# "Cluster Identifier" "Cluster Size" "Radius of Gyration" "Gyration Tensor.XX" "Gyration Tensor.YY" "Gyration Tensor.ZZ" "Gyration Tensor.XY" "Gyration Tensor.XZ" "Gyration Tensor.YZ"
1 802 9.5019447308 24.4610995727 46.7723372822 19.0535168115 -1.2123101242 4.8461481837 12.7815585474 
2 587 10.8228133028 12.5415026036 70.5489335669 34.042851616 2.2964979408 4.1276574524 -34.0676120635 
3 552 10.125801488 18.3463118335 53.5742942811 30.6112496594 16.2314490659 -12.0733296809 -30.5402039106 
4 480 8.9622874573 11.805537443 16.3972660783 52.1197929462 -3.2329278535 -12.2086238754 2.0932662337 
5 451 8.6144965529 19.3553221024 46.3355958066 8.5186329506 -15.8209722752 1.210893939 -1.6779154634 
6 427 7.4336047222 12.8512739307 15.3592855894 27.0479196452 1.8982328864 6.1340356958 6.223965344 
7 418 7.6127918495 16.2641327911 10.2593417625 31.4311251897 0.5692296604 -11.3916081695 0.7033321063 
8 415 8.0119278477 14.087730882 24.365316556 25.7379403993 -5.0658369822 7.5945454108 -16.7069096691 
9 387 7.6072316756 19.8929311467 11.6377715815 26.3392710373 -2.0082302769 10.8306050137 3.3165862601 
10 168 5.2263320193 7.3349256708 7.9539488343 12.0256718713 0.4269018944 -1.311394131 -3.2920702555 
11 157 5.4629549286 13.1457622931 10.3773669586 6.3207473007 6.2643272337 2.6882289539 1.9288872241 
12 85 4.120397798 5.1936252974 5.5128282679 6.2712244486 -0.635310031 1.1189233378 -1.4488824072 
13 71 3.8917025649 6.4425799903 4.2518007994 4.4509680637 -1.4631191521 -0.7433503185 0.4111176538 
