# Cluster list (13 data points):
# "Cluster Identifier" "Cluster Size" "Radius of Gyration" "Gyration Tensor.XX" "Gyration Tensor.YY" "Gyration Tensor.ZZ" "Gyration Tensor.XY" "Gyration Tensor.XZ" "Gyration Tensor.YZ"
1 802 9.4904342269 26.3689409549 31.7318275266 31.9675733332 -0.9762873961 -0.1094818262 19.7387163176 
2 587 10.8218370982 16.3824828274 82.6282112863 18.1014640661 -19.6869117069 7.9479759901 -12.4547637897 
3 552 10.13280204 18.741049683 24.8182826483 59.1143448503 9.2394320911 -19.3620383522 -27.107188014 
4 480 8.9691531349 42.5349153365 15.2542642162 22.6565284045 11.7969676082 -14.4487317654 -10.6070314429 
5 451 8.6203015596 27.4067239053 38.2133446371 8.6895304359 -20.29496849 -1.1221026227 -0.0939352747 
6 427 7.4292547538 11.3237939719 14.286769589 29.583262636 -1.5913315366 -3.3022228247 5.1789239082 
7 418 8.6763191041 14.1494507343 18.7672211869 42.3618412754 6.8505445178 -13.0339009433 -19.013927987 
8 415 8.0187677299 11.2079126804 13.8496882734 39.2430349522 2.8224337354 -1.9539380029 -12.5233692468 
9 387 7.6111641611 20.3117390828 20.0789079199 17.5391728849 -11.5882464977 6.3531897605 -3.4094796402 
10 168 5.239517345 9.4290551321 9.2458388461 8.7776480299 -2.4460566275 -2.2928948124 2.9589803957 
11 157 5.4716195812 5.4636617088 19.0465300467 5.4284290856 0.1811380997 0.1806654185 1.4606885491 
12 85 4.1225540878 4.4333519876 7.4331061108 5.1289941083 -0.5042326706 -0.4533906116 1.2480677318 
13 71 3.8803919316 5.1646716081 4.1054022097 5.7873677247 -0.2800826114 -1.8400190823 -0.0164212849 
