# Cluster list (13 data points):
# "Cluster Identifier" "Cluster Size" "Radius of Gyration" "Gyration Tensor.XX" "Gyration Tensor.YY" "Gyration Tensor.ZZ" "Gyration Tensor.XY" "Gyration Tensor.XZ" "Gyration Tensor.YZ"
1 802 9.4947564978 26.7923092687 29.0800088511 34.2780828323 1.7491101181 1.0994281146 19.3817296232 
2 587 10.8518127676 20.8239812234 78.1123261477 18.8255329723 -28.9795807477 1.6117867506 -9.3422240899 
3 552 10.1356371012 16.0685536311 23.0268758523 63.635709964 -6.6796718676 16.3477347532 -26.5359832162 
4 480 8.950954155 40.2795359094 18.1389722042 21.7010721708 10.7266385878 -15.6199934267 -11.9164076258 
5 451 8.6137323664 32.9641240175 31.186579131 10.0456821308 -21.3434138475 3.7878396298 -1.2331238906 
6 427 7.4374607023 11.160712059 22.7164487318 21.4386609069 -2.5112571632 -1.1948725063 9.5499394838 
7 418 8.6460280508 9.8015655024 10.9082418411 54.0439937112 1.0539347296 -4.5429550833 -11.4850951784 
8 415 8.0186336062 11.854342606 16.07324805 36.370894255 -2.1298368879 9.5698489382 -11.8865642074 
9 387 7.6102435252 14.0522033256 24.6361337083 19.2274694785 -9.6344927107 2.9310217314 -7.6593046158 
10 168 5.2430374184 6.3312069598 14.2105460249 6.9476883864 0.93336598 0.3642585164 -0.2637340816 
11 157 5.4731944364 15.386703194 8.7429320705 5.8262220737 -5.951368639 1.6119591725 -1.0614331974 
12 85 4.1150975937 6.5068570829 6.0192883744 4.4078827484 -1.5935261497 -0.5830509174 0.6806628625 
13 71 3.8882872102 3.8141517464 5.0572296284 6.2473960543 0.0221003544 -0.6082376065 -1.5801937015 
