# Cluster list (20 data points):
# "Cluster Identifier" "Cluster Size" "Radius of Gyration" "Gyration Tensor.XX" "Gyration Tensor.YY" "Gyration Tensor.ZZ" "Gyration Tensor.XY" "Gyration Tensor.XZ" "Gyration Tensor.YZ"
1 519 7.9428987407 24.3080322043 20.1914502752 18.5901579251 2.3955847651 4.869641662 -6.4704843796 
2 488 10.0303326886 8.196882434 63.4207990302 28.9898923799 -3.6589622461 0.5459542095 -30.3685695864 
3 480 9.051042265 18.6569014522 27.5671554933 35.6973091367 7.5937841917 -4.7737744644 -22.8104810815 
4 477 9.2632218924 16.1458619988 15.8074328357 53.8539849928 -5.4723800189 13.0250176485 -20.2457428348 
5 415 8.0294821549 42.0870467184 8.7158758607 13.6696610965 -2.5784065216 8.9488866871 1.0656899035 
6 387 7.6030997223 11.6883482221 31.6739039072 14.4448732581 8.0809320431 2.2881939947 -0.0839455039 
7 377 8.0324943393 18.2168179245 27.8929219559 18.4112254298 12.7135810101 9.8088555539 13.0711253701 
8 335 6.6938413861 10.9393828273 13.9329325024 19.9351971724 -1.3343132567 4.31932128 -5.2860656367 
9 220 6.1309821581 7.462805982 10.8267377445 19.2993984969 0.6640955339 1.6055993007 7.7817792228 
10 200 5.5952105889 8.2409246408 12.3061717995 10.7592850938 -1.2891384408 -1.8403529112 2.5595384417 
11 198 5.7235019879 12.4647503454 12.4065523096 7.8871723502 -5.1761637377 1.9048915803 -2.9930813636 
12 168 5.2384769461 6.1172313907 7.1510993065 14.1733100175 0.134972883 0.5477325653 0.3440879786 
13 157 5.4697932997 5.9065854651 18.7057320663 5.3063212096 -2.3291610645 0.0054389376 -0.9082615949 
14 99 4.5990995583 4.7856644787 4.7275050646 11.6385472042 -0.6368269633 -1.3411136956 2.4803956403 
15 92 4.2937783649 4.296102549 8.6814140543 5.4590160434 0.4080915354 0.0173514074 -2.0083466973 
16 85 4.1290706766 7.172138285 5.2789981573 4.5980882104 -1.2045127992 1.0809778773 -0.3774955676 
17 83 4.1065276737 4.2805939187 4.6238210883 7.9591545276 0.577610592 -0.0373220861 -0.4641506052 
18 75 3.9125959893 6.1363012693 4.6108896978 4.5612164085 1.0195365157 0.0200882179 -0.0216259655 
19 74 3.8611097246 5.2991485855 4.9792102321 4.6298094877 -1.1206833571 0.4858329674 -0.5472546162 
20 71 3.8921235801 7.0863006546 3.8216524635 4.240672845 1.042955587 -0.329285603 -0.1338574002 
