# Cluster list (27 data points):
# "Cluster Identifier" "Cluster Size" "Radius of Gyration" "Gyration Tensor.XX" "Gyration Tensor.YY" "Gyration Tensor.ZZ" "Gyration Tensor.XY" "Gyration Tensor.XZ" "Gyration Tensor.YZ"
1 488 10.0199536768 19.5011932206 65.8945232803 15.0037551834 26.3271491216 -5.9734932482 -13.4512828236 
2 405 7.6229939878 11.4403130323 22.7588626711 23.910861634 0.0148671007 2.0612367645 -11.8031958191 
3 387 7.591354275 12.6901225431 33.011621806 11.9269153794 -0.5947394938 3.6836694585 -5.1078019808 
4 377 8.0294642457 23.8298364662 30.2386501535 10.4038094534 18.0943991473 3.6208435964 3.7635790806 
5 357 7.6302262767 12.6418742318 22.8864052512 22.6920735502 9.9273827781 -7.2324652477 -12.2369268718 
6 341 6.9885936402 26.3883676806 8.456460178 13.995613209 1.0042725855 7.4300471811 1.3494958775 
7 249 6.0607869263 17.2776957131 8.7858868599 10.6695555924 -3.1775459615 -3.3608954369 0.1299884783 
8 242 5.8346329141 10.6494326348 14.0902376853 9.3032709227 -1.2396810699 1.9521712656 -1.9362308532 
9 220 6.1296902128 7.6583459033 6.3610157297 23.553740472 0.5519330325 -2.7819846698 -1.1169357913 
10 198 5.7177036891 9.9422003764 13.6504987615 9.0994363382 -4.774613404 1.7329973611 -3.8454528775 
11 168 5.2407933418 7.5735901784 10.7251257905 9.1671988824 1.6260351462 -1.9889666323 -3.3372426607 
12 157 5.4680009875 13.4113352996 9.6053134017 6.882386098 -6.0478449099 3.2467099198 -2.2529033529 
13 155 5.0821730702 9.3492140414 9.570328939 6.9089401349 -0.6704461317 -1.3828868697 -1.774494222 
14 147 5.4711920718 14.9993707909 9.9589347155 4.9756371806 6.776337059 -1.7537920741 -1.375429563 
15 120 4.6728013473 8.4039092363 5.8084665432 7.6226966517 0.6590281763 -2.6024699388 -0.9370208657 
16 114 4.5964803437 6.7625253977 6.253907667 8.1111984851 -1.3026975919 2.4892972164 -0.25179456 
17 99 4.6140862253 10.2304294494 6.9621863023 4.0971759425 -3.9057099859 -0.2892185953 -0.2138776449 
18 93 4.2424738212 5.3478526325 7.196271732 5.4544597594 1.6312330266 0.9601253472 0.2496280188 
19 92 4.2927548721 4.2338031212 5.0483837307 9.1455575399 0.2090917336 0.0020890497 -1.5318561896 
20 85 4.1281789263 4.9602170142 7.6116221214 4.4700221123 1.0902478173 -0.4692021076 -0.5453650393 
21 84 4.3248265219 4.6913614372 4.2412766524 9.771486355 0.9499005273 -2.1237025726 -1.3349944265 
22 83 4.1040247879 4.0510136204 6.5424334811 6.2495723583 -0.6799142877 -0.2942841428 1.4852399851 
23 75 3.9279666793 4.5435332548 5.5870633868 5.2983255921 0.1538573758 0.4116962894 1.2142767911 
24 74 3.8538283815 6.7711646763 4.2000158173 3.8808127007 0.0626400149 -0.3430510552 0.0712534933 
25 74 3.866167063 4.6777728178 5.7685203784 4.5009545625 -0.8277370836 0.2018111431 -0.7883948438 
26 71 3.8943546638 3.7900583781 7.1067021335 4.2692377357 0.9584509103 -0.0012841149 0.2128812799 
27 45 3.2569115044 3.5126484794 3.199539322 3.895284746 0.0408548452 0.0930623393 -0.0345965463 
