# Cluster list (13 data points):
# "Cluster Identifier" "Cluster Size" "Radius of Gyration" "Gyration Tensor.XX" "Gyration Tensor.YY" "Gyration Tensor.ZZ" "Gyration Tensor.XY" "Gyration Tensor.XZ" "Gyration Tensor.YZ"
1 802 9.4869570119 25.9586989018 28.1285162605 35.9151381826 -2.7588489272 0.6908885144 19.0159591675 
2 587 10.8494653566 12.2942867567 88.786940639 16.6296711278 -5.9701095434 5.7095652718 -12.3530927156 
3 552 10.1440584955 13.2713662084 25.0466447637 64.5839117881 4.0257934614 -8.5082000474 -29.4941135757 
4 480 8.9617607518 39.558492528 10.3790999134 30.3755633313 -4.2824865256 -20.1914782757 -1.9672727304 
5 451 8.6144015751 24.7196259871 39.4363042195 10.0519842898 -19.2567692887 -2.6128413341 6.2942803656 
6 427 7.4286836275 11.1086031016 13.2405127108 30.8362246248 -1.2720591362 -1.9939869493 3.7411061397 
7 418 7.6173126847 11.3009082632 11.7280703883 34.9944738855 2.0229430075 -4.2687061699 -6.7055615401 
8 415 8.0159097412 10.8038565714 18.8244441419 34.6265082658 1.5204273204 1.1803443105 -16.0058883262 
9 387 7.6048274589 17.2817644709 18.5753993608 21.9762368474 -9.1969890971 8.2618890855 -5.2764251706 
10 168 5.237978586 7.4678072962 12.1065725438 7.8620398269 -1.4240401008 -0.7350516073 3.3106085063 
11 157 5.468645771 5.8561766051 18.3989827559 5.6509272082 2.7026500881 -0.1450807271 -1.4079550974 
12 85 4.1285437395 4.4025520634 7.6276336117 5.0146877341 0.5778680741 -0.0302395434 -1.1740160539 
13 71 3.882290523 6.1420100127 4.0182430436 4.9119266487 0.4094330164 1.4887629515 0.7569729814 
