# Cluster list (15 data points):
# "Cluster Identifier" "Cluster Size" "Radius of Gyration" "Gyration Tensor.XX" "Gyration Tensor.YY" "Gyration Tensor.ZZ" "Gyration Tensor.XY" "Gyration Tensor.XZ" "Gyration Tensor.YZ"
1 587 10.8502386286 13.0642285609 86.8027733769 17.8606763605 -18.2840800721 -0.8139250112 -5.7846190837 
2 552 10.1399115348 25.5167635252 13.5205042411 63.780538167 -8.2713809974 27.6168960263 -12.7190320726 
3 519 7.9388798113 26.8352102038 19.2902459917 16.9003564621 -1.8229496458 2.6895116256 6.501315901 
4 480 8.9567813966 20.8467197157 20.2925824176 39.0846308536 3.7631206988 -18.5966350293 -13.2206153798 
5 451 8.6123619978 13.7638365593 51.2565401223 9.1524025001 -8.6731907408 -0.1162261201 4.9478951438 
6 427 7.4363056565 15.8297853347 15.7435012229 23.7253552588 3.6345427712 8.4020603715 5.8476511007 
7 418 8.6588435091 12.8048291881 14.199574789 47.971166938 4.1505824971 -13.068205877 -14.4359754683 
8 415 8.0239562301 10.2153252651 14.5263116863 39.6422366311 -1.4310711849 8.5416945796 -9.1623170092 
9 387 7.6053246171 20.0708210095 17.909701205 19.8604403173 -10.1901013883 4.9915903323 -7.6017847447 
10 200 5.5919077414 14.345930951 7.9972283677 8.9262728699 -0.6275590529 1.6886587592 0.7444795057 
11 168 5.2403815196 7.9240906268 12.4319985494 7.1055092944 -2.7040719742 0.401130913 -2.1315935445 
12 157 5.4687832398 14.0471336231 9.4395469761 6.4209095251 -6.1132051377 2.6910962544 -1.9782615226 
13 85 4.1244071317 6.5247055402 6.108057211 4.3779714366 -1.6647808226 -0.5852941716 0.2734629835 
14 83 4.1029112254 7.2910809872 5.3617612148 4.1810383211 -1.0485129107 0.9492867772 -0.2425134819 
15 71 3.8790973334 4.4851952792 6.3967055422 4.1654953005 1.1130636697 -0.8038063891 -0.8680685119 
