# Cluster list (44 data points):
# "Cluster Identifier" "Cluster Size" "Radius of Gyration" "Gyration Tensor.XX" "Gyration Tensor.YY" "Gyration Tensor.ZZ" "Gyration Tensor.XY" "Gyration Tensor.XZ" "Gyration Tensor.YZ"
1 377 8.0469273195 37.914673766 10.2051557402 16.6332097797 6.9023797998 -13.9746124737 -3.4895942992 
2 341 6.9884665082 11.6594854373 12.7238693888 24.4553093102 -3.5371559289 6.988590153 -5.6098813006 
3 242 5.8383496854 14.8267558626 9.8632210139 9.3963501722 -2.0551515413 -0.5526574819 -1.3610934014 
4 241 6.0179857168 14.6196081522 7.6975999931 13.8989439425 1.5327950512 4.0886865554 2.3879934202 
5 207 5.8952270452 9.1530875141 11.6710345262 13.9295798746 4.1384688156 -2.5963295632 -5.6875259146 
6 198 5.722206446 13.8992979224 6.8002520085 12.0440966798 1.9317527083 5.1514369162 1.7866765379 
7 179 5.3678429894 8.7763692432 13.9745077415 6.0628613741 1.0164713416 0.5998209124 0.654642296 
8 157 5.482924436 9.6498510632 14.3926646092 6.0199446987 -6.4827390479 1.4242537223 -1.7710112388 
9 150 4.9764769127 8.1858953612 8.1791996936 8.400227408 0.3163078255 -2.0393785844 1.7677998459 
10 147 5.4699587768 6.6298697651 15.7802015274 7.5103777276 -4.5429663283 2.325932802 -4.8181532626 
11 147 4.9842821373 7.0168576655 8.4328235053 9.3933872532 -0.0155991936 -0.5664117728 3.1243158369 
12 143 5.1099652798 8.2938523572 10.1406131389 7.6772796644 -3.7544545392 2.5735470509 -3.2535635863 
13 127 4.8461405685 7.6355236774 9.2475900575 6.6019646745 3.2967707159 1.3107338161 2.0984890513 
14 125 4.8940292569 5.5779159271 11.9081171787 6.4654892613 -1.4305373222 -0.4287573774 2.9976105891 
15 124 4.7522523158 6.8640185603 6.2022248002 9.5176587123 1.2600703184 -1.1886500074 1.7085000938 
16 120 4.6818062702 9.4353639247 6.8036539997 5.6802920272 2.2174499929 0.9568003229 0.8610359492 
17 114 4.6073731364 6.579878633 4.5790843251 10.0689242598 0.1084319078 -0.8012872519 -0.8485000802 
18 100 4.3050479167 6.7575786091 6.2896919593 5.4861669964 0.4892257473 -0.1879619196 1.107394842 
19 100 4.4220088256 4.6385296644 5.6076161362 9.3080162535 -0.094422467 1.6952427329 -0.3099526838 
20 99 4.5914433898 7.4630815355 9.3957020202 4.2225688463 3.8941192431 1.0559784863 0.5401383042 
21 99 4.622593179 4.6765116964 11.7064501334 4.985405869 1.1742899552 0.172754283 2.8490761187 
22 95 4.2355531571 5.6799257067 6.9284390895 5.3315457503 0.9287172021 -0.34964996 -0.9239739632 
23 94 4.2951985163 5.8653406215 8.1136015391 4.4697881339 0.6563103616 0.4606106031 -0.5327431897 
24 93 4.242055884 5.032615626 7.0696312018 5.892791295 1.4935388615 -0.0242025615 1.3258375661 
25 90 4.2080476772 6.2633445375 5.6064736894 5.8378470264 1.3069406529 1.6513203084 0.6672502033 
26 85 4.131716786 5.3390940194 4.7841373388 6.9478522418 0.7464710939 -1.2510788126 -1.0343839195 
27 84 4.3225461733 8.035442953 4.2866615851 6.3623008818 1.4698628282 3.2001701664 0.5357157091 
28 83 4.1158092799 6.8485834663 4.5275201272 5.5637824346 -0.3617083031 -1.8557873607 -0.3695704103 
29 75 3.9255573309 4.5811715585 4.26889112 6.55993768 0.0727155611 -0.0364098685 0.5154311578 
30 74 3.8505051204 5.4135637141 3.8788653241 5.5339606442 0.1513427635 1.246909405 0.3307114725 
31 74 3.8722120115 4.5100854715 4.100681006 6.3832593847 0.0797664453 0.4770805817 -0.1667257115 
32 73 4.0143567195 4.9947783567 4.3936384817 6.7266430327 -0.093501787 1.9902804915 -1.2378567977 
33 73 3.8922485236 5.5024493323 4.2695491139 5.3776001235 1.0141031972 -0.6703291808 -0.0934172007 
34 71 3.8930910188 4.0800729271 5.9822108365 5.0938739172 -0.4787377474 0.0440910433 1.780664136 
35 62 3.7878677994 3.3600496614 3.7727517619 7.2151410425 0.1973047876 1.3757339603 0.9895361661 
36 51 3.4075747834 3.6525343801 4.0732838514 3.8857476731 0.2478048255 -0.2010821386 0.1257709637 
37 51 3.3944904887 4.4836387752 3.5287445966 3.5101823058 0.3198365912 0.8352586642 0.4939751582 
38 45 3.3016067539 3.110090525 3.1703179729 4.6201986597 0.0975912556 -0.2029971062 0.537979099 
39 41 3.1805799415 3.1906665831 3.4140381583 3.5113840226 -0.0489796118 0.7350112934 -0.1700643455 
40 39 3.143574699 3.1523729378 3.1678503255 3.5618386251 -0.3551964587 -0.0669752879 -0.8970171804 
41 35 3.2330153946 3.9775156031 2.680488397 3.7943845414 0.6649483466 1.6726952391 1.0054486991 
42 30 2.8810096093 3.4176045212 2.3620522795 2.5205595681 0.2022005651 0.3281031484 -0.4577042715 
43 29 2.7464031352 2.6134953375 2.329042871 2.6001919723 -0.210658336 0.2090862928 -0.1545054568 
44 16 2.3155669061 2.0608982761 1.2672287185 2.0337231019 0.0373244183 -0.4467899533 0.0556223407 
