# Cluster list (38 data points):
# "Cluster Identifier" "Cluster Size" "Radius of Gyration" "Gyration Tensor.XX" "Gyration Tensor.YY" "Gyration Tensor.ZZ" "Gyration Tensor.XY" "Gyration Tensor.XZ" "Gyration Tensor.YZ"
1 377 8.0407969766 26.5070946274 28.4345868026 9.7127345895 18.624181373 -1.4499445986 -2.2245579187 
2 357 7.6863262865 23.0925768721 16.8006417219 19.186393188 12.8543661128 -11.2898542508 -7.3579327122 
3 341 6.9688489781 21.7624876765 9.5667011602 17.2356672422 -1.1826356549 9.9811926367 0.6661169117 
4 242 5.8437917074 8.8820632437 14.2602463547 11.0075919208 -2.4163081077 -0.3003731419 -1.62791137 
5 241 6.0203547302 8.6706920609 17.7709011908 9.8030778254 3.5221840817 -1.4916954093 -0.226370368 
6 220 6.1436603448 7.3071245543 11.377225271 19.0602126076 -0.8924425944 -0.7709172856 8.074843815 
7 198 5.7241134829 13.1490461315 10.5191730289 9.0972560044 -4.0453320313 3.786756129 -3.4895082884 
8 179 5.3548851767 8.9379866325 11.3807000003 8.3561086226 3.7066741863 0.9974799943 -0.0451238919 
9 178 5.8074585283 20.8474339562 6.261044833 6.6180957687 -1.6383460698 -3.3799569818 -0.3423794027 
10 157 5.4839839543 6.71988839 11.8515732389 11.5026183825 -2.6841926809 -2.476147389 6.5882974927 
11 155 5.0819971231 7.8419111335 8.071895818 9.9128878078 2.4233759004 -0.4399565077 0.314798709 
12 147 5.4817756933 5.2449228799 15.6233258402 9.1816160313 1.0674604286 0.3595604757 6.920845118 
13 143 5.1094870668 14.3768242024 6.342910687 5.3871231966 2.8503919014 -0.1128763419 -0.0432613536 
14 125 4.8962925004 9.4186925952 6.0138809717 8.5411066824 1.5633172898 3.8850514589 1.5067059822 
15 124 4.7434900725 5.5882324438 8.4911639904 8.4213016338 0.6519945154 1.6334045408 -1.7357850376 
16 120 4.6682391471 5.970180841 9.9717642358 5.8505116575 -1.0628610728 0.2943488855 -1.8173915305 
17 114 4.6024601333 7.8960914482 6.5319554022 6.7545924283 -1.396596846 1.2633641357 -2.2223774561 
18 110 4.5254584136 5.8711061175 8.9360156366 5.6726520991 0.143780973 -0.4053147781 0.6967742433 
19 100 4.4265968097 7.9106077571 4.4466349476 7.2375166112 -0.5745259258 -2.1706190187 1.0783989203 
20 100 4.3044829076 6.6213178277 6.9252990319 4.9819562426 0.0792354121 -0.5647993806 -0.7649845254 
21 99 4.598792477 4.7311130432 4.6518175374 11.7659616658 0.1610142656 1.4255180087 2.2668429566 
22 99 4.5968751899 5.4805465677 11.2358604868 4.4148544569 3.0767415728 -0.5416069012 -0.0090364147 
23 95 4.237510186 7.2460138448 5.2345790139 5.4758997176 -0.8058611521 0.660962513 -0.1066214882 
24 93 4.2322930943 5.1810411627 5.3249801306 7.4062835429 -1.1106028906 0.4007649796 -1.2694821356 
25 85 4.1240536051 5.5141072418 4.2416113552 7.252099541 0.2353107276 1.4732307433 0.1177635169 
26 84 4.3163170417 5.1411493597 7.9339914483 5.555451996 1.6983736035 1.5372137907 2.9200860221 
27 83 4.0963083604 4.2772440774 4.9517844888 7.5507136175 0.3638012063 1.1202211403 0.2185199943 
28 75 3.9181797964 4.9078108045 5.8855455108 4.5587766018 -1.1045027927 -0.2874417942 0.2018753712 
29 74 3.8426232729 3.9500536152 4.1342653281 6.6814346738 -0.1379204078 -0.4338044976 -0.1324777562 
30 74 3.8728260653 4.3340169873 5.948460453 4.7163042917 -0.3549039982 -0.4417665936 0.9585288884 
31 73 4.008355341 4.4013526383 5.7622400586 5.9033198426 -0.8203582363 -0.1561149676 2.3541267498 
32 71 3.8823584908 5.3953927991 3.9510786855 5.7262359661 0.3631618987 -1.7546711772 0.0901964726 
33 62 3.5985373171 4.7124433741 4.3997825783 3.8372448704 -0.435054594 0.4075618907 -0.2451428185 
34 51 3.3948647183 3.8439525923 3.8276832066 3.8534706565 0.2491825675 0.2452286037 -0.0996817721 
35 45 3.3074869292 4.4048501713 3.4106726473 3.1239469684 0.4939672239 0.6075115278 0.256515427 
36 41 3.1938366641 2.7558339865 3.9828316154 3.4619270349 -0.4529655965 -0.1407208045 -0.1823474587 
37 39 3.1355719092 3.4079117672 3.9754987971 2.4484006335 -0.3585131496 -0.0274947451 -0.5155440847 
38 29 2.7433553233 2.4138767276 2.3527821743 2.759339528 -0.0808100112 0.069236257 -0.2412246422 
