# Cluster list (17 data points):
# "Cluster Identifier" "Cluster Size" "Radius of Gyration" "Gyration Tensor.XX" "Gyration Tensor.YY" "Gyration Tensor.ZZ" "Gyration Tensor.XY" "Gyration Tensor.XZ" "Gyration Tensor.YZ"
1 552 10.142842963 21.9426616336 11.7031503964 69.2314513429 -4.9326703104 23.8367027186 -12.2020536446 
2 519 7.9431497942 25.9177462022 24.8210460127 12.3548364389 -1.1243060146 4.4578731752 1.053074964 
3 488 10.0280422908 7.8345800817 46.4842763897 46.2427757148 2.2507647733 -0.9566806459 -34.8079744842 
4 480 9.0343783572 29.2788535194 24.6560368949 27.6851018875 12.549150619 -12.6958714267 -18.4109532081 
5 451 8.6358247088 13.5414442261 50.6870882372 10.3489359386 11.2246139209 2.6686122316 2.8797334396 
6 427 7.8375077271 9.6670688674 18.9081977375 32.8512607677 -1.5443529518 1.6407085979 9.6429857358 
7 415 8.0255387906 30.0602758449 17.8518189152 16.4971781195 -11.1438814101 11.9522936577 -9.3295476157 
8 387 7.6071326498 9.3786032897 32.1885267699 16.3013370922 -5.6016208974 -1.1651362853 4.3444198494 
9 220 6.1324885512 8.1027659675 13.169531871 16.3351179917 -2.3964705479 -2.5970331762 8.4414189937 
10 200 5.5870753716 10.607796352 11.5182101922 9.0894046636 -2.4578822511 -0.942138288 2.6408768061 
11 198 5.7169367965 7.7306253087 6.6012803845 18.3514606415 0.4797701156 -0.6330433222 -1.840881031 
12 168 5.2339887679 7.6568333373 7.4285381267 12.3092669587 0.728359604 3.1485590952 1.2533017185 
13 157 5.4741345532 5.4110172968 18.9869803314 5.5681514783 -1.5184601179 0.1036065655 0.8008557024 
14 99 4.6060185334 12.1537073181 5.1420197688 3.9196796434 2.0646855408 0.6341291831 0.0741308754 
15 85 4.1315739157 7.0937915711 5.1205216464 4.8555898029 1.5513522784 -0.8371993731 -0.2468409234 
16 83 4.1080019321 7.1743991095 4.0538214244 5.6474593404 -0.7158998152 -1.3135728024 0.4675142103 
17 71 3.8891779194 4.2213808098 4.0627975946 6.8415264843 -0.1004568845 -0.378524703 1.3492479539 
