# Cluster list (23 data points):
# "Cluster Identifier" "Cluster Size" "Radius of Gyration" "Gyration Tensor.XX" "Gyration Tensor.YY" "Gyration Tensor.ZZ" "Gyration Tensor.XY" "Gyration Tensor.XZ" "Gyration Tensor.YZ"
1 488 10.0463866756 10.482296551 65.2079170615 25.2396716237 12.0436487213 -4.3386534959 -27.7046070994 
2 415 8.0219554098 39.8646058194 10.2742845145 14.2128782624 -8.9363801814 8.3010754194 -1.5754239922 
3 405 7.3479707391 11.2932667656 14.3632523094 28.3361549081 2.1544837193 -1.9097240308 -5.9812627719 
4 387 7.6119963967 12.5093346096 31.8886599298 13.5444946042 7.7890702432 3.1634923681 -0.1497947638 
5 377 8.0340467706 24.2384947083 19.8460619624 20.4613508418 12.717985013 13.5654459087 10.4018484101 
6 357 7.6332174759 9.1439651305 10.0945428589 39.0275010451 1.8917128315 2.3918287703 -6.1922645142 
7 335 6.6945826231 10.9309395821 19.8824531394 14.0040437758 0.9278371075 0.5029150557 -6.9791535932 
8 333 6.9042731276 16.1367761891 12.6352316112 18.8969796203 -2.2875045494 0.4477249614 -7.5984667155 
9 220 6.1365318968 7.7958665964 11.7601603576 18.1009967659 2.9874532753 3.9958377895 6.9536862916 
10 200 5.5830113575 7.7550339713 11.4390677041 11.9759141429 1.2089883608 -0.3072499343 -2.8905396237 
11 198 5.7357554313 11.3057814545 13.7509817618 7.8421271509 -6.1889216902 -0.4542336996 0.6399182079 
12 168 5.2361137193 7.9937473502 10.4391148833 8.984024648 1.7223202691 -1.6327489599 -3.5722570612 
13 157 5.4679904764 7.0600732661 9.1235045825 13.7153420019 -2.4758921961 3.4485060742 -5.7711486597 
14 147 5.4857365324 7.5334502185 10.8004668415 11.7593882433 -4.1332010496 3.9127678798 -6.334917021 
15 120 4.6663978011 5.735270083 5.8524742044 10.1875241508 0.4869992276 1.4229568316 0.9117876102 
16 114 4.6046205103 9.5539725244 5.8386369536 5.809920566 -1.725121404 0.1317338982 -1.0901846375 
17 99 4.6110203249 7.9698214024 5.8800665296 7.4116205042 -2.2031779616 -3.4982268679 2.5893495691 
18 92 4.2892906713 6.5972498237 4.8280630507 6.9727015885 1.2098181084 -2.1637516041 -1.3586592355 
19 85 4.127662699 5.9301978974 6.3681088494 4.7392926102 -1.929610562 0.3848986289 -0.1125528587 
20 83 4.1013841471 5.0619763368 5.4780153414 6.2813602436 1.3876832071 1.1713890805 1.0641730105 
21 75 3.9222978845 4.3767275282 4.7808128384 6.2268803282 -0.3549614666 -0.4618401258 0.7562489168 
22 74 3.8668782823 4.6149818189 6.2721621178 4.0656037135 -0.686190831 -0.0996771367 0.3449246254 
23 71 3.8908901461 6.8618756664 3.727053944 4.5500965188 0.8408234118 0.8949818617 0.2161891405 
