# Cluster list (50 data points):
# "Cluster Identifier" "Cluster Size" "Radius of Gyration" "Gyration Tensor.XX" "Gyration Tensor.YY" "Gyration Tensor.ZZ" "Gyration Tensor.XY" "Gyration Tensor.XZ" "Gyration Tensor.YZ"
1 341 6.9889209843 10.3741973168 11.330712925 27.1401062823 -2.7359603702 4.2970470286 -5.4067278703 
2 244 6.9585297396 21.2700652216 19.1915285247 7.9595423908 14.2160973573 2.0051538853 2.6315179718 
3 242 5.8789560569 10.8733352677 11.5791101178 12.1096789336 -2.2860070119 -3.2739317072 0.7624370729 
4 241 6.0204962021 10.6467545017 10.8544058229 14.7452141949 2.825100567 1.4848569964 4.8731883947 
5 207 5.8960291474 7.4255290907 7.706685271 19.6309453453 -1.2661395537 -0.8220431529 -3.2785751902 
6 198 5.7293641788 9.552814548 9.2583452712 14.0144540736 2.6453795345 3.3592715215 4.6659258315 
7 158 5.1073321603 9.1323101008 10.8106079441 6.1419237512 -3.2379179646 -0.7948269073 0.9106309439 
8 157 5.4743296464 10.5298501476 13.4343604266 6.0040745035 -6.6800595815 -1.3003148046 1.5849420645 
9 150 4.9781379258 10.3695125477 8.1729805829 6.2393640779 -0.8061488782 -1.3258285101 -0.928665001 
10 147 5.4763073678 5.0708433457 14.9257595537 9.9933394872 -0.887157315 1.0210044358 -7.058411661 
11 147 4.9892379951 6.9029448441 8.6989744794 9.2905764479 -0.1295151803 0.5288592021 3.1126908664 
12 143 5.1083613891 11.4705174572 7.2380921247 7.3867464994 -3.3786783239 3.4992435656 -1.9073427604 
13 127 4.8485036005 12.7119224528 4.9670476395 5.8290170719 -0.2324356106 -0.48785681 0.0757222708 
14 124 4.7495935147 7.7420667762 7.2575681735 7.559003605 0.2946546416 1.1747177115 -2.707155687 
15 120 4.6682089438 8.8409822781 5.6364771004 7.3147153646 -0.4712940245 2.5922927263 -0.013754959 
16 114 4.6062541061 8.9823345269 4.4319647564 7.803277607 -0.0217747492 1.9325459192 0.1165362934 
17 100 4.4086884903 6.0428461238 8.3427661577 5.0509219227 1.0659967136 -0.6813856363 -2.016711478 
18 100 4.3011490181 4.7084747479 7.3051718988 6.486236229 -0.1097750628 -0.5611772993 0.0187634566 
19 99 4.6092808267 5.3132026718 11.9168924772 4.01537459 2.530731139 0.4416786179 0.4843088164 
20 95 4.2284465891 6.6511475958 6.1821095032 5.0465034575 -1.1147436603 0.5031750334 -0.4255538003 
21 94 4.2951190061 5.2717281733 7.1750781141 6.0012409896 -1.7987973255 -0.5343703141 0.255918783 
22 93 4.2439063166 7.6549966515 5.1974821569 5.1582620154 -1.4232206721 0.0120384955 -0.8025489656 
23 90 4.2052438716 8.333687596 4.311380421 5.0390080029 0.3985630221 -0.1274589218 0.108938015 
24 87 4.0844813938 5.8930429471 5.2831310896 5.5068142193 -0.1028306284 0.8075502961 0.6028363559 
25 85 4.1369855059 6.6968508402 5.4109815535 5.0068166824 1.319674625 1.1173950874 0.948564948 
26 84 4.3297646861 7.9017739173 5.1673608836 5.6777274362 2.6989785565 -2.2857591134 -1.2457083928 
27 84 4.0333590547 4.6685349801 6.4748604803 5.1245898034 -0.0128851742 0.3287942364 -0.2309064076 
28 83 4.1283705562 5.5736878776 5.3418117065 6.1279438651 -0.9396813244 2.0381360739 -0.7535445876 
29 75 3.9395838987 6.145984122 4.2277847242 5.146552449 0.1466279532 -1.4002477457 0.3075485971 
30 74 3.9176488936 4.7539063804 6.3920271103 4.2020393628 -1.6640201124 0.1258114676 -0.2315890864 
31 74 3.8744132849 4.197646271 5.6987123958 5.1147196355 0.4257805055 0.4946808052 1.0030418313 
32 73 4.0066506657 7.6488460176 3.9871171993 4.4172863405 1.5800380565 0.4882185942 -0.1969436111 
33 73 3.886343237 4.4787508965 6.2245395952 4.4003732638 0.2282353675 -0.7592423728 -0.3670305286 
34 71 3.8441348808 3.6512164231 4.8209077554 6.3052488033 0.1966362279 0.1348414595 -1.4222794067 
35 71 3.8968520293 6.7510202418 4.7088423364 3.7255931598 1.382352927 -0.3706572535 0.1628237738 
36 51 3.3877112339 3.6731806188 4.4144338198 3.3889729657 0.4475384623 -0.6073234465 -0.6215140798 
37 51 3.4003418436 3.5467315795 3.9021453963 4.1134476778 0.1689867666 -0.0548794537 0.0604299678 
38 49 3.3470959019 3.5504819589 3.8549270518 3.7976419656 0.4277019394 0.3796196878 -0.3192200234 
39 45 3.3071514989 4.2607918355 3.3650800506 3.3113791507 -0.7914113444 0.4544000021 -0.3050628766 
40 41 3.1881551983 3.1164959898 3.8446006254 3.2032369533 0.3909978075 0.344788371 -0.3197151161 
41 39 3.1542300773 2.7679592831 3.196074859 3.9851332386 0.6464874948 -0.3337231521 -0.2639528935 
42 38 3.1152799931 2.423987767 4.1754266675 3.1055550007 0.2665821464 -0.1156670301 0.3086814117 
43 37 3.0384680975 4.131575715 2.387226659 2.7134860058 -0.349696728 -0.22970325 -0.1399782425 
44 35 3.2323457543 2.5329314033 4.7066685231 3.2084591492 -1.2011359405 0.5444241341 -1.3569598139 
45 30 2.8868357973 2.7834628173 2.4327561026 3.1176020004 0.1885743075 0.436844478 -0.6128160914 
46 29 2.7492938112 2.7695777963 2.4408808631 2.348157801 0.2398161799 -0.1560452664 -0.1557203653 
47 28 2.8003256193 2.5051085325 2.6167968197 2.7199182218 0.0427110461 -0.4042314132 0.3895301383 
48 25 2.7197043251 3.3351311648 2.2765084495 1.7851520015 0.1329567325 0.3473030122 -0.3685599844 
49 21 2.5474688215 2.1711564725 2.3604924357 1.9579484882 0.631895337 0.2911103195 -0.1913568639 
50 16 2.3073502679 1.5281059158 1.8434537233 1.9523056197 0.3470976293 0.0794686609 0.4346707735 
