# Cluster list (18 data points):
# "Cluster Identifier" "Cluster Size" "Radius of Gyration" "Gyration Tensor.XX" "Gyration Tensor.YY" "Gyration Tensor.ZZ" "Gyration Tensor.XY" "Gyration Tensor.XZ" "Gyration Tensor.YZ"
1 552 10.131931151 33.0731889954 12.4777858148 57.1050540385 -6.9845654433 31.2423728017 -11.9947990932 
2 519 7.9410926878 24.7099888512 24.0141501996 14.3368140256 0.4483945415 5.0832330794 -4.4935074823 
3 488 10.0215669353 7.8723410503 63.0499648225 29.5094979653 3.6462503161 -2.4696748223 -30.2092382917 
4 480 9.0436724545 21.4418851914 21.7080412553 38.6380850177 7.3641101059 -9.3568343573 -20.8320658407 
5 451 8.6406343227 17.8027235035 46.3659146935 10.491923301 15.7464635759 3.9275865121 4.5035513206 
6 415 8.0133690458 26.1109138128 14.25601109 23.847158561 -9.707859193 12.9629360361 -10.0268922077 
7 387 7.6010134248 8.5296061342 34.2494283054 14.9963706438 0.7193122787 1.7082497645 1.908923515 
8 335 6.6968436971 13.2444636383 13.5017901343 18.101461731 -3.5321023098 5.9914086802 -3.737743347 
9 220 6.1307125269 9.239090785 14.5825932729 13.7639520293 -3.9453425363 -3.6376461894 7.9830332855 
10 200 5.5977259663 9.2892736773 9.4871319924 12.5581303239 -0.4614984911 -3.2190332607 1.3406495304 
11 198 5.7222791035 8.8004757035 10.5983745177 13.3456279166 -2.2310951521 2.4378536217 -5.5854241516 
12 168 5.2404438123 8.3823424575 7.832051421 11.2478574716 1.2083426811 3.4447990472 1.8821984515 
13 157 5.4805985865 6.4262634314 14.0443438583 9.5663535771 -2.6581132746 -1.8630209616 6.2670603468 
14 99 4.6022697269 7.8979703389 5.7139955026 7.568920798 2.3876820604 -3.2301685672 -2.6210465783 
15 92 4.2916022996 9.538488988 4.3464408736 4.5329204366 0.2714370771 -0.7741867551 0.1918940796 
16 85 4.123509323 4.6541236025 4.3887450025 7.9604605321 0.3018797795 0.4358852221 0.4443949384 
17 83 4.1027354478 4.3700196459 5.5971163402 6.8653021687 0.0100487982 -0.9095313434 1.4689836324 
18 71 3.8774218132 4.9408665068 4.4411825445 5.6523508662 0.5198516038 -1.7617361498 -0.6865011987 
