# Cluster list (28 data points):
# "Cluster Identifier" "Cluster Size" "Radius of Gyration" "Gyration Tensor.XX" "Gyration Tensor.YY" "Gyration Tensor.ZZ" "Gyration Tensor.XY" "Gyration Tensor.XZ" "Gyration Tensor.YZ"
1 488 10.0254699495 16.0567431072 69.4168885154 15.0364160864 22.851836781 -5.5481592674 -13.6833728442 
2 387 7.6084681214 15.2359667045 34.4423872096 8.2104332408 -1.7246954234 -0.5914678666 0.0570721012 
3 377 8.0357100958 17.1987434144 37.5937321828 9.7801611458 15.2872969489 2.688210363 3.742902809 
4 357 7.6418658441 17.1344532926 21.6554909319 19.6081693542 12.088743009 -7.3988909821 -11.5034024915 
5 341 6.9839325604 27.5133206293 9.1789935252 12.0829998539 0.1648561143 6.6091144318 1.4840981164 
6 249 6.0638694161 19.208357792 8.1765415775 9.3856129263 -0.3334754037 -1.7958409754 -1.1421003952 
7 243 6.3142590956 7.7844065723 12.1906221701 19.894839184 2.3760085426 2.2991250049 -4.0798298492 
8 242 5.836360812 10.3500942054 13.0925228131 10.6204905091 -0.0337285083 1.5244701556 -3.3145840194 
9 220 6.1422546108 7.4114747405 7.4234494114 22.8923675521 -0.5039301447 -1.3162017502 4.4277713029 
10 198 5.7183231501 12.3294081909 12.476538777 7.8932726813 -5.1722502743 1.9330956837 -3.0349641672 
11 168 5.3518309149 7.0886769605 10.3344881856 11.2189289956 1.5754368156 -2.2739895568 -4.3360990253 
12 162 5.1498203846 10.8930420048 9.1120645865 6.515543402 3.1050386461 0.8527592253 0.6287349457 
13 157 5.4870213336 14.4263261715 8.6624865614 7.018590382 -5.6623301131 -3.509868217 2.4072377215 
14 155 5.0723207281 6.7138278765 10.2182258808 8.7963838109 -0.1900082197 -2.0444373926 -0.3217026608 
15 147 5.4827390112 10.2554714221 15.0841909255 4.7207647168 7.0479993963 0.0534533979 0.4376603563 
16 120 4.6672044732 8.8061364872 5.3329974957 7.6436636115 0.5979304406 -2.4201422318 -0.6078906657 
17 114 4.614044559 8.707440712 7.1366185542 5.4453479259 1.2639740053 2.0346224631 0.8486718002 
18 99 4.6120967123 12.6892990312 4.6740802074 3.9080568451 -0.802222191 0.6380734999 0.0490224363 
19 93 4.2378833624 6.2908413847 5.8390330251 5.8297809831 0.6933723779 0.9054405118 1.7914044376 
20 92 4.2964475639 8.6852917977 5.0881708133 4.6859990587 -1.4686424945 -1.4646930888 0.689535884 
21 85 4.1237467253 5.1631915549 7.1006597273 4.7414357726 -1.311931124 0.2584627832 -1.0647708648 
22 84 4.3076448724 9.8536778869 4.3818446477 4.3202818122 2.3117878899 -0.3612873018 0.1207639282 
23 83 4.1073360291 6.9104759522 6.0627437432 3.8969895604 1.4380636779 -0.1839196735 -0.1728599113 
24 75 3.9279936844 5.0414841126 5.3516868404 5.0359634316 -0.893221602 -0.5191609971 0.8847661864 
25 74 3.8509446794 5.4410030902 4.5678583267 4.820913507 0.8453529894 1.1530600284 0.4768259216 
26 74 3.8654208761 5.2559036907 5.1332215858 4.5523532725 -1.0638941105 0.3732106425 -0.627996402 
27 71 3.8794895272 4.2058991716 4.9265707054 5.9179691143 -0.4218686621 0.2409935642 -1.7742680552 
28 45 3.2650619247 3.6281560805 3.2733759138 3.759097378 -0.0290875046 0.2206470742 0.1834655395 
