# Cluster list (13 data points):
# "Cluster Identifier" "Cluster Size" "Radius of Gyration" "Gyration Tensor.XX" "Gyration Tensor.YY" "Gyration Tensor.ZZ" "Gyration Tensor.XY" "Gyration Tensor.XZ" "Gyration Tensor.YZ"
1 802 9.499883774 26.8962235798 35.4053378249 27.9462303157 5.0730706055 1.2060968633 18.8383328947 
2 587 10.8538101198 18.2893032324 78.6292197847 20.8866710994 -23.0662750594 10.0995467965 -16.8479493019 
3 552 10.14422896 12.7032781831 17.2165179264 72.9855850832 2.1287002815 -6.3433229057 -22.5664202682 
4 480 8.9680091657 44.5932912607 14.2231884094 21.6087087263 6.766955901 -16.7734857667 -8.9269989711 
5 451 8.605345079 29.7329009709 33.0399174933 11.2791454644 -19.3431348703 6.9408710754 -8.3654373219 
6 427 7.4336177206 15.9298096682 16.8977850415 22.4310777059 -5.5803140497 -7.3087396018 6.3542508794 
7 418 8.6518098607 9.479735524 18.8530088485 46.5210694928 -1.3579879604 2.2435189141 -20.3471638062 
8 415 8.0111829968 10.8229653336 20.4781303628 32.8779573111 1.1408265455 1.8573011578 -16.6461696411 
9 387 7.6086800674 22.4073782927 20.1616428563 15.3229912184 -12.1034229357 5.1358123274 -1.234806721 
10 168 5.2371485658 13.7191883492 6.0784866043 7.6300501467 0.0592972067 -1.8094882683 0.1000671017 
11 157 5.4701772827 5.3586747349 14.4883327074 10.0758320617 -0.7006947843 -0.6902083042 6.4074915538 
12 85 4.1243645615 4.7412161125 7.715829058 4.5533378654 -1.1056820615 -0.2401638623 -0.1376787676 
13 71 3.8892417417 4.2747578984 5.2203069265 5.6311365007 -0.192354518 -0.4819809694 1.9210217284 
