# Cluster list (27 data points):
# "Cluster Identifier" "Cluster Size" "Radius of Gyration" "Gyration Tensor.XX" "Gyration Tensor.YY" "Gyration Tensor.ZZ" "Gyration Tensor.XY" "Gyration Tensor.XZ" "Gyration Tensor.YZ"
1 488 10.0103184665 17.4838589153 68.3921389785 14.3304779066 23.7712010166 -6.7285923802 -12.9294325652 
2 405 7.4280804032 11.3410847631 28.7923037847 15.0429899282 -2.6652496988 2.5971708588 -6.8059531212 
3 387 7.5965908553 9.2418441287 34.3817561006 14.0845923936 -0.4904193302 2.5622457232 -0.0829553923 
4 377 8.0221328401 24.4216329241 30.2910632991 9.6419190815 18.3196804088 1.6806020342 1.1635330312 
5 357 7.6384558465 11.0274304942 23.365460517 23.9531167074 8.6196277785 -6.6701128224 -12.8363193267 
6 341 6.9889683169 26.6116864316 11.6267772437 10.607214459 7.6610061887 -2.1188451196 0.0603107873 
7 249 6.0650644648 19.4268994939 7.9366513585 9.4214561093 0.7164483476 -0.6014044227 -0.9988924886 
8 242 5.8454415374 9.8128310123 14.9439538051 9.4124019501 -1.1661938809 -1.1229534347 -1.9482940258 
9 220 6.1369292397 7.1469521082 6.6344736805 23.8804747046 0.5887913362 0.7709178015 2.0379373623 
10 198 5.7310643346 18.0451623091 6.5483380564 8.2515980416 -0.5772916993 2.8350219239 -0.7806665889 
11 168 5.2447602063 7.3324189607 11.5571981769 8.617892484 -1.1263705593 0.628852662 -3.6642490368 
12 157 5.463665963 5.417502519 18.6525537412 5.7815894948 -1.6428142453 0.0974090417 -1.7178303002 
13 155 5.0743852629 10.0121341892 9.9269603212 5.8102912861 0.1042791283 0.1686252623 -1.2537137583 
14 147 5.4800625567 17.9489845153 7.2260371468 4.8560639634 5.2283936578 0.3411840679 0.4530526867 
15 120 4.6638816847 6.0292381526 7.1921173247 8.5304368919 0.6225995745 -1.2419967448 -2.4728558689 
16 114 4.6072549416 8.8158933607 6.3159138968 6.094990839 1.2319189473 -2.2567108369 0.2161703926 
17 99 4.6076575013 5.9018489133 4.4818003893 10.8468583469 0.2104722111 -3.4866402822 -1.1810329933 
18 93 4.2320156775 7.4834992206 4.6697847916 5.7566726822 -0.5770111911 -1.4432131027 -0.5798590818 
19 92 4.2937076462 4.1621215933 5.2394162891 9.034387469 0.1294299579 0.4036452229 1.6741350459 
20 85 4.1311846538 5.2916944254 6.3357266464 5.4392655722 1.0865978072 0.7733028517 1.6431764197 
21 84 4.3290674339 7.2453530488 3.54085156 7.9546202388 -0.1194274863 -3.2250341176 0.4428582454 
22 83 4.1092697262 4.8303348166 5.1633297087 6.8924331572 -0.0919816712 0.6460846138 1.7069820178 
23 75 3.9245816994 6.4032157035 4.3673297652 4.6317960468 0.5259335262 0.4342637888 0.312447463 
24 74 3.8474216318 6.2066036949 3.9509620437 4.6450874739 0.0123075663 1.0723697259 0.2136161594 
25 74 3.8617759463 5.6543015985 4.4871241854 4.7718876756 -0.4376916637 -1.0002560079 0.4984745245 
26 71 3.8804576436 3.6260770843 4.322846832 7.1090276078 -0.245543687 0.2957844698 -0.6217230561 
27 45 3.2743531507 3.9640899702 3.2173945538 3.5399040314 -0.2182714814 0.085059982 0.013988194 
