# Cluster list (21 data points):
# "Cluster Identifier" "Cluster Size" "Radius of Gyration" "Gyration Tensor.XX" "Gyration Tensor.YY" "Gyration Tensor.ZZ" "Gyration Tensor.XY" "Gyration Tensor.XZ" "Gyration Tensor.YZ"
1 519 7.9400988509 22.9221199694 18.6612398845 21.4618099081 3.7450022279 5.0401431763 -5.9260100252 
2 488 10.0264157102 10.2263213526 74.681285187 15.6214054532 11.0923096274 -1.209403865 -17.5709905314 
3 480 9.0415085438 20.357458771 42.9342069886 18.4572109871 9.2415025514 -4.8685964891 -19.4943271174 
4 415 8.0289365936 37.2704378827 11.1237697988 16.0696151426 -10.0756632362 10.4043006219 -3.264211011 
5 387 7.6222848687 10.4719858024 32.6610618177 14.9661789996 5.0923939933 3.6725509565 3.7772803326 
6 377 8.0293834487 31.2673651265 18.9066867582 14.2969466818 14.4607752382 11.2969105378 6.6785432841 
7 357 7.651791147 17.1730304715 10.2925856922 31.0842915939 -3.3885160366 11.4823456275 -9.315557067 
8 335 6.6977221039 11.3988142114 14.6336794594 18.8269877101 0.0594213744 0.4060235758 -7.462304798 
9 220 6.1277551719 10.8245123886 10.2311635099 16.4937075481 4.2830145739 5.8784466311 5.9184325379 
10 200 5.57865464 9.118175287 9.2195291175 12.7836831885 -0.201175642 -3.0228624668 1.2178942764 
11 198 5.7245675596 10.4569021982 7.5030913571 14.8106801895 -2.1700490915 4.3435457193 -3.1350965705 
12 168 5.2328411943 7.1879621798 8.2836931737 11.9109716117 0.3105632588 -1.4768306279 -3.3081065099 
13 157 5.4766078671 6.6514096068 13.6222319643 9.7195921594 3.1520107636 -2.1495554981 -6.1231671429 
14 120 4.6641469818 7.914609499 6.865053633 6.974603936 -1.7154549816 2.1673128392 -1.2142352214 
15 99 4.610732412 6.5090190383 5.4907915502 9.2590427866 -1.3772371583 -3.7543256149 2.2179628328 
16 92 4.2925526839 7.145723527 6.4537414963 4.8265435209 -2.6098646546 0.7261069971 -0.7669323867 
17 85 4.1333696192 4.5077832273 8.0386934078 4.5382677735 -0.0858571453 0.2228770898 0.6963719109 
18 83 4.1048524333 4.684573661 4.9258144502 7.239425388 0.0493869159 1.5943426799 -0.387815729 
19 75 3.9121028048 6.5155823758 4.1858106651 4.6031553143 0.1395011083 0.3772887225 -0.0272742263 
20 74 3.8654490904 5.307103071 5.3829201867 4.251673413 0.9595558099 0.4518167944 0.6110396382 
21 71 3.8887282619 4.834824083 5.7879945181 4.4993888939 1.6321973918 -0.7269522649 -0.6541596703 
