# Cluster list (16 data points):
# "Cluster Identifier" "Cluster Size" "Radius of Gyration" "Gyration Tensor.XX" "Gyration Tensor.YY" "Gyration Tensor.ZZ" "Gyration Tensor.XY" "Gyration Tensor.XZ" "Gyration Tensor.YZ"
1 552 10.1546081183 26.2163296503 16.3306133532 60.569123032 -10.9836931424 26.7771626252 -17.7762756986 
2 519 7.9360475821 27.3572937754 24.6224967276 11.0010607218 -0.4413706642 1.5568111014 0.4899882552 
3 488 10.0308176179 7.7890647362 47.5870666569 45.2411706905 -1.7070016565 2.7254221126 -34.8663543795 
4 480 9.0233033296 26.638153973 28.7020843779 26.079764627 11.0790817179 -13.109947825 -19.3270463239 
5 451 8.6492023321 12.1215708593 52.0941247423 10.5930053795 6.0224193933 2.6402926392 7.389130528 
6 427 7.4369328502 10.859819021 16.6161625357 27.8319886612 -1.1265521233 -0.2552052848 7.8752662182 
7 418 8.6750207419 13.3430279814 15.6261692354 46.286787656 -5.8771308316 -12.406137986 16.688660253 
8 415 8.0125604722 22.7625001533 18.9249281673 22.5136969997 -8.611508232 14.3412355018 -10.9339562993 
9 387 7.5920957739 8.584692806 33.88413463 15.1710908036 -3.2147837669 -0.9132821005 0.6013567749 
10 200 5.5851437246 11.5488510252 11.3373087194 8.3076706801 -3.2354754955 1.3968499994 -0.050760894 
11 168 5.245083396 7.9632573185 7.8376542311 11.7099882816 1.0363547832 2.1526872168 3.1159091649 
12 157 5.4779583911 5.8867129242 17.5864668512 6.5348483591 -2.9298380641 -0.7517849279 3.2865911499 
13 99 4.6118107418 6.9268862897 8.4295195922 5.9123924359 3.3474090675 -1.8361345206 -2.9477850685 
14 85 4.1225552078 7.7023616472 4.7496492887 4.5434505056 0.6184462854 -1.0354030288 -0.1165075264 
15 83 4.1088029313 6.9910100239 5.1276377171 4.7636137877 -0.5102120843 1.6087028686 -0.1883647327 
16 71 3.8907218647 5.5432133744 5.5717589784 4.0227442755 -1.7152383383 0.1303957146 -0.6183906133 
