# Number of Energy transfer values
300
# Number of q values
9
# Energy transfer (micro eV) values
-119.6
-118.8
-118
-117.2
-116.4
-115.6
-114.8
-114
-113.2
-112.4
-111.6
-110.8
-110
-109.2
-108.4
-107.6
-106.8
-106
-105.2
-104.4
-103.6
-102.8
-102
-101.2
-100.4
-99.6
-98.8
-98
-97.2
-96.4
-95.6
-94.8
-94
-93.2
-92.4
-91.6
-90.8
-90
-89.2
-88.4
-87.6
-86.8
-86
-85.2
-84.4
-83.6
-82.8
-82
-81.2
-80.4
-79.6
-78.8
-78
-77.2
-76.4
-75.6
-74.8
-74
-73.2
-72.4
-71.6
-70.8
-70
-69.2
-68.4
-67.6
-66.8
-66
-65.2
-64.4
-63.6
-62.8
-62
-61.2
-60.4
-59.6
-58.8
-58
-57.2
-56.4
-55.6
-54.8
-54
-53.2
-52.4
-51.6
-50.8
-50
-49.2
-48.4
-47.6
-46.8
-46
-45.2
-44.4
-43.6
-42.8
-42
-41.2
-40.4
-39.6
-38.8
-38
-37.2
-36.4
-35.6
-34.8
-34
-33.2
-32.4
-31.6
-30.8
-30
-29.2
-28.4
-27.6
-26.8
-26
-25.2
-24.4
-23.6
-22.8
-22
-21.2
-20.4
-19.6
-18.8
-18
-17.2
-16.4
-15.6
-14.8
-14
-13.2
-12.4
-11.6
-10.8
-10
-9.2
-8.4
-7.6
-6.8
-6
-5.2
-4.4
-3.6
-2.8
-2
-1.2
-0.4
0.4
1.2
2
2.8
3.6
4.4
5.2
6
6.8
7.6
8.4
9.2
10
10.8
11.6
12.4
13.2
14
14.8
15.6
16.4
17.2
18
18.8
19.6
20.4
21.2
22
22.8
23.6
24.4
25.2
26
26.8
27.6
28.4
29.2
30
30.8
31.6
32.4
33.2
34
34.8
35.6
36.4
37.2
38
38.8
39.6
40.4
41.2
42
42.8
43.6
44.4
45.2
46
46.8
47.6
48.4
49.2
50
50.8
51.6
52.4
53.2
54
54.8
55.6
56.4
57.2
58
58.8
59.6
60.4
61.2
62
62.8
63.6
64.4
65.2
66
66.8
67.6
68.4
69.2
70
70.8
71.6
72.4
73.2
74
74.8
75.6
76.4
77.2
78
78.8
79.6
80.4
81.2
82
82.8
83.6
84.4
85.2
86
86.8
87.6
88.4
89.2
90
90.8
91.6
92.4
93.2
94
94.8
95.6
96.4
97.2
98
98.8
99.6
100.4
101.2
102
102.8
103.6
104.4
105.2
106
106.8
107.6
108.4
109.2
110
110.8
111.6
112.4
113.2
114
114.8
115.6
116.4
117.2
118
118.8
119.6
# q (1/Angstrom) values
0.3
0.5
0.7
0.9
1.1
1.3
1.5
1.7
1.9
# Group 0
0.111806 0.0271176
0.0924475 0.0247081
0.203881 0.0366191
0.190742 0.0354208
0.145227 0.0309634
0.171606 0.0336563
0.144064 0.0307158
0.144802 0.030873
0.210204 0.0371601
0.158343 0.0323225
0.170941 0.0335251
0.170934 0.0335238
0.118452 0.0279201
0.183773 0.0347306
0.125264 0.0287383
0.131795 0.0294708
0.190578 0.0353902
0.170716 0.0334809
0.164833 0.0329674
0.209442 0.0370252
0.170859 0.0335089
0.223219 0.0382825
0.157276 0.0321045
0.210729 0.0372531
0.183287 0.0346388
0.216291 0.0376527
0.202713 0.0364104
0.235756 0.0392936
0.202791 0.0364233
0.234768 0.0391298
0.215782 0.0375636
0.163858 0.0327723
0.196642 0.0359027
0.197716 0.0360987
0.177574 0.0341749
0.163907 0.0327819
0.247913 0.040218
0.183265 0.0346348
0.242438 0.0398578
0.150526 0.0313874
0.229562 0.0388042
0.255156 0.0408587
0.189352 0.0351629
0.295304 0.0440222
0.195513 0.0356967
0.195991 0.0357834
0.28668 0.0432199
0.222143 0.0380982
0.201913 0.0362654
0.266305 0.0415912
0.22195 0.0380649
0.247818 0.0402024
0.24123 0.0396587
0.279267 0.0425888
0.208734 0.0369004
0.143799 0.0306596
0.196021 0.0357891
0.293996 0.0438273
0.329986 0.0462092
0.242562 0.0395308
0.291583 0.0435803
0.262082 0.0414405
0.183713 0.0347191
0.216514 0.0376914
0.215687 0.0375472
0.230812 0.0388136
0.261955 0.0414196
0.229612 0.0387328
0.250008 0.0405378
0.257674 0.041262
0.277093 0.0427573
0.262748 0.041545
0.315467 0.0455352
0.209118 0.0369684
0.216356 0.0376638
0.263103 0.0416023
0.282455 0.0430749
0.29525 0.0440146
0.302705 0.0446327
0.307761 0.0449382
0.198314 0.0362079
0.263279 0.0416292
0.26279 0.0415517
0.27546 0.0425054
0.251509 0.0408018
0.290499 0.0437954
0.271641 0.0424242
0.244612 0.0402154
0.306351 0.0450846
0.335661 0.0469486
0.27759 0.0428476
0.285243 0.0435001
0.313158 0.0456801
0.338395 0.0473859
0.372582 0.0495164
0.300919 0.0444929
0.250951 0.0403409
0.305073 0.044982
0.36179 0.0490128
0.333984 0.0472336
0.294077 0.0441962
0.325921 0.0464894
0.286034 0.0436209
0.393811 0.0512713
0.279522 0.0431322
0.311862 0.0454908
0.451937 0.0548072
0.332161 0.046976
0.515533 0.0583743
0.449697 0.0545358
0.444672 0.0543268
0.397868 0.051366
0.538456 0.0598309
0.504699 0.0578947
0.631903 0.0648339
0.538726 0.0598603
0.519236 0.0587943
0.698399 0.0681601
0.643925 0.0653827
0.743829 0.070288
0.916542 0.0780242
0.771706 0.0716544
1.0138 0.0819647
0.891732 0.0770369
1.10353 0.0856543
1.28101 0.0922142
1.28369 0.092647
1.29725 0.0929133
1.78208 0.108865
1.47398 0.0989335
1.72798 0.107171
2.07932 0.117538
2.42325 0.126906
2.65613 0.132984
2.75594 0.135789
3.49656 0.152712
4.19586 0.167286
5.48458 0.191663
6.44364 0.207572
8.67918 0.241051
12.1443 0.285313
18.1529 0.347212
27.2194 0.425915
41.0328 0.523926
64.912 0.658783
105.066 0.839935
170.344 1.0703
279.866 1.37765
450.098 1.75537
600.986 2.03365
565.629 1.96932
336.768 1.51402
115.145 0.881231
23.077 0.393804
4.48142 0.172945
2.49262 0.129316
2.5139 0.130389
2.03148 0.116943
1.87506 0.112264
1.652 0.1056
1.37839 0.096393
1.29379 0.0935931
1.2782 0.0929789
1.20824 0.0903118
1.08504 0.0857836
1.24875 0.0920666
0.896538 0.0780374
0.847344 0.0757933
0.962682 0.0807908
0.980003 0.0813877
0.724948 0.0700854
0.755719 0.0714113
0.710263 0.0693166
0.738697 0.0707573
0.533377 0.0600116
0.568651 0.0620468
0.439874 0.054561
0.644164 0.0660924
0.426888 0.0537843
0.500906 0.0582311
0.433666 0.0542096
0.513202 0.0588709
0.483808 0.0570191
0.377386 0.0504319
0.47213 0.0564322
0.405813 0.0523915
0.46753 0.0562856
0.366526 0.0498796
0.378405 0.0505684
0.379841 0.0507596
0.512986 0.0588453
0.446303 0.0549379
0.3715 0.0500949
0.41125 0.0526567
0.399284 0.0519842
0.38452 0.0509323
0.377376 0.0504302
0.390456 0.0512712
0.328265 0.0469086
0.339986 0.0480835
0.308182 0.0454952
0.421492 0.053531
0.299606 0.0447884
0.284718 0.0439339
0.325952 0.0470487
0.347947 0.0487235
0.32644 0.047119
0.285191 0.0440069
0.264845 0.0424103
0.318193 0.0464143
0.291919 0.0445185
0.348139 0.0487504
0.305486 0.0455404
0.23791 0.0402153
0.304686 0.0454211
0.327088 0.0472126
0.339803 0.0480569
0.311974 0.0460036
0.352348 0.0488796
0.338521 0.0479085
0.335331 0.0479058
0.358736 0.0493666
0.398759 0.0519155
0.259212 0.0420509
0.275075 0.0432219
0.301469 0.0454492
0.314573 0.0463823
0.306835 0.0457414
0.279175 0.0436007
0.226371 0.0394072
0.294464 0.0449063
0.308361 0.0459692
0.22675 0.0394746
0.260179 0.0422077
0.306598 0.045707
0.232344 0.0398475
0.212261 0.0381244
0.205602 0.0375385
0.273253 0.043206
0.292404 0.0445922
0.341701 0.0483253
0.197789 0.0367294
0.225762 0.0393017
0.176648 0.0346766
0.357673 0.0496026
0.206961 0.0377864
0.220907 0.039052
0.234531 0.0402227
0.27691 0.0437841
0.24489 0.0411082
0.222978 0.0394182
0.327382 0.0477551
0.243544 0.0411672
0.264079 0.0428402
0.283387 0.0442585
0.256639 0.042192
0.207868 0.0379521
0.215084 0.038631
0.256617 0.0421889
0.264798 0.0429573
0.291789 0.0450251
0.207786 0.0379372
0.248499 0.0414185
0.180341 0.0353686
0.235817 0.0404431
0.272277 0.0436001
0.20155 0.0374276
0.145796 0.0318157
0.291496 0.0449799
0.269523 0.0431592
0.278107 0.0439737
0.235678 0.0404193
0.187329 0.0360523
0.22119 0.0391022
0.22918 0.0398967
0.248944 0.0414924
0.194182 0.0366985
0.249596 0.0416002
0.291073 0.0449146
0.29945 0.0456668
0.227825 0.039703
0.251761 0.0419613
0.220591 0.039126
0.245916 0.0415685
0.216637 0.0389113
0.304303 0.0461723
0.285939 0.0450508
0.236709 0.0412067
0.165987 0.0346114
0.303082 0.0467678
0.197519 0.0380134
0.147484 0.0329793
0.274697 0.0451612
0.362428 0.0523142
0.251879 0.0438476
0.224363 0.0416642
0.196918 0.0393858
0.223847 0.0423043
0.290911 0.0484871
0.233104 0.0435449
# Group 1
0.171481 0.0229157
0.135044 0.0203592
0.171203 0.0228787
0.14685 0.0211966
0.18977 0.0241015
0.13449 0.0202761
0.203665 0.0248827
0.20812 0.0252392
0.146271 0.021113
0.180532 0.023504
0.152577 0.0215782
0.173808 0.0230221
0.16815 0.0226741
0.19815 0.0245781
0.16532 0.0224979
0.18871 0.0240027
0.189585 0.024078
0.194988 0.0243439
0.196613 0.0245771
0.156123 0.0218621
0.199861 0.0247903
0.174926 0.0231701
0.169146 0.022747
0.191111 0.0242719
0.223879 0.0262038
0.201849 0.0248468
0.183695 0.0237164
0.190042 0.0241359
0.190003 0.024131
0.183182 0.0236499
0.195991 0.0244995
0.223835 0.0261985
0.245466 0.0274448
0.222001 0.0261638
0.224673 0.0262967
0.221042 0.0260507
0.192751 0.0242851
0.214708 0.0256633
0.208603 0.0252975
0.208272 0.0252573
0.205673 0.0251277
0.260378 0.0282428
0.23193 0.026605
0.196617 0.0245777
0.204932 0.0250373
0.217055 0.0257604
0.234949 0.0267756
0.240955 0.0271105
0.250078 0.0276171
0.212785 0.0254334
0.241431 0.0271638
0.281103 0.029308
0.256523 0.0279898
0.25552 0.0278804
0.268015 0.0285715
0.278308 0.0291764
0.259525 0.0281503
0.243845 0.0272634
0.211142 0.0252374
0.236196 0.0266894
0.245192 0.0272899
0.25561 0.0278907
0.329528 0.0317098
0.282948 0.0293413
0.242472 0.0271101
0.233339 0.026599
0.273232 0.0288019
0.228825 0.0262672
0.295094 0.0299632
0.27422 0.0289392
0.324061 0.0314766
0.280373 0.0292318
0.250849 0.0276389
0.331141 0.0317187
0.295168 0.0299709
0.284008 0.0294369
0.280333 0.0292275
0.310251 0.0307204
0.246568 0.0273973
0.296384 0.0300136
0.278012 0.0291444
0.270796 0.0287055
0.305783 0.0304292
0.342164 0.0321891
0.325984 0.0315155
0.34116 0.0322377
0.302222 0.0303753
0.335258 0.0319668
0.385218 0.0343205
0.364301 0.0332315
0.329923 0.0317024
0.343979 0.0323598
0.3212 0.0313469
0.380439 0.0340285
0.352101 0.0326464
0.332027 0.0316936
0.35477 0.0327599
0.318493 0.0310829
0.323503 0.0313531
0.434781 0.0364375
0.353404 0.0328168
0.407356 0.0351926
0.355915 0.0329055
0.420679 0.0358119
0.392453 0.0345547
0.442726 0.0366414
0.403487 0.034988
0.495141 0.038784
0.450089 0.0368741
0.423286 0.0357757
0.472681 0.0378463
0.514882 0.0394911
0.522839 0.039868
0.548817 0.040795
0.619423 0.0433704
0.636013 0.0439961
0.559418 0.0412442
0.709687 0.046397
0.666576 0.0449648
0.813368 0.049651
0.77445 0.0485307
0.811744 0.0497235
0.866088 0.0513055
0.986077 0.0548559
0.943421 0.0536715
1.03701 0.0561605
1.18851 0.0603418
1.25468 0.0618674
1.54441 0.0685279
1.49956 0.0674747
1.58007 0.06923
1.82088 0.0742819
2.10568 0.0798929
2.0673 0.0791691
2.54953 0.0880316
2.96839 0.0948874
3.51508 0.103135
4.18393 0.112731
5.29355 0.126679
7.14915 0.147273
9.75159 0.172114
13.5602 0.20213
19.8762 0.245009
30.1979 0.302449
46.3542 0.374585
75.3818 0.478585
121.911 0.609175
201.818 0.786942
319.143 0.994741
433.814 1.16347
429.498 1.15525
271.3 0.91321
103.181 0.558949
25.5021 0.277045
6.48888 0.139399
3.40378 0.100808
2.81049 0.0919655
2.37777 0.0843624
1.97693 0.076795
1.82152 0.073825
1.62939 0.0697404
1.71501 0.0716521
1.55551 0.0681543
1.39304 0.0644702
1.39754 0.0646853
1.34693 0.0635335
1.09841 0.0574016
0.984026 0.0543798
1.06105 0.0564273
0.887081 0.0516013
0.902179 0.0521135
0.908999 0.0522414
0.842362 0.0504049
0.76539 0.0481124
0.716607 0.046491
0.593951 0.0423788
0.675675 0.0452233
0.616135 0.0432435
0.585894 0.0421753
0.563366 0.0413098
0.54919 0.0408225
0.503811 0.0389881
0.520733 0.0395923
0.492421 0.038571
0.500978 0.038885
0.445156 0.036717
0.469828 0.0377389
0.437176 0.0364329
0.497577 0.0388562
0.361225 0.0331145
0.450382 0.0368981
0.442058 0.0365865
0.347661 0.0324209
0.365474 0.0332262
0.369114 0.0334193
0.371787 0.033524
0.380022 0.0338551
0.400593 0.0347372
0.363778 0.033031
0.409142 0.0352154
0.412938 0.0352106
0.359877 0.0329909
0.304171 0.030156
0.322223 0.0311514
0.346572 0.0323192
0.38776 0.0342746
0.322677 0.0311967
0.30057 0.0300578
0.32667 0.031307
0.370503 0.0333021
0.327544 0.0313741
0.308673 0.030564
0.367984 0.0333169
0.335372 0.0318102
0.342561 0.0320849
0.368965 0.0334057
0.268515 0.0284575
0.328798 0.0314681
0.30134 0.0300857
0.292634 0.0296423
0.338474 0.031984
0.314623 0.0307502
0.331293 0.0314464
0.323841 0.0311629
0.302571 0.030121
0.255628 0.0277276
0.306365 0.0303355
0.319956 0.0309322
0.274527 0.0286221
0.315535 0.030794
0.267014 0.0283041
0.288506 0.0294466
0.340006 0.0319872
0.294581 0.0297582
0.244739 0.0270282
0.287502 0.0293468
0.27861 0.0288917
0.324841 0.0312588
0.294041 0.0297034
0.287289 0.0293221
0.250214 0.0273964
0.230765 0.0262989
0.309346 0.030482
0.283005 0.0291289
0.288159 0.0294116
0.237617 0.0267347
0.33017 0.0314817
0.265974 0.0281986
0.303051 0.0301555
0.328113 0.031322
0.277748 0.0288482
0.296624 0.029799
0.287286 0.0293224
0.312322 0.0305622
0.280221 0.0289034
0.293261 0.0296246
0.308114 0.0303603
0.285696 0.0292273
0.289554 0.0294396
0.286597 0.0293573
0.255578 0.0277222
0.2876 0.0293539
0.25763 0.0277822
0.281882 0.0290749
0.26699 0.0283017
0.238456 0.026829
0.255589 0.0277232
0.231467 0.0263788
0.261013 0.0279843
0.272366 0.0285525
0.180372 0.0232866
0.28208 0.0290951
0.246086 0.0271765
0.25172 0.0274658
0.306105 0.0303103
0.329541 0.0314221
0.249238 0.0273587
0.276087 0.0287841
0.224713 0.0259483
0.24317 0.0270197
0.213772 0.0252867
0.241075 0.0269537
0.269559 0.0284605
0.289999 0.0295989
0.236065 0.0265942
0.307056 0.0304222
0.244474 0.0273382
0.289781 0.0298895
0.30956 0.0309205
0.261015 0.0284799
0.333418 0.0323857
0.27031 0.0293148
0.258734 0.028749
0.217651 0.0265888
0.239271 0.0280054
0.275777 0.0302714
0.306882 0.032172
0.290873 0.0315507
0.351811 0.034836
0.293164 0.0320214
# Group 2
0.219917 0.026868
0.174259 0.023937
0.173634 0.0238514
0.197037 0.0254381
0.217189 0.026735
0.206283 0.0259235
0.170312 0.023619
0.167981 0.0235229
0.154543 0.0225071
0.194585 0.0253336
0.17466 0.0239921
0.203603 0.0258583
0.233339 0.0276931
0.239572 0.0280405
0.260473 0.0293065
0.241483 0.0281336
0.242286 0.02817
0.22394 0.027008
0.206994 0.0260795
0.189567 0.0248921
0.233036 0.0276571
0.225959 0.0272029
0.250955 0.0286059
0.238147 0.0278984
0.196073 0.0253135
0.232074 0.0275431
0.269301 0.0296589
0.219481 0.0268145
0.24249 0.0281898
0.293081 0.0308953
0.297821 0.0312209
0.288528 0.030758
0.232984 0.0276508
0.28686 0.0307554
0.227035 0.0273326
0.259294 0.0291736
0.287827 0.0306836
0.249238 0.0285905
0.29503 0.0311
0.275133 0.0300202
0.281851 0.0303948
0.25492 0.0288736
0.271454 0.0297969
0.256794 0.0290769
0.261132 0.0291938
0.236681 0.0278446
0.255801 0.0289633
0.248947 0.0285571
0.298002 0.0312399
0.254882 0.0288606
0.262554 0.0293552
0.377215 0.0351768
0.298456 0.0312876
0.300727 0.0313538
0.252402 0.0287648
0.227122 0.027344
0.295507 0.0311125
0.303283 0.0315555
0.264361 0.0293747
0.30243 0.0315317
0.295382 0.0311831
0.288493 0.030835
0.278825 0.03037
0.33407 0.0332393
0.306687 0.0318031
0.350363 0.0340313
0.35311 0.0341374
0.320957 0.0324548
0.333553 0.0331909
0.360088 0.0345393
0.284824 0.0307142
0.382699 0.0355339
0.28938 0.0308566
0.2984 0.0312819
0.353875 0.0340639
0.317815 0.0323096
0.319875 0.0324793
0.420857 0.0371862
0.313862 0.0321512
0.274545 0.0301321
0.374771 0.0352566
0.334149 0.0332484
0.355597 0.034185
0.338227 0.0333275
0.373595 0.0351467
0.306884 0.0318234
0.396626 0.036208
0.401627 0.0363632
0.416374 0.0370959
0.367386 0.0347158
0.405018 0.0365395
0.384699 0.0355253
0.3998 0.0363293
0.346466 0.0337897
0.358593 0.0344446
0.323511 0.0326807
0.371395 0.0350953
0.41841 0.0371294
0.486017 0.040103
0.403952 0.0365803
0.429746 0.0376926
0.408874 0.0367195
0.428397 0.037575
0.413489 0.0369849
0.442809 0.0382541
0.451111 0.038489
0.5613 0.0430516
0.546765 0.0425112
0.523278 0.0415001
0.464278 0.0391009
0.587492 0.0440363
0.646711 0.0461956
0.665723 0.046959
0.597943 0.0444466
0.61493 0.0450908
0.646279 0.0462793
0.68031 0.0474079
0.697873 0.047979
0.713972 0.0485694
0.80311 0.051429
0.817236 0.0520108
0.933836 0.055622
0.904252 0.0546306
1.11255 0.0606991
1.12202 0.0609437
1.17988 0.0623761
1.26842 0.0649247
1.40847 0.0683664
1.39144 0.0678305
1.52494 0.0710646
1.64 0.0737489
1.83899 0.0780966
2.06678 0.0829399
2.34899 0.0884151
2.53147 0.0918982
3.07243 0.101201
3.79919 0.112394
4.33192 0.120228
5.26224 0.132422
6.94165 0.152148
9.56567 0.178876
13.2932 0.210152
18.9364 0.251279
27.6434 0.3042
43.2847 0.380596
67.8724 0.477526
109.613 0.607274
180.658 0.78236
287.914 0.992541
404.263 1.18025
418.21 1.2
278.812 0.977021
107.852 0.603756
26.3208 0.297517
7.46786 0.158194
4.04926 0.116154
3.30833 0.105527
2.68524 0.0949145
2.52159 0.0918434
2.11686 0.0844063
2.0871 0.0837111
1.85618 0.0791118
1.7241 0.0761418
1.44814 0.0698103
1.41847 0.0691751
1.1766 0.0631097
1.284 0.0659555
1.3084 0.0665531
1.19112 0.0634374
1.17836 0.0630601
1.07896 0.0603517
0.994543 0.0578101
0.843919 0.0533705
0.913382 0.0555904
0.840712 0.0531188
0.874016 0.0543295
0.662146 0.0473158
0.686141 0.0482792
0.623749 0.0460446
0.638013 0.04653
0.678118 0.0480628
0.65793 0.0473217
0.642633 0.046747
0.59713 0.0451407
0.505294 0.0415365
0.569018 0.044166
0.528278 0.0425714
0.453609 0.0394832
0.521722 0.0423193
0.577248 0.0445374
0.451989 0.039342
0.431731 0.0384632
0.468817 0.0400557
0.444213 0.0389638
0.446432 0.0391562
0.526732 0.0423951
0.48635 0.0408149
0.452878 0.0393625
0.447893 0.0390975
0.390533 0.0367401
0.3806 0.0361265
0.376089 0.036024
0.355677 0.0348784
0.429013 0.0383734
0.443628 0.0390609
0.401084 0.0372398
0.389232 0.0365868
0.301469 0.0321375
0.367604 0.0354444
0.376814 0.0358126
0.348336 0.0344915
0.377976 0.0360395
0.32484 0.0333289
0.331209 0.033631
0.302901 0.0321085
0.335762 0.0339183
0.310914 0.0325936
0.327623 0.033439
0.320187 0.0330259
0.330866 0.0335955
0.332532 0.0337647
0.310806 0.0325824
0.321738 0.033011
0.268887 0.0302533
0.335045 0.0338457
0.265636 0.0301183
0.311317 0.0326392
0.298167 0.0318981
0.280034 0.0309253
0.349344 0.0346593
0.269933 0.030423
0.34161 0.0343236
0.279867 0.0310984
0.286532 0.0314519
0.305048 0.0323365
0.310057 0.0326366
0.33997 0.0341696
0.32722 0.033573
0.284575 0.0312369
0.338083 0.0339795
0.277041 0.030795
0.279974 0.0309188
0.311125 0.0326161
0.243184 0.0288616
0.345868 0.0344169
0.326241 0.0334725
0.312182 0.0327101
0.301305 0.0320617
0.284151 0.0311904
0.343983 0.0342848
0.303312 0.032188
0.336985 0.0339055
0.341253 0.0341015
0.336252 0.0337983
0.300804 0.031886
0.25417 0.0293497
0.301257 0.031934
0.293409 0.0314772
0.290108 0.0312993
0.334562 0.0336425
0.275139 0.0305719
0.26064 0.0297035
0.281106 0.0308569
0.275009 0.0305575
0.298817 0.0318548
0.317776 0.0329528
0.235132 0.0283072
0.323755 0.0332175
0.302981 0.0321168
0.305622 0.0322163
0.324293 0.0332729
0.351531 0.0346384
0.290366 0.0314955
0.347922 0.0344507
0.266154 0.0301372
0.265856 0.0301038
0.290862 0.0315499
0.279928 0.0309137
0.303555 0.0321777
0.283943 0.0311677
0.290407 0.0315001
0.308819 0.0325534
0.29806 0.0319565
0.267997 0.0303456
0.213317 0.0269425
0.346873 0.0344454
0.207717 0.0268174
0.340757 0.0344228
0.24551 0.0291971
0.321638 0.0335341
0.222942 0.0280891
0.271543 0.0311492
0.294838 0.0325603
0.322212 0.0342675
0.351531 0.0360408
0.329541 0.0351306
0.277798 0.0325156
0.281874 0.0329918
0.292267 0.0337495
0.407967 0.0401961
# Group 3
0.181143 0.0248826
0.185826 0.0252395
0.21222 0.0269425
0.20926 0.0267939
0.212918 0.0270415
0.200613 0.0260844
0.225568 0.0277667
0.226927 0.0279337
0.19825 0.0260333
0.261517 0.029999
0.219465 0.0274346
0.202284 0.0263359
0.192537 0.0257297
0.236886 0.0285185
0.293444 0.0318297
0.234665 0.0284581
0.217445 0.0273386
0.234228 0.0284052
0.262289 0.0300874
0.264318 0.0301227
0.27624 0.0308856
0.269235 0.0304856
0.271847 0.0305681
0.272663 0.0306708
0.277109 0.0308935
0.244939 0.0290699
0.254029 0.0295489
0.252168 0.0295148
0.262481 0.0301095
0.295293 0.031844
0.356403 0.0351184
0.36646 0.0356134
0.198092 0.0262387
0.314622 0.0331651
0.290338 0.0318697
0.261887 0.0302408
0.337578 0.0342771
0.342259 0.03458
0.280363 0.0313465
0.29829 0.0323549
0.276204 0.0311789
0.270516 0.0307995
0.315388 0.0332706
0.332995 0.0343546
0.373782 0.0363374
0.326454 0.0340395
0.31639 0.0335382
0.324759 0.03398
0.281264 0.0316432
0.30197 0.0327543
0.424679 0.0389314
0.34974 0.0353303
0.360211 0.0358434
0.340785 0.0347822
0.31254 0.0333182
0.328732 0.0342748
0.367544 0.0360897
0.436393 0.0393565
0.337521 0.034345
0.375556 0.0364786
0.36426 0.0359338
0.386399 0.0370292
0.341021 0.0348108
0.344197 0.0349492
0.38557 0.0369322
0.365028 0.0359682
0.364636 0.0359297
0.371111 0.0362178
0.454094 0.0401381
0.339112 0.0347932
0.391596 0.0373384
0.344228 0.034952
0.439817 0.0394984
0.342295 0.0347561
0.362205 0.0357481
0.38173 0.0367072
0.403599 0.0378017
0.404103 0.0377189
0.463178 0.0404736
0.3933 0.0373316
0.366329 0.0360966
0.475313 0.0410627
0.413087 0.0381913
0.48639 0.0414057
0.401303 0.0377533
0.393527 0.0373531
0.472696 0.0409893
0.457104 0.0402475
0.537362 0.043715
0.383802 0.0367628
0.489396 0.0415723
0.463525 0.0403119
0.480522 0.0411137
0.454692 0.0399022
0.439136 0.0392787
0.451412 0.0397463
0.46989 0.0406562
0.50543 0.042121
0.518826 0.042794
0.505662 0.0422871
0.536106 0.0434857
0.506898 0.0422435
0.489007 0.0414605
0.485997 0.0413724
0.625096 0.0468546
0.518031 0.0424961
0.5912 0.0454789
0.615572 0.0464065
0.695396 0.0491741
0.730436 0.0504076
0.672908 0.0484395
0.64506 0.0474278
0.759983 0.0515937
0.682391 0.0488693
0.767677 0.0518766
0.892962 0.0560325
0.797254 0.0528641
0.821627 0.053556
0.945069 0.057518
1.0683 0.0610847
0.947145 0.0575384
1.07041 0.0611948
1.16396 0.0636928
1.27038 0.0666821
1.23162 0.0656398
1.46258 0.0713378
1.64057 0.0757895
1.55795 0.0736468
1.69236 0.0765447
1.95128 0.0821389
1.98501 0.0828091
2.24387 0.0880289
2.48658 0.092739
2.81441 0.098755
3.00004 0.102137
3.45211 0.109513
4.33044 0.122498
5.01537 0.131976
6.07221 0.145013
7.58685 0.162034
10.6054 0.19172
14.0651 0.219837
20.0764 0.262923
29.839 0.321133
46.2459 0.39974
71.6401 0.498513
114.904 0.631468
189.425 0.813323
301.255 1.03046
425.949 1.22954
450.063 1.26369
302.451 1.03251
116.197 0.635432
27.7846 0.30986
8.55924 0.17155
5.04903 0.131345
4.14287 0.119478
3.56178 0.110498
3.31207 0.106326
2.57995 0.0939875
2.5771 0.093753
2.32533 0.0891146
2.17353 0.0859282
2.04191 0.0832271
1.89857 0.0802902
1.78601 0.077978
1.61751 0.07424
1.53729 0.0723253
1.50908 0.0716593
1.34371 0.0675499
1.20543 0.0639915
1.17001 0.0628942
1.16086 0.0626848
1.12463 0.0617263
1.10165 0.0608887
0.876109 0.0543506
1.0125 0.0584025
0.886459 0.0546647
0.853741 0.0535812
0.839083 0.0529941
0.82646 0.0525709
0.744064 0.049725
0.750316 0.0499129
0.719051 0.0489278
0.705973 0.0484889
0.675056 0.0474924
0.809704 0.0520523
0.653382 0.046792
0.565956 0.0435372
0.572905 0.0438128
0.593837 0.0445118
0.5382 0.042418
0.504595 0.0410644
0.586432 0.0441758
0.677934 0.0475842
0.58038 0.0438599
0.574345 0.0436683
0.47333 0.0395896
0.508291 0.040962
0.588101 0.0443324
0.378544 0.0354555
0.525583 0.0419083
0.530221 0.0419192
0.489918 0.0404092
0.487055 0.0403107
0.459332 0.0392448
0.414638 0.037237
0.452631 0.038814
0.445886 0.03852
0.414834 0.0371051
0.459031 0.0390768
0.454818 0.0390016
0.499705 0.0408023
0.416375 0.0372432
0.414848 0.0371065
0.505994 0.0410765
0.378814 0.0355304
0.350608 0.034217
0.443753 0.0384798
0.424454 0.0376657
0.466504 0.03957
0.4184 0.0374242
0.444466 0.0383979
0.393622 0.0362374
0.377308 0.0354953
0.362474 0.0347664
0.36026 0.0346263
0.387029 0.0357885
0.383042 0.0355656
0.370887 0.0350677
0.403276 0.0365239
0.431747 0.0378685
0.382495 0.035622
0.443211 0.0383816
0.364343 0.0347405
0.385502 0.035794
0.385245 0.0357705
0.383035 0.0357193
0.384949 0.0357426
0.406706 0.0366726
0.385341 0.0357795
0.380896 0.0355199
0.397645 0.0363014
0.435143 0.0380202
0.351866 0.0341781
0.409799 0.0369515
0.429801 0.0378431
0.375938 0.0353665
0.445016 0.0385121
0.317711 0.0325974
0.334915 0.0334925
0.352065 0.0343593
0.343843 0.0338808
0.417033 0.0373018
0.371435 0.0350984
0.362455 0.0347179
0.329105 0.0330772
0.435918 0.0380875
0.302977 0.0317618
0.304587 0.0318438
0.366313 0.034928
0.327434 0.032917
0.378207 0.0354242
0.315459 0.0323666
0.349307 0.0340899
0.401773 0.0366775
0.376724 0.0354403
0.34963 0.0341214
0.322013 0.0326964
0.357194 0.0343721
0.435198 0.0380249
0.328022 0.0329684
0.347961 0.0339587
0.350736 0.0340677
0.337805 0.0334492
0.366787 0.0348162
0.278948 0.0304371
0.381868 0.0356105
0.402523 0.0365172
0.336574 0.0334915
0.346403 0.0339688
0.351308 0.0342853
0.377546 0.0355179
0.385824 0.0359796
0.376765 0.0354454
0.392498 0.036288
0.329128 0.0334196
0.296671 0.0318076
0.35712 0.0350197
0.30244 0.0322412
0.364516 0.0355811
0.346011 0.0348059
0.428177 0.0388282
0.378565 0.0367823
0.362191 0.0362214
0.311983 0.0338404
0.327767 0.0349421
0.36703 0.0372676
0.355147 0.0368287
0.337785 0.0362157
# Group 4
0.217072 0.0295406
0.260963 0.0323724
0.25649 0.0320624
0.244625 0.031322
0.257372 0.0321725
0.284893 0.0338124
0.247591 0.0314454
0.267067 0.0326779
0.23576 0.0306943
0.269163 0.0328845
0.268728 0.032815
0.268092 0.0327538
0.244228 0.0312712
0.231947 0.0304569
0.22082 0.0297763
0.312926 0.0354329
0.216296 0.0294349
0.328721 0.0363023
0.32156 0.0359524
0.263636 0.0324522
0.336562 0.0367231
0.227831 0.0301776
0.313626 0.0352657
0.400179 0.0399989
0.332658 0.0363119
0.396644 0.0396745
0.302658 0.0346565
0.334402 0.0364874
0.362096 0.0379591
0.284434 0.0335229
0.397417 0.0397429
0.343638 0.0369366
0.362042 0.0379536
0.372084 0.0385845
0.290118 0.0339859
0.375723 0.0386333
0.348944 0.037199
0.346185 0.0370499
0.423665 0.0409822
0.405791 0.0400645
0.372621 0.0384159
0.376549 0.0384876
0.391463 0.0391667
0.364574 0.0378983
0.345395 0.0368207
0.360331 0.0375683
0.425979 0.0408028
0.399673 0.0394303
0.327766 0.0357632
0.43075 0.0407888
0.377672 0.0384276
0.450953 0.0420533
0.434918 0.0412937
0.462262 0.0425562
0.412999 0.0402463
0.423265 0.0409213
0.401279 0.0397828
0.431171 0.0412283
0.504468 0.044285
0.471299 0.0430725
0.378327 0.038599
0.463296 0.0428339
0.512626 0.0451358
0.437358 0.0416576
0.470289 0.0431433
0.473789 0.0434335
0.51415 0.0452699
0.430151 0.0413928
0.496094 0.0445626
0.516833 0.0456838
0.508922 0.04534
0.437816 0.0419909
0.485115 0.0442867
0.473905 0.0436921
0.437961 0.0421031
0.474431 0.0439563
0.494046 0.044915
0.51121 0.0457261
0.449649 0.0428463
0.541094 0.0472376
0.462093 0.043742
0.487038 0.0450286
0.531096 0.0469444
0.484618 0.0448044
0.471051 0.044315
0.52914 0.0469555
0.522249 0.0467129
0.51675 0.0464077
0.614378 0.0506758
0.580606 0.0490723
0.579492 0.0491537
0.628624 0.0511587
0.661657 0.0526408
0.599491 0.0499594
0.544867 0.0476069
0.616664 0.0505215
0.588886 0.0494429
0.599058 0.0497513
0.601553 0.0499586
0.673443 0.0529128
0.65497 0.052109
0.612273 0.050331
0.694823 0.0536092
0.675633 0.0529221
0.68682 0.0533098
0.71766 0.0544079
0.660478 0.0522178
0.809802 0.0578457
0.739673 0.0551345
0.76881 0.0562241
0.72996 0.0548696
0.852678 0.0592662
0.995766 0.0641469
0.848001 0.0590859
1.07916 0.0666744
0.972913 0.0633346
1.06607 0.0662464
0.998003 0.0640266
1.10143 0.0672843
1.14561 0.0685904
1.25343 0.0717762
1.47284 0.0778478
1.38155 0.0752633
1.65458 0.0825289
1.62198 0.0817209
1.60324 0.0810857
1.92897 0.0892706
2.06318 0.0921872
2.08434 0.0924869
2.34461 0.0980439
2.45471 0.100225
2.69566 0.10494
3.1055 0.112605
3.43115 0.118335
3.74369 0.123784
4.00665 0.127947
4.97259 0.142394
6.10555 0.158106
7.24557 0.172076
9.27319 0.194748
12.4615 0.225905
16.8384 0.261525
24.0206 0.312747
34.3031 0.374415
53.1627 0.466112
82.8894 0.583229
132.125 0.7371
215.565 0.94497
339.096 1.19055
465.058 1.39805
467.378 1.399
302.633 1.1204
116.679 0.690712
31.7403 0.359346
10.6963 0.208149
6.50276 0.162005
5.63746 0.151517
4.69589 0.137903
4.12032 0.128971
3.51084 0.119254
3.33221 0.11603
2.71573 0.104931
2.57237 0.102012
2.77463 0.105872
2.48716 0.100385
2.05576 0.0912187
2.11318 0.0925209
1.86343 0.0868115
1.79115 0.0850124
1.5908 0.0800481
1.57262 0.0796389
1.4473 0.0762847
1.49884 0.0777173
1.42348 0.0757703
1.26265 0.0712605
1.17298 0.068766
1.12033 0.0671968
1.15418 0.0682528
1.04118 0.0648248
1.15989 0.0683514
0.972867 0.0626711
0.924774 0.0609026
0.923317 0.0607531
0.873016 0.0591313
0.883902 0.059461
0.805883 0.0568455
0.698426 0.0529498
0.77565 0.0558354
0.690741 0.0526714
0.763908 0.0554218
0.696408 0.052797
0.713661 0.0534939
0.629152 0.0502144
0.755777 0.0549776
0.729839 0.0541021
0.684412 0.0523405
0.603122 0.0490832
0.602884 0.0490622
0.552071 0.0468279
0.605887 0.0493094
0.564747 0.0473948
0.659479 0.0513468
0.602226 0.0488495
0.628695 0.0500185
0.634539 0.0503247
0.569412 0.0477356
0.529218 0.0460644
0.594982 0.0487446
0.622619 0.0498516
0.593255 0.0486033
0.566383 0.0475319
0.601993 0.0491544
0.572117 0.0478448
0.50059 0.044776
0.511846 0.0451668
0.517153 0.0455054
0.590855 0.0486004
0.523393 0.0457309
0.550156 0.0468345
0.518771 0.0455013
0.493461 0.0444957
0.47214 0.0434657
0.450237 0.0422524
0.475969 0.0436339
0.420965 0.0410833
0.514062 0.0454388
0.537269 0.0464146
0.51937 0.0455534
0.506286 0.0449272
0.486336 0.044214
0.427245 0.0413732
0.430255 0.0415959
0.508259 0.0451634
0.521413 0.0457394
0.350788 0.037396
0.476437 0.0436763
0.452384 0.0425585
0.421774 0.0411623
0.489052 0.0442782
0.395985 0.0397992
0.470009 0.0434543
0.41282 0.0406778
0.41773 0.0409637
0.44591 0.0423255
0.442822 0.0422236
0.42384 0.0413638
0.435517 0.0419089
0.414632 0.0408564
0.385848 0.039402
0.427443 0.0415183
0.419504 0.041137
0.516839 0.0456843
0.418398 0.0410285
0.442502 0.0421924
0.420617 0.0410493
0.442501 0.0421921
0.430483 0.0416177
0.394537 0.0398555
0.455781 0.0428779
0.448039 0.0425282
0.419748 0.0411548
0.381669 0.0391027
0.395799 0.039858
0.378743 0.0390657
0.390853 0.0396864
0.356406 0.0379941
0.456225 0.0429194
0.359031 0.0380582
0.4464 0.0423765
0.337971 0.0368767
0.39252 0.0398559
0.372105 0.0387957
0.384142 0.0394133
0.399537 0.0401565
0.408306 0.0406299
0.41204 0.0407807
0.388493 0.0396523
0.348021 0.0375291
0.399694 0.0401229
0.328166 0.0364641
0.445387 0.0424675
0.394365 0.040043
0.414123 0.0410059
0.342885 0.0374131
0.381654 0.0393673
0.392618 0.040073
0.42156 0.0417312
0.445645 0.0430836
0.360418 0.038866
0.473842 0.0445768
0.424899 0.042418
0.417442 0.0422448
0.454918 0.0442168
0.406824 0.0421881
0.385145 0.0412934
0.438795 0.0443266
0.331438 0.038794
0.406842 0.0433711
0.518271 0.0491945
0.33262 0.0397572
# Group 5
0.235321 0.0296484
0.21303 0.0282174
0.189913 0.0265941
0.163753 0.0246875
0.28709 0.0327181
0.219155 0.0285329
0.254601 0.0306517
0.216685 0.0282834
0.27682 0.0319654
0.255437 0.030752
0.221812 0.0286366
0.235618 0.0294531
0.217298 0.0282906
0.31237 0.0338822
0.272763 0.0317091
0.246911 0.0301609
0.286417 0.0324312
0.231021 0.0291067
0.282642 0.0322109
0.255325 0.0305181
0.24162 0.0297422
0.270252 0.031417
0.293739 0.0326641
0.269996 0.0313888
0.326616 0.0344288
0.250904 0.0301251
0.267675 0.0311186
0.2895 0.032368
0.303684 0.0331356
0.319916 0.0339128
0.306538 0.0332495
0.288528 0.0322593
0.288135 0.0322154
0.362116 0.0362127
0.311651 0.0334949
0.35829 0.0358529
0.268095 0.030958
0.34119 0.0349708
0.301925 0.0328316
0.370337 0.0363383
0.38267 0.0369967
0.34962 0.0352869
0.355013 0.0355024
0.342589 0.0349662
0.361788 0.0358234
0.368618 0.0361469
0.367423 0.0360299
0.401119 0.0375852
0.390843 0.0370982
0.376733 0.0362029
0.347167 0.0349158
0.379536 0.0365221
0.31658 0.0332904
0.394534 0.0371158
0.320981 0.0334699
0.378611 0.0364343
0.382665 0.0365287
0.399875 0.0372968
0.386556 0.0364634
0.386135 0.0365263
0.428347 0.0384861
0.408984 0.0376518
0.39867 0.0371774
0.490037 0.0411273
0.365871 0.0354287
0.405887 0.037366
0.438952 0.0387995
0.441076 0.0388322
0.476686 0.0403711
0.340248 0.0341973
0.386774 0.0363858
0.447939 0.0390218
0.489207 0.0407691
0.457443 0.039251
0.471748 0.0398674
0.437562 0.0383889
0.416339 0.0373874
0.484478 0.0402276
0.504414 0.0408668
0.474498 0.0396107
0.460299 0.0389475
0.424809 0.0374041
0.495021 0.0402857
0.536604 0.0419033
0.405356 0.0365516
0.507058 0.0408615
0.54452 0.0423924
0.474014 0.039503
0.518334 0.0413696
0.510663 0.0408874
0.523502 0.041518
0.608217 0.0447187
0.574984 0.0435913
0.509478 0.0409238
0.545662 0.0423531
0.507778 0.0407876
0.583056 0.0438276
0.520163 0.0412534
0.618875 0.0451384
0.587111 0.0440075
0.605239 0.0446207
0.525144 0.0415183
0.626846 0.0453589
0.595391 0.044257
0.679475 0.0472287
0.762377 0.0499471
0.677987 0.0471256
0.672046 0.04694
0.66505 0.046565
0.785943 0.05063
0.827311 0.0520152
0.754964 0.0496753
0.847001 0.0527351
0.893221 0.0540632
0.920407 0.05491
0.968474 0.0563903
1.01368 0.0576702
1.01067 0.0574996
1.09713 0.0599464
1.04065 0.0583603
1.20532 0.0628357
1.23618 0.0636706
1.22508 0.063267
1.37074 0.0670496
1.46559 0.0693255
1.68595 0.0742266
1.83702 0.0777743
1.84468 0.0778221
2.01135 0.0811132
2.15213 0.0838443
2.35257 0.0876243
2.33826 0.0873336
2.68346 0.0936088
3.08827 0.100422
3.30784 0.104101
3.92025 0.113237
4.56733 0.122091
5.13851 0.129754
6.65554 0.147543
8.38731 0.165698
10.6062 0.186446
14.4751 0.216929
19.2548 0.250472
28.1743 0.303528
43.0836 0.375287
66.9325 0.468661
105.515 0.588873
170.794 0.751837
270.029 0.949551
384.292 1.13623
411.74 1.17565
285.042 0.974852
112.374 0.607888
30.7566 0.317174
10.0828 0.181199
6.59654 0.146306
5.38303 0.132755
4.67664 0.123394
4.03286 0.114408
3.69297 0.109684
3.39756 0.105068
3.01 0.0990355
2.438 0.0890332
2.48095 0.0897678
2.24462 0.0855225
1.98009 0.0803795
1.83812 0.0774747
1.82442 0.0771735
1.69055 0.0742135
1.46988 0.0691427
1.52111 0.0703943
1.3862 0.0670876
1.46356 0.0689983
1.23762 0.0634934
1.21753 0.0628774
1.19794 0.0624512
1.17501 0.0618469
1.1018 0.0599343
1.05933 0.0587649
0.940347 0.0553179
0.968017 0.0561731
0.834329 0.0520476
0.965969 0.0558667
0.921085 0.0546597
0.807468 0.051174
0.7057 0.0479081
0.862837 0.0530066
0.704288 0.0479234
0.827595 0.0519311
0.70752 0.0480318
0.70799 0.0479532
0.650708 0.0460143
0.660037 0.0463281
0.597059 0.0440177
0.696128 0.0475888
0.629593 0.045204
0.579853 0.0433419
0.576537 0.0432153
0.545171 0.0419379
0.641923 0.045738
0.540211 0.0418048
0.605958 0.0444328
0.58704 0.0435166
0.53827 0.0417794
0.57718 0.0432636
0.492064 0.0399561
0.554449 0.0424015
0.625799 0.0449315
0.60335 0.0441232
0.475998 0.0391282
0.492864 0.0398473
0.457704 0.0385469
0.511472 0.0406934
0.498838 0.0402689
0.484078 0.0396648
0.491273 0.0401053
0.485621 0.0399332
0.49805 0.0405591
0.486129 0.0402013
0.45205 0.0389079
0.453255 0.0390824
0.434495 0.0382633
0.405306 0.0369156
0.440035 0.0386845
0.46603 0.0400011
0.414049 0.0378864
0.437156 0.0390779
0.424723 0.0385907
0.446232 0.0396743
0.478115 0.0414376
0.452981 0.040554
0.399596 0.0384872
0.427306 0.0403794
0.412203 0.0396657
0.37572 0.0377632
0.449435 0.0413751
0.426437 0.0402961
0.442137 0.0410528
0.413521 0.0396092
0.373931 0.0375825
0.367367 0.037302
0.453269 0.041379
0.412785 0.0395394
0.34873 0.0363588
0.375167 0.0377077
0.482165 0.0427865
0.394 0.038636
0.392578 0.0384967
0.400647 0.0389153
0.438709 0.0407343
0.405036 0.0391574
0.40187 0.0390344
0.313163 0.034375
0.380444 0.0378568
0.332913 0.0352897
0.352006 0.0363076
0.385435 0.0379791
0.359605 0.036703
0.337506 0.0355775
0.345622 0.0360353
0.393893 0.0384413
0.344884 0.0358467
0.334206 0.0352581
0.365214 0.0368934
0.369151 0.0371022
0.36757 0.0371312
0.336267 0.0354467
0.26895 0.0316969
0.362036 0.0367059
0.415415 0.0392542
0.376162 0.0374308
0.397355 0.0384148
0.423188 0.0396365
0.274167 0.0318723
0.312392 0.0340861
0.362721 0.0366356
0.322627 0.0345907
0.355583 0.0362926
0.383601 0.0376224
0.337221 0.0353514
0.403159 0.0386169
0.397613 0.03844
0.352514 0.0361685
0.316676 0.0343494
0.277794 0.0320788
0.330331 0.0350163
0.352533 0.0363634
0.362395 0.0369879
0.390753 0.0385033
0.30764 0.0341832
0.322847 0.0352009
0.360085 0.0373404
0.299553 0.0341381
0.394665 0.0394687
0.339122 0.0367841
0.323051 0.0361193
0.365241 0.0387176
0.399745 0.0408002
0.398913 0.0409295
0.349303 0.0385756
# Group 6
0.209217 0.0220541
0.202777 0.0217406
0.232549 0.0232556
0.244625 0.0238737
0.207589 0.0220051
0.196355 0.0214252
0.225542 0.0229012
0.217565 0.0225613
0.253977 0.0243273
0.173225 0.0201375
0.267457 0.0249931
0.20821 0.0220709
0.222373 0.0228157
0.29438 0.0262262
0.224395 0.02293
0.282194 0.0257613
0.267617 0.0250654
0.283938 0.0258133
0.22546 0.0230173
0.241537 0.0238001
0.275836 0.0255018
0.29652 0.0264168
0.286694 0.0259568
0.267057 0.0251235
0.244835 0.0240087
0.256191 0.0245396
0.289027 0.0260625
0.308478 0.0269526
0.283042 0.0258389
0.300544 0.026566
0.257109 0.0246271
0.26935 0.0252276
0.342751 0.0284648
0.313521 0.0272893
0.303383 0.0268163
0.274384 0.0254766
0.332012 0.0279615
0.326354 0.0277821
0.278819 0.0256682
0.287903 0.0260662
0.338329 0.0282935
0.330309 0.0279171
0.322273 0.0275346
0.364542 0.0293765
0.317815 0.0273542
0.296785 0.0264404
0.352839 0.0288101
0.350449 0.0287109
0.352363 0.0287711
0.344478 0.028413
0.343656 0.028442
0.315385 0.027246
0.371638 0.0295668
0.323341 0.0275254
0.33814 0.0281794
0.327696 0.0277966
0.362731 0.0292306
0.378621 0.0298404
0.330333 0.0277222
0.360885 0.029082
0.404707 0.0308597
0.392822 0.0303989
0.43603 0.0320586
0.411402 0.0311002
0.431466 0.0318093
0.371073 0.0295218
0.445802 0.0323429
0.409941 0.0309896
0.414007 0.031208
0.366652 0.0294511
0.42243 0.0315749
0.437523 0.0320818
0.448909 0.0324833
0.388358 0.0301437
0.448242 0.0324351
0.456376 0.032767
0.399299 0.0306257
0.509031 0.0345566
0.431845 0.0318373
0.434794 0.0319677
0.431562 0.0319031
0.425455 0.0316253
0.486692 0.0337472
0.443813 0.0321987
0.437505 0.0320811
0.455894 0.0327324
0.527768 0.0352643
0.481572 0.033636
0.49725 0.0342338
0.479616 0.0334999
0.503179 0.03445
0.513997 0.0349606
0.552965 0.0364509
0.499326 0.0346108
0.549183 0.0363064
0.570289 0.0370458
0.56688 0.0370801
0.536584 0.0360243
0.554329 0.0367757
0.56338 0.0371496
0.605267 0.0385138
0.570485 0.0373615
0.656238 0.0401095
0.665066 0.0404785
0.669304 0.0405771
0.72972 0.0423515
0.715322 0.042007
0.696017 0.0414631
0.727696 0.0423364
0.725591 0.0423219
0.771235 0.0437349
0.873639 0.0465679
0.775098 0.043977
0.885268 0.0469875
0.900341 0.0474545
0.956392 0.0489839
0.948504 0.0487944
1.04187 0.0511171
1.05806 0.0515698
1.07231 0.0518795
1.18063 0.0545706
1.12615 0.0533306
1.28365 0.0569004
1.30583 0.0575438
1.56245 0.0629605
1.52906 0.062208
1.68543 0.0656104
1.85093 0.0686324
1.85843 0.0687512
1.98374 0.0710362
2.20626 0.0749106
2.38859 0.0779887
2.63321 0.081978
3.04955 0.0882446
3.35793 0.0928064
3.94868 0.100672
4.27285 0.104596
5.13756 0.115032
6.22847 0.126642
7.59207 0.139879
9.9398 0.160318
13.2625 0.184559
18.6798 0.219291
27.835 0.268302
40.4748 0.3238
63.1387 0.405195
98.9131 0.50753
161.029 0.650256
255.672 0.822819
365.019 0.985474
397.603 1.02882
275.155 0.854532
111.683 0.541352
29.5637 0.277947
10.4284 0.164916
6.91128 0.134114
5.64143 0.121722
5.01535 0.114525
4.62214 0.109875
3.93707 0.101603
3.33394 0.0933863
2.87501 0.0869239
2.57185 0.0822048
2.34836 0.0785044
2.15252 0.0753139
2.08685 0.0742371
1.90996 0.0711367
1.89087 0.070722
1.66733 0.0663904
1.60752 0.0651949
1.60147 0.0651672
1.42709 0.0614165
1.35173 0.0598658
1.32739 0.0594257
1.09319 0.0538605
1.19194 0.0563172
1.06713 0.0533004
1.0612 0.0532446
1.03747 0.0526726
0.958525 0.0505917
1.03374 0.0525668
0.923981 0.0496769
0.838512 0.0472471
0.774135 0.0454608
0.814422 0.0466402
0.902365 0.0492301
0.734828 0.0444756
0.663307 0.0422929
0.775767 0.045715
0.779059 0.0458568
0.700405 0.0434391
0.644798 0.0417105
0.650276 0.0418899
0.579781 0.0395424
0.582531 0.0397299
0.635371 0.0414484
0.631652 0.0412938
0.63883 0.0414983
0.566904 0.0390288
0.532747 0.0380555
0.530883 0.0378255
0.56711 0.0392293
0.569768 0.0391336
0.529435 0.0378181
0.560033 0.0389266
0.527213 0.037853
0.487789 0.036359
0.474957 0.0358023
0.504533 0.0368964
0.556794 0.0387012
0.517329 0.0373353
0.490065 0.0364273
0.481352 0.0359632
0.462222 0.0351507
0.48513 0.0358632
0.487795 0.0359292
0.38148 0.0316558
0.467819 0.0349597
0.511889 0.0364735
0.432168 0.0334434
0.447688 0.0339752
0.427317 0.03301
0.433751 0.0330403
0.401397 0.0317413
0.509717 0.0357131
0.410296 0.0319528
0.414914 0.031985
0.383369 0.0305363
0.44433 0.0326508
0.400999 0.0309127
0.426394 0.0315768
0.416043 0.0310261
0.345684 0.0283214
0.391166 0.0300908
0.372356 0.0292566
0.417842 0.031059
0.424392 0.031288
0.40028 0.0304338
0.37116 0.0292523
0.388373 0.0298758
0.346421 0.0282863
0.397964 0.0302576
0.334099 0.0277466
0.419793 0.0311184
0.422611 0.031242
0.388813 0.0299985
0.400016 0.0304136
0.389949 0.0299971
0.390649 0.0300508
0.388644 0.0299855
0.333451 0.0277884
0.417357 0.0311091
0.337124 0.0279013
0.359885 0.0288147
0.327906 0.0274216
0.386544 0.0298234
0.340272 0.027971
0.368172 0.0291073
0.334244 0.0277584
0.355829 0.0286748
0.308813 0.0266782
0.429559 0.0314135
0.349051 0.0283133
0.342815 0.0280855
0.361308 0.0288364
0.40745 0.0307136
0.311453 0.0268063
0.3943 0.0301538
0.324582 0.0273355
0.332804 0.0276387
0.292641 0.0259686
0.331462 0.0276226
0.322438 0.0272519
0.324086 0.0272939
0.331572 0.0276323
0.302918 0.0263668
0.306451 0.0265739
0.335895 0.0277996
0.342591 0.028067
0.363378 0.0289238
0.370472 0.0292464
0.373738 0.0296301
0.341638 0.0283726
0.300823 0.0267083
0.355675 0.0290426
0.327209 0.0279462
0.358184 0.0294514
0.30161 0.0271457
0.343199 0.0291107
0.366853 0.0301482
0.326777 0.0286614
0.330531 0.0289905
0.363689 0.0305195
0.380717 0.0314809
0.364747 0.0309963
0.329839 0.0297322
0.289139 0.0280853
0.335975 0.0305371
0.344657 0.031078
0.365146 0.0322781
# Group 7
0.203619 0.0193271
0.254816 0.0216175
0.231895 0.0206595
0.24068 0.0210547
0.246763 0.0213978
0.232595 0.0208049
0.225237 0.0203935
0.234571 0.020898
0.209953 0.0197513
0.250479 0.0216343
0.270393 0.0224055
0.242463 0.021266
0.259819 0.0220383
0.2076 0.019705
0.248813 0.0215983
0.292837 0.0234341
0.276968 0.0227674
0.291684 0.0233937
0.268064 0.0224681
0.256626 0.0219256
0.273472 0.0226797
0.265211 0.0223353
0.281509 0.0229888
0.281572 0.0230608
0.302519 0.0238425
0.305701 0.0239493
0.295904 0.0236173
0.256386 0.0219855
0.351833 0.0257293
0.320822 0.0245056
0.33612 0.0251399
0.285524 0.0232362
0.357799 0.0260268
0.318325 0.0246315
0.363589 0.0263092
0.315082 0.0244558
0.317627 0.0244887
0.333245 0.0251918
0.318546 0.0246507
0.2951 0.0237035
0.346277 0.0257394
0.332143 0.0251804
0.353967 0.025955
0.319583 0.0247311
0.362893 0.0263037
0.31979 0.024745
0.33663 0.0253752
0.396004 0.0275252
0.308868 0.0242508
0.338175 0.0254196
0.32831 0.0251072
0.299481 0.0239784
0.290495 0.0236407
0.328591 0.0251193
0.359887 0.0263185
0.344232 0.0258029
0.405507 0.0279835
0.365663 0.0265445
0.394224 0.0274682
0.388306 0.02739
0.397471 0.0277615
0.40131 0.0278943
0.424206 0.0287317
0.44885 0.0295332
0.428162 0.0288023
0.413541 0.0283362
0.372652 0.0268947
0.377875 0.0270934
0.412117 0.0283722
0.420669 0.0287573
0.405929 0.0282149
0.43968 0.0293129
0.458095 0.0299204
0.464419 0.0301051
0.444646 0.0295134
0.42074 0.0287621
0.455453 0.0299028
0.44731 0.0296249
0.501521 0.0314076
0.452916 0.0298653
0.456277 0.0300218
0.456923 0.0300008
0.473759 0.0305185
0.515298 0.0318362
0.503552 0.0315973
0.550588 0.0330233
0.534066 0.0325637
0.491071 0.0311843
0.566668 0.0335681
0.489769 0.0310851
0.502487 0.0314833
0.52558 0.0321069
0.483157 0.030796
0.55868 0.0329693
0.548078 0.0325899
0.601631 0.0341106
0.599365 0.0341107
0.53616 0.0321249
0.614201 0.0344456
0.572047 0.0332503
0.670889 0.0359225
0.610863 0.0342509
0.664752 0.0356979
0.724333 0.0372938
0.723591 0.0371803
0.65956 0.0354205
0.738027 0.0374733
0.714753 0.0368888
0.778072 0.0383846
0.814217 0.0392541
0.786516 0.0386102
0.794954 0.038786
0.796031 0.0388529
0.913727 0.0415828
0.957052 0.0426367
1.00305 0.0437552
0.989592 0.043496
1.08031 0.0454156
1.19647 0.0478456
1.19439 0.0477993
1.24413 0.0489114
1.29435 0.0499106
1.3974 0.0517943
1.54083 0.0544965
1.62248 0.0559371
1.6828 0.0568423
1.80005 0.0591083
1.88635 0.0603951
2.2327 0.0656455
2.31835 0.0668488
2.45326 0.0687524
2.67109 0.0717058
2.78427 0.0732669
3.12021 0.07768
3.54489 0.0828846
4.08375 0.0889313
4.79389 0.0962863
5.6849 0.104999
6.80788 0.114821
8.58643 0.129106
10.8999 0.145602
14.4293 0.166837
20.1808 0.197723
29.0487 0.237468
42.9202 0.288465
66.1623 0.358929
102.67 0.447462
165.887 0.570628
264.414 0.723171
367.651 0.854976
389.839 0.879278
266.33 0.72488
107.45 0.457917
30.843 0.24508
11.1451 0.147086
7.38537 0.119586
5.9317 0.107651
5.44701 0.102917
5.03647 0.0987718
4.61668 0.0947288
4.08429 0.0889527
3.34577 0.080692
2.85801 0.0745763
2.56504 0.0706072
2.45641 0.0691807
2.25065 0.0662152
2.10037 0.0640658
2.02875 0.062946
1.84764 0.0599835
1.71082 0.057684
1.66733 0.0570654
1.57761 0.0554351
1.46518 0.0534496
1.32052 0.0507547
1.33794 0.0509825
1.25595 0.0495191
1.19437 0.0482993
1.19142 0.0482825
1.156 0.0475539
1.05437 0.0453789
1.01678 0.0446137
0.936264 0.0426928
0.879141 0.0413077
0.912991 0.0421601
0.89925 0.0418487
0.826364 0.0402219
0.781729 0.0391369
0.77106 0.0388968
0.824863 0.0402035
0.76239 0.0386166
0.717089 0.0374129
0.71028 0.0372817
0.706095 0.0371649
0.613951 0.0345936
0.679188 0.0364101
0.724536 0.0375745
0.633539 0.0351436
0.648549 0.0355418
0.564816 0.0331113
0.567136 0.0333628
0.560578 0.033034
0.611257 0.0346312
0.576236 0.0334946
0.567402 0.0333202
0.63832 0.0353547
0.57701 0.0337105
0.571362 0.0334951
0.53332 0.0323008
0.485969 0.0308601
0.592063 0.0340144
0.506868 0.0314964
0.535776 0.0324872
0.506326 0.0315247
0.489613 0.0310291
0.532952 0.0323161
0.463488 0.0302357
0.477921 0.0306597
0.475507 0.0305678
0.437599 0.0293049
0.464319 0.0302258
0.459158 0.0301463
0.451624 0.0298452
0.534017 0.0323219
0.513203 0.0317678
0.453136 0.0298799
0.455397 0.0299849
0.462441 0.0302317
0.432953 0.0291905
0.432166 0.0291375
0.500621 0.0314748
0.448412 0.0297629
0.412704 0.0285581
0.426773 0.029101
0.426197 0.0290675
0.42208 0.0288543
0.423442 0.0289467
0.409511 0.0284641
0.335187 0.0257844
0.389385 0.0277688
0.417779 0.0288354
0.413001 0.0287694
0.407151 0.0285773
0.380515 0.0276795
0.387834 0.0279905
0.475239 0.0310055
0.413831 0.0290461
0.40003 0.0285743
0.40611 0.0287893
0.378133 0.0278049
0.373595 0.0276934
0.427508 0.0296432
0.400032 0.0287216
0.383007 0.0280841
0.399021 0.0286632
0.369478 0.02754
0.370651 0.0276279
0.371179 0.0276667
0.361632 0.0273375
0.403308 0.0288851
0.356535 0.0272661
0.383314 0.0282593
0.410711 0.0291898
0.379513 0.0280772
0.381216 0.0281813
0.393931 0.0286552
0.34674 0.0269943
0.386577 0.0284996
0.395033 0.0288115
0.356838 0.027369
0.348122 0.0270142
0.427896 0.0300334
0.418666 0.0296793
0.384519 0.0284528
0.333277 0.0264866
0.327979 0.0263449
0.341947 0.0268682
0.418549 0.0297896
0.399033 0.0291033
0.385883 0.0286044
0.413479 0.0295941
0.337467 0.0266609
0.353845 0.0273827
0.372966 0.0280339
0.435114 0.0302722
0.330377 0.0262838
0.40358 0.0290845
0.362111 0.0276551
0.405416 0.029341
0.363065 0.0278562
0.379134 0.0284986
0.411161 0.02983
0.329356 0.0268026
0.323941 0.0266286
0.358116 0.0282189
0.364169 0.0285669
0.410701 0.0305325
0.411461 0.0308422
0.360704 0.0290675
0.451828 0.0326945
0.34146 0.0286287
# Group 8
0.254707 0.0218418
0.257091 0.0219341
0.22719 0.0205696
0.303787 0.023736
0.254141 0.0217136
0.227259 0.0204924
0.251494 0.0214807
0.287101 0.0229876
0.293142 0.0231759
0.277171 0.022557
0.308654 0.0237401
0.220592 0.0200546
0.291653 0.0230582
0.312611 0.0238372
0.288437 0.0229479
0.26184 0.021822
0.286745 0.0228105
0.276346 0.0223495
0.304488 0.0234927
0.320606 0.0240314
0.266776 0.021934
0.297573 0.0231669
0.300819 0.0232608
0.344146 0.0249034
0.289895 0.0227772
0.342094 0.0247284
0.332023 0.0243472
0.310861 0.0235672
0.312543 0.023627
0.317021 0.0237026
0.333951 0.0243539
0.323974 0.0240154
0.368347 0.025603
0.385718 0.026246
0.390378 0.0263805
0.357365 0.025207
0.36823 0.0254917
0.373957 0.0257456
0.332712 0.0242667
0.356883 0.0251112
0.403409 0.0267178
0.356072 0.0250543
0.411321 0.0268903
0.413856 0.0270521
0.398377 0.0264191
0.420578 0.0271496
0.416478 0.0269975
0.348295 0.0246912
0.419955 0.0270372
0.441946 0.0277316
0.402081 0.0265136
0.468041 0.0285918
0.407747 0.0266565
0.422674 0.027061
0.404708 0.0265148
0.466076 0.0285258
0.431995 0.0274331
0.419432 0.0269786
0.421283 0.0269141
0.468126 0.0284383
0.438154 0.0275479
0.41756 0.0268991
0.438695 0.0275819
0.46492 0.0283483
0.486008 0.028943
0.40573 0.0264681
0.487734 0.0289931
0.409602 0.0265026
0.43549 0.0273804
0.477823 0.0287631
0.464816 0.0283419
0.557797 0.0309905
0.514153 0.0297076
0.543742 0.0304924
0.475954 0.0285476
0.514836 0.0297257
0.563385 0.0310621
0.591388 0.0317952
0.5773 0.0314031
0.526742 0.0300156
0.550803 0.0307446
0.55724 0.0308584
0.608505 0.0321626
0.569264 0.0310577
0.59543 0.0318753
0.599681 0.0319652
0.599442 0.0319978
0.611415 0.0322716
0.671317 0.0338663
0.656385 0.0333259
0.678545 0.033972
0.614724 0.0323112
0.730635 0.0353191
0.687736 0.0341761
0.66345 0.0335543
0.705129 0.0344919
0.64853 0.0331845
0.678342 0.0338352
0.69914 0.0344468
0.690279 0.0342603
0.800623 0.0368192
0.695607 0.0342731
0.761296 0.0358507
0.830797 0.0374965
0.823918 0.0373001
0.861652 0.0380832
0.769984 0.0359998
0.933045 0.039645
0.982618 0.0405608
0.962794 0.0401554
1.04776 0.0419481
1.05038 0.0419857
1.02236 0.0414989
1.10087 0.042959
1.09095 0.0427461
1.23441 0.0454461
1.24106 0.045505
1.28564 0.0462178
1.33285 0.0470218
1.38521 0.0478852
1.37961 0.0477495
1.45003 0.0489319
1.69534 0.0528051
1.60457 0.0514294
1.8077 0.0545838
1.96494 0.0567631
2.09325 0.0587511
2.11068 0.0588356
2.36175 0.0621209
2.49724 0.0638293
2.62651 0.0653766
2.84572 0.0680421
3.17581 0.0718679
3.52287 0.0756138
3.97987 0.0804828
4.41139 0.084609
5.23719 0.0920763
6.09575 0.0995397
7.61811 0.111105
9.71593 0.125478
12.3687 0.141587
16.6464 0.163525
21.8841 0.187659
30.8421 0.223271
44.1492 0.267177
67.4606 0.330918
106.27 0.4162
170.07 0.529337
264.378 0.664833
363.196 0.783586
375.33 0.796231
261.833 0.660255
113.967 0.430232
34.3967 0.234931
12.5044 0.141088
7.98815 0.112551
6.63224 0.102956
6.10929 0.0984859
5.75756 0.0954638
5.45759 0.0931086
4.85168 0.0876494
4.02983 0.0798945
3.4982 0.0743347
2.97822 0.0685414
2.7729 0.066244
2.62076 0.0643777
2.38348 0.0614315
2.32281 0.0606182
2.15023 0.0582692
1.8743 0.0542984
1.96094 0.0555428
1.68949 0.0514651
1.72116 0.0519979
1.57278 0.049743
1.52888 0.0489406
1.36592 0.0462893
1.42288 0.0472263
1.33277 0.0457197
1.25128 0.0442999
1.27057 0.0445815
1.16452 0.0426982
1.17761 0.042835
1.21492 0.0434229
1.09897 0.041365
1.08242 0.0410061
1.05801 0.0405774
1.07304 0.0408838
1.02815 0.0400555
1.00487 0.0395711
0.960833 0.0387056
0.995354 0.0392896
0.881552 0.0369926
0.925199 0.0379017
0.896403 0.0372566
0.843449 0.0361991
0.847414 0.0362153
0.843268 0.0360915
0.867377 0.0365915
0.777983 0.0345883
0.815487 0.0355944
0.76147 0.0342619
0.802355 0.0352605
0.768878 0.0343542
0.825246 0.0356815
0.733446 0.0336557
0.683034 0.0325648
0.682136 0.0324852
0.713232 0.0331169
0.613533 0.0307172
0.708224 0.032952
0.631341 0.031144
0.676991 0.0323501
0.651044 0.031651
0.694817 0.032684
0.665911 0.0319305
0.613308 0.0307446
0.590194 0.0301202
0.718338 0.0332077
0.677222 0.0322147
0.691077 0.0325443
0.692195 0.032633
0.553611 0.0291393
0.612786 0.0305276
0.635852 0.0311777
0.643368 0.0313947
0.669167 0.0320198
0.616222 0.0306983
0.600135 0.0302364
0.614105 0.0305549
0.5882 0.0300185
0.710826 0.0329663
0.6082 0.0304957
0.62373 0.030883
0.568359 0.0294701
0.56172 0.0292049
0.670544 0.0319692
0.624465 0.0308426
0.548144 0.0289313
0.567182 0.0292992
0.564932 0.0291578
0.593462 0.0299226
0.515309 0.0278259
0.560118 0.029004
0.606827 0.030193
0.550479 0.0287604
0.534609 0.0283359
0.63245 0.0307893
0.516761 0.027783
0.558077 0.0288864
0.566758 0.0291143
0.596919 0.0298853
0.587723 0.0296488
0.533775 0.0281733
0.551239 0.0285946
0.549721 0.0284653
0.558893 0.0287454
0.549027 0.0284674
0.538956 0.028212
0.567224 0.0289387
0.53831 0.0282173
0.576297 0.0291466
0.540652 0.0281801
0.546358 0.0282966
0.560747 0.0286923
0.511107 0.0273983
0.563666 0.0288415
0.555893 0.028563
0.538351 0.0281371
0.498426 0.0270719
0.526507 0.0277888
0.50065 0.0271787
0.492147 0.0269309
0.529052 0.0279295
0.566575 0.028853
0.509879 0.0274134
0.519049 0.0276244
0.456819 0.0259504
0.537891 0.0281563
0.48989 0.0268669
0.504678 0.0273316
0.493974 0.0269904
0.480399 0.0266904
0.460376 0.0261072
0.494979 0.0271254
0.508748 0.0274325
0.447125 0.0257734
0.489649 0.0271214
0.472273 0.0267211
0.494608 0.0274135
0.478394 0.026956
0.511896 0.0280536
0.525646 0.0285933
0.467158 0.0270179
0.500939 0.0281823
0.497125 0.0282365
0.575371 0.0305691
0.49811 0.0286655
0.557018 0.0305264
0.553173 0.0305461
0.492817 0.0290918
