# Number of Energy transfer values
300
# Number of q values
9
# Energy transfer (micro eV) values
-119.6
-118.8
-118
-117.2
-116.4
-115.6
-114.8
-114
-113.2
-112.4
-111.6
-110.8
-110
-109.2
-108.4
-107.6
-106.8
-106
-105.2
-104.4
-103.6
-102.8
-102
-101.2
-100.4
-99.6
-98.8
-98
-97.2
-96.4
-95.6
-94.8
-94
-93.2
-92.4
-91.6
-90.8
-90
-89.2
-88.4
-87.6
-86.8
-86
-85.2
-84.4
-83.6
-82.8
-82
-81.2
-80.4
-79.6
-78.8
-78
-77.2
-76.4
-75.6
-74.8
-74
-73.2
-72.4
-71.6
-70.8
-70
-69.2
-68.4
-67.6
-66.8
-66
-65.2
-64.4
-63.6
-62.8
-62
-61.2
-60.4
-59.6
-58.8
-58
-57.2
-56.4
-55.6
-54.8
-54
-53.2
-52.4
-51.6
-50.8
-50
-49.2
-48.4
-47.6
-46.8
-46
-45.2
-44.4
-43.6
-42.8
-42
-41.2
-40.4
-39.6
-38.8
-38
-37.2
-36.4
-35.6
-34.8
-34
-33.2
-32.4
-31.6
-30.8
-30
-29.2
-28.4
-27.6
-26.8
-26
-25.2
-24.4
-23.6
-22.8
-22
-21.2
-20.4
-19.6
-18.8
-18
-17.2
-16.4
-15.6
-14.8
-14
-13.2
-12.4
-11.6
-10.8
-10
-9.2
-8.4
-7.6
-6.8
-6
-5.2
-4.4
-3.6
-2.8
-2
-1.2
-0.4
0.4
1.2
2
2.8
3.6
4.4
5.2
6
6.8
7.6
8.4
9.2
10
10.8
11.6
12.4
13.2
14
14.8
15.6
16.4
17.2
18
18.8
19.6
20.4
21.2
22
22.8
23.6
24.4
25.2
26
26.8
27.6
28.4
29.2
30
30.8
31.6
32.4
33.2
34
34.8
35.6
36.4
37.2
38
38.8
39.6
40.4
41.2
42
42.8
43.6
44.4
45.2
46
46.8
47.6
48.4
49.2
50
50.8
51.6
52.4
53.2
54
54.8
55.6
56.4
57.2
58
58.8
59.6
60.4
61.2
62
62.8
63.6
64.4
65.2
66
66.8
67.6
68.4
69.2
70
70.8
71.6
72.4
73.2
74
74.8
75.6
76.4
77.2
78
78.8
79.6
80.4
81.2
82
82.8
83.6
84.4
85.2
86
86.8
87.6
88.4
89.2
90
90.8
91.6
92.4
93.2
94
94.8
95.6
96.4
97.2
98
98.8
99.6
100.4
101.2
102
102.8
103.6
104.4
105.2
106
106.8
107.6
108.4
109.2
110
110.8
111.6
112.4
113.2
114
114.8
115.6
116.4
117.2
118
118.8
119.6
# q (1/Angstrom) values
0.3
0.5
0.7
0.9
1.1
1.3
1.5
1.7
1.9
# Group 0
0.144533 0.030815
0.172643 0.0336858
0.138535 0.0301063
0.0983535 0.0253955
0.243014 0.0399522
0.229405 0.0387774
0.169941 0.033329
0.157537 0.0321581
0.196935 0.0359563
0.157381 0.0321259
0.210409 0.0371962
0.190984 0.0354664
0.228257 0.0385831
0.231576 0.0391453
0.230104 0.0388958
0.26901 0.0420142
0.184644 0.0348963
0.171373 0.0336098
0.243248 0.039991
0.242557 0.0398772
0.281641 0.0429509
0.275905 0.0425745
0.223246 0.0382873
0.300081 0.0442458
0.249986 0.0405548
0.196644 0.0359029
0.216575 0.037702
0.221792 0.0380379
0.241657 0.039729
0.282163 0.0430306
0.2377 0.0396175
0.234306 0.0390523
0.196361 0.0358512
0.307413 0.0448425
0.227763 0.0385006
0.24279 0.0399155
0.268659 0.0419586
0.293743 0.0437899
0.286919 0.0432561
0.261969 0.0414228
0.280672 0.0428036
0.30793 0.0449182
0.241597 0.0397196
0.233416 0.0389039
0.338461 0.0469373
0.241623 0.0397234
0.279999 0.0427017
0.275028 0.0424392
0.371 0.0491414
0.326531 0.0461798
0.241613 0.0397218
0.273493 0.0422027
0.332231 0.046523
0.293313 0.0437255
0.241126 0.0396418
0.32741 0.0463038
0.352645 0.0480155
0.380526 0.0499671
0.366773 0.0490136
0.326387 0.0462405
0.296529 0.0442059
0.301455 0.0444481
0.301053 0.0443892
0.22299 0.0382432
0.350279 0.047907
0.27558 0.042524
0.28872 0.0435273
0.346556 0.0476043
0.372589 0.0493522
0.433401 0.0533499
0.375831 0.0497815
0.412618 0.0519869
0.294814 0.0439493
0.275709 0.0425437
0.359844 0.0485229
0.418961 0.0523727
0.353895 0.0481603
0.438904 0.053622
0.30156 0.0444908
0.331635 0.0465225
0.381315 0.0500704
0.376035 0.0495411
0.480884 0.0562857
0.401668 0.05143
0.342435 0.0474884
0.310314 0.0452655
0.390513 0.0506692
0.342174 0.0474522
0.382788 0.0502639
0.404298 0.0517665
0.408095 0.0518295
0.467564 0.0555334
0.409269 0.0519792
0.406833 0.0517826
0.335484 0.0470663
0.589736 0.0625137
0.425162 0.0531466
0.400324 0.0514326
0.47788 0.0561286
0.582824 0.061858
0.59631 0.0626669
0.499747 0.0577078
0.553983 0.0608028
0.539994 0.0600016
0.591335 0.0626839
0.588947 0.0624306
0.537578 0.059733
0.659275 0.0662616
0.61346 0.0639601
0.643884 0.065379
0.590174 0.0625606
0.760493 0.0709187
0.598922 0.063134
0.744201 0.0703232
0.875181 0.0761784
0.913315 0.0780335
0.819593 0.0739031
0.896326 0.0771465
0.815563 0.0738407
0.936007 0.0788296
1.05289 0.0837693
1.19421 0.0890165
1.15263 0.0873852
1.1607 0.0877444
1.4216 0.0971839
1.5509 0.101392
1.38835 0.0958102
1.69313 0.105826
1.89577 0.112107
2.01313 0.115851
2.10669 0.118364
2.42841 0.127294
2.59393 0.131026
3.11191 0.144015
3.29309 0.148257
3.99971 0.162935
4.69569 0.176624
5.63984 0.193934
7.31441 0.220684
9.5524 0.25267
13.2027 0.296512
18.0572 0.347352
26.3528 0.420176
40.7797 0.521963
62.832 0.647629
101.664 0.825894
164.675 1.0534
272.708 1.35864
429.304 1.711
573.741 1.9808
550.639 1.94247
328.437 1.4955
113.527 0.875288
23.5994 0.398081
5.75231 0.196431
3.74816 0.158813
3.07432 0.143702
2.89313 0.13953
2.43012 0.127823
2.52046 0.130142
2.0915 0.118795
1.85242 0.112052
1.80394 0.110613
1.76902 0.109716
1.67795 0.106772
1.43526 0.0983471
1.55987 0.102861
1.41698 0.0977867
1.35688 0.0957118
1.20064 0.0899984
1.24907 0.0918383
1.09708 0.0861986
1.06154 0.084724
0.980926 0.0814667
0.928485 0.0793294
0.829651 0.0748107
0.900741 0.0778157
0.770518 0.0721682
0.792519 0.073271
0.769894 0.0721098
0.60089 0.0636961
0.865614 0.076513
0.731494 0.0703902
0.749047 0.0710993
0.667846 0.0671237
0.70294 0.0689322
0.520126 0.0592757
0.621739 0.0648226
0.560425 0.0615164
0.554394 0.0612243
0.481775 0.057178
0.505478 0.0583694
0.517113 0.0589326
0.574489 0.0623142
0.553959 0.0611771
0.648921 0.0662337
0.465365 0.0560252
0.430273 0.0537912
0.364015 0.0495374
0.479797 0.0569434
0.482201 0.0572286
0.439246 0.054483
0.405494 0.0523503
0.461951 0.0560228
0.552505 0.0613914
0.457858 0.0557573
0.48184 0.0570653
0.449158 0.0552893
0.420267 0.0533729
0.434569 0.0543234
0.483274 0.0573563
0.461414 0.0559564
0.455001 0.0555886
0.43419 0.0542763
0.419466 0.0532736
0.346605 0.0485355
0.387826 0.0513702
0.36 0.0494509
0.319269 0.0465888
0.351591 0.0487588
0.383898 0.0509068
0.347042 0.0485973
0.433596 0.0542008
0.300343 0.0452802
0.363519 0.0496976
0.436807 0.0546024
0.390738 0.051549
0.329338 0.0475075
0.472027 0.0568272
0.301767 0.045494
0.374153 0.0504525
0.396402 0.0520514
0.409603 0.0528809
0.408181 0.0526974
0.384804 0.0514234
0.438112 0.0547655
0.368259 0.050115
0.33477 0.0478255
0.320819 0.0467973
0.390218 0.0516886
0.272838 0.0431405
0.245563 0.0409282
0.286505 0.0442195
0.286702 0.0442404
0.335951 0.0479942
0.295367 0.0446938
0.316153 0.0466159
0.319604 0.0467608
0.265457 0.0427605
0.306099 0.045932
0.334256 0.0479833
0.255545 0.0420131
0.297381 0.0453524
0.326194 0.0475816
0.215991 0.0387944
0.298232 0.0454812
0.291447 0.0449722
0.332314 0.0479665
0.276459 0.0437131
0.361011 0.0500644
0.299496 0.0456737
0.32566 0.0475041
0.282958 0.0441925
0.283711 0.0443095
0.285532 0.0445935
0.264621 0.0429282
0.424401 0.0543406
0.387769 0.0518199
0.19414 0.0366897
0.33202 0.047924
0.302867 0.0456599
0.325447 0.0474731
0.263613 0.0427653
0.27037 0.0432949
0.361371 0.0501142
0.318796 0.0470047
0.29674 0.0452534
0.303433 0.0457454
0.302646 0.0456266
0.287808 0.0444432
0.309883 0.0462327
0.283037 0.0442751
0.299978 0.0457479
0.314391 0.0468677
0.260138 0.0427672
0.325636 0.0477852
0.290971 0.0454433
0.321972 0.0479983
0.237492 0.0413431
0.338973 0.0494464
0.262649 0.0437758
0.256813 0.043411
0.37953 0.0531468
0.325305 0.0496103
0.25888 0.0443986
0.331446 0.050548
0.312424 0.0493999
0.373763 0.0545226
0.361544 0.0540399
0.296131 0.0493563
# Group 1
0.165161 0.022476
0.220336 0.0259716
0.249954 0.0276049
0.22499 0.0261557
0.286424 0.0295432
0.173572 0.0229909
0.197158 0.0244551
0.185759 0.0237849
0.216215 0.0256607
0.218937 0.0258026
0.225757 0.0262444
0.231965 0.0266095
0.218357 0.0257343
0.260998 0.0283108
0.252902 0.0277783
0.210654 0.025361
0.214189 0.0256077
0.232456 0.0266804
0.212452 0.0254984
0.278628 0.029209
0.260721 0.0281402
0.22203 0.0260826
0.270375 0.0287745
0.281373 0.0293362
0.23381 0.0268213
0.242316 0.0272635
0.251937 0.0278227
0.220169 0.0259478
0.250783 0.0276951
0.251708 0.0277974
0.272018 0.028998
0.250219 0.0276333
0.291183 0.0298756
0.284861 0.0295398
0.22567 0.0262347
0.282538 0.0294575
0.248304 0.0275901
0.315221 0.0310607
0.313813 0.0309223
0.288647 0.0297729
0.311707 0.0308649
0.290837 0.0298406
0.294157 0.0300235
0.313017 0.0308438
0.338205 0.032102
0.336194 0.0320557
0.313714 0.0309131
0.30691 0.0306922
0.350439 0.0326796
0.357937 0.0330924
0.30241 0.0303943
0.335413 0.0319817
0.304852 0.0304863
0.350727 0.0327065
0.274281 0.0289124
0.379232 0.034057
0.336893 0.0320638
0.330828 0.0318351
0.35389 0.032859
0.310748 0.0308211
0.315685 0.031107
0.356922 0.0329986
0.370805 0.0335724
0.359422 0.0330884
0.441674 0.0366892
0.386641 0.0343101
0.361673 0.0331556
0.41124 0.0352714
0.336624 0.0319519
0.366619 0.0333582
0.390925 0.0345544
0.414187 0.0354472
0.33136 0.0317394
0.448857 0.036952
0.425458 0.0359592
0.413969 0.0354872
0.377065 0.0338626
0.431184 0.0361854
0.415866 0.0356056
0.379302 0.0339205
0.419662 0.0357252
0.482762 0.0382417
0.425477 0.0359626
0.458099 0.0372872
0.459173 0.0373683
0.446444 0.0368489
0.426778 0.0359896
0.446179 0.0368015
0.49523 0.0387909
0.457503 0.0373563
0.420762 0.0356899
0.542762 0.0405891
0.518047 0.0396178
0.474335 0.0379534
0.396254 0.0346693
0.479035 0.0381239
0.538889 0.0405069
0.525822 0.0399136
0.506996 0.0391137
0.514446 0.0392891
0.537649 0.0402388
0.459961 0.0374318
0.597743 0.0426978
0.63985 0.0441562
0.601541 0.0427518
0.644935 0.0441923
0.621419 0.0434039
0.663222 0.044921
0.692032 0.0459343
0.727879 0.0469868
0.641619 0.0440691
0.770491 0.0482524
0.662124 0.0448468
0.765639 0.0482332
0.848101 0.0506869
0.861724 0.0512274
0.93837 0.0534725
0.872448 0.0514246
1.05407 0.0567061
0.953241 0.0538152
1.11519 0.0582933
1.11943 0.058316
1.16221 0.059383
1.18755 0.0600995
1.37805 0.0648227
1.38631 0.0649253
1.54284 0.0683915
1.61171 0.0698822
1.89691 0.0758231
1.80256 0.0740921
2.08291 0.0795534
2.03067 0.0786366
2.50619 0.0869508
2.71806 0.0908155
3.32047 0.100457
3.33661 0.10035
4.05722 0.110609
4.88319 0.121577
6.03161 0.134908
7.62872 0.152019
9.88578 0.172741
14.2991 0.208084
20.1728 0.247546
29.2591 0.297556
44.6987 0.367568
71.0241 0.464253
115.149 0.592497
188.35 0.759393
298.444 0.959863
402.528 1.11636
401.61 1.11574
257.572 0.889395
100.032 0.550767
26.4027 0.281924
8.18192 0.15651
4.83483 0.120543
4.01353 0.109573
3.54098 0.102912
3.03888 0.0952783
2.73666 0.0902929
2.42241 0.0850762
2.45653 0.0857972
2.09713 0.079273
2.09246 0.0792746
1.83801 0.0742653
1.63228 0.0697171
1.61056 0.0694459
1.50134 0.0669314
1.43265 0.0654656
1.41068 0.0650175
1.06852 0.0565804
1.26205 0.0616956
1.23553 0.0610018
1.1441 0.0587281
1.023 0.0556803
0.953202 0.0536252
0.965961 0.0538971
0.973845 0.0542737
0.900804 0.0522731
0.859551 0.0510078
0.864186 0.0511029
0.814256 0.0496485
0.791261 0.0489802
0.746255 0.0474855
0.709487 0.0462842
0.663149 0.044814
0.667935 0.0449325
0.608101 0.0428938
0.631788 0.0437036
0.587131 0.0421551
0.594749 0.0424839
0.597965 0.0424975
0.649482 0.0441941
0.608145 0.0428974
0.639845 0.0439472
0.601846 0.0426663
0.531332 0.0400524
0.56641 0.0412781
0.551536 0.0407723
0.514928 0.0393793
0.484988 0.0383431
0.487531 0.0383055
0.499029 0.0387336
0.38594 0.0341146
0.469166 0.0376857
0.467442 0.0375546
0.488423 0.0382618
0.437371 0.036323
0.491409 0.0383877
0.46604 0.0374351
0.432511 0.0360877
0.499444 0.0387659
0.453319 0.036901
0.424455 0.0357271
0.375636 0.033599
0.383199 0.0340045
0.468237 0.0376088
0.394503 0.0344689
0.448058 0.0367916
0.367521 0.0331399
0.468498 0.0374418
0.411773 0.0351816
0.367423 0.0331304
0.411235 0.035136
0.386075 0.0340046
0.408042 0.0349905
0.394884 0.0343751
0.369649 0.0333315
0.414157 0.0352567
0.465769 0.0374128
0.417416 0.0352798
0.374125 0.0334639
0.389072 0.0341249
0.381569 0.0337274
0.405775 0.0349253
0.413938 0.0352404
0.394689 0.0343544
0.413297 0.0351131
0.334387 0.0316345
0.315924 0.0308327
0.342264 0.0319978
0.41394 0.0352382
0.381234 0.0337945
0.347246 0.0322422
0.401099 0.0346508
0.342287 0.0318788
0.367411 0.0331301
0.366266 0.033055
0.383229 0.0338883
0.302923 0.030151
0.390828 0.0341532
0.382562 0.0337435
0.343125 0.0319485
0.322977 0.0310586
0.378103 0.0336856
0.335116 0.0316666
0.350717 0.0324248
0.349989 0.0323575
0.366957 0.0330886
0.351025 0.0324533
0.337444 0.0318863
0.320776 0.0310118
0.394612 0.0343482
0.379748 0.0336986
0.406222 0.0349633
0.31984 0.0310665
0.357819 0.0328024
0.288167 0.0294122
0.336181 0.031767
0.365114 0.0330569
0.321775 0.0309637
0.314449 0.0306883
0.333025 0.0316108
0.377814 0.0336594
0.300708 0.0300716
0.281877 0.0290742
0.34366 0.0320474
0.333973 0.0315585
0.401658 0.0345704
0.308155 0.0302696
0.329604 0.0313604
0.312734 0.0305788
0.321255 0.0310583
0.324411 0.0312173
0.341478 0.0321244
0.338347 0.0319806
0.327086 0.0315139
0.356805 0.03313
0.330311 0.0318982
0.301027 0.030566
0.345504 0.0329436
0.357101 0.0335924
0.31065 0.0315432
0.296039 0.0310346
0.324044 0.0325688
0.340155 0.0335187
0.334833 0.0334843
0.343291 0.0341611
0.331274 0.0338581
0.35111 0.0351122
# Group 2
0.255823 0.028967
0.236507 0.0278734
0.278308 0.0301875
0.231322 0.027458
0.222826 0.0270223
0.294752 0.0310706
0.163327 0.0230984
0.249347 0.0286031
0.253023 0.0288075
0.23938 0.028018
0.296186 0.0312216
0.279392 0.0303058
0.303802 0.0315037
0.267946 0.0297735
0.274285 0.0300096
0.285003 0.0305572
0.316479 0.0322447
0.270591 0.0297908
0.309426 0.0317935
0.350052 0.0338419
0.255125 0.0287121
0.26779 0.029586
0.323062 0.0324756
0.269655 0.029611
0.35531 0.0340874
0.323802 0.0324888
0.336131 0.0331355
0.330599 0.0328357
0.300768 0.031358
0.328444 0.0328455
0.323701 0.0326997
0.310126 0.0318197
0.356998 0.0341953
0.353741 0.0340401
0.332895 0.032963
0.328053 0.0328063
0.298335 0.0312749
0.326961 0.0326972
0.322444 0.0324082
0.354377 0.0341013
0.34641 0.0336478
0.326745 0.032684
0.429903 0.0375625
0.372446 0.0347768
0.392298 0.035813
0.347964 0.0337576
0.350038 0.0338415
0.381934 0.0354633
0.369858 0.0347943
0.433708 0.0377508
0.413334 0.036824
0.357293 0.034224
0.402733 0.0363147
0.340809 0.0334201
0.367342 0.0347116
0.3986 0.0362374
0.323081 0.0326375
0.436546 0.0379979
0.386408 0.0357001
0.394913 0.0362032
0.370252 0.0350285
0.398635 0.0363099
0.437506 0.0379552
0.403954 0.0365734
0.500959 0.040769
0.480165 0.0398726
0.452456 0.0386573
0.468041 0.039223
0.477161 0.0396276
0.479619 0.039736
0.406905 0.0366908
0.426236 0.0374
0.522541 0.0414417
0.45962 0.0388502
0.504879 0.0406907
0.511749 0.04099
0.555738 0.0426897
0.514119 0.041092
0.503185 0.0408155
0.505845 0.040894
0.51195 0.0411224
0.511718 0.0411021
0.561919 0.0430727
0.475061 0.039535
0.477685 0.0396711
0.506412 0.0408493
0.538594 0.042083
0.512107 0.0410029
0.610748 0.0447844
0.620063 0.0452245
0.562966 0.0429361
0.551203 0.0425861
0.631438 0.0455653
0.591552 0.0442178
0.680269 0.0474524
0.549879 0.0426106
0.55282 0.0427801
0.596195 0.0443411
0.635839 0.0456781
0.589989 0.0438781
0.611654 0.0447342
0.623368 0.0453457
0.753142 0.0498817
0.76683 0.0502683
0.674213 0.04711
0.715339 0.0484859
0.665711 0.0468415
0.842482 0.0527962
0.8692 0.0537021
0.805683 0.0515815
0.873756 0.0536775
0.839506 0.0525746
0.853026 0.0531099
0.972787 0.0567374
0.972539 0.0566272
1.00519 0.057749
1.0717 0.0596244
1.06956 0.0593169
1.04385 0.0588075
1.1508 0.0616319
1.23893 0.0640623
1.304 0.0656245
1.40372 0.0680256
1.48835 0.0700903
1.5376 0.071311
1.57063 0.0719987
1.73598 0.075575
1.91155 0.079269
1.88669 0.0786506
2.07955 0.0831326
2.29189 0.0872503
2.58084 0.0927741
2.60379 0.0928233
3.09995 0.101611
3.38945 0.106354
3.57236 0.108822
4.38562 0.120551
5.17821 0.13123
5.76311 0.138243
7.79288 0.161105
10.068 0.182898
13.5786 0.212845
19.0305 0.252643
27.6997 0.304361
41.3103 0.371571
64.8961 0.46665
102.765 0.588447
167.551 0.752775
263.385 0.947269
367.906 1.12135
385.424 1.15048
257.846 0.938885
102.854 0.590054
27.0131 0.301403
9.20679 0.175514
5.5895 0.137133
4.64725 0.124694
4.24836 0.11932
3.58273 0.109562
3.28236 0.104861
3.00583 0.100512
2.70473 0.0955185
2.58479 0.093401
2.38676 0.0898342
2.21233 0.0865836
2.04291 0.0829334
1.93992 0.0809787
1.56586 0.0725483
1.68663 0.0753457
1.67913 0.0751951
1.68235 0.0751871
1.47887 0.0706462
1.46267 0.0702274
1.34801 0.0673787
1.21643 0.0641591
1.17967 0.0629967
1.1261 0.0614582
1.03413 0.0591501
1.00487 0.0584209
1.0547 0.0598054
0.888251 0.0548548
1.01026 0.0587232
0.965161 0.0574386
0.874546 0.0546617
0.887974 0.0550498
0.788292 0.0519815
0.820956 0.0529953
0.811681 0.0527269
0.793847 0.0521207
0.753569 0.0508079
0.738791 0.0503874
0.748955 0.0506122
0.691102 0.0485084
0.68553 0.0484767
0.685686 0.0483875
0.619406 0.0460695
0.728547 0.0499672
0.663825 0.0476156
0.648459 0.0471499
0.586938 0.0448861
0.493952 0.0413079
0.538727 0.0429966
0.616995 0.0459897
0.532873 0.0428041
0.576838 0.0446389
0.586355 0.044973
0.541299 0.0430395
0.580864 0.0446835
0.53814 0.0428722
0.550814 0.0434124
0.574416 0.044342
0.522326 0.0422292
0.510618 0.0417049
0.439372 0.0386872
0.486334 0.0406707
0.4543 0.0393941
0.427484 0.0382365
0.50468 0.0414859
0.452281 0.0393687
0.433658 0.0383323
0.468835 0.0399115
0.440339 0.0387713
0.542388 0.042881
0.474398 0.04024
0.440144 0.0387537
0.478466 0.0404392
0.481127 0.0405248
0.456277 0.0395797
0.427672 0.038287
0.442011 0.0389787
0.44873 0.0392075
0.440124 0.0388938
0.494834 0.0412376
0.475877 0.0403649
0.438832 0.0389374
0.434244 0.0386468
0.394081 0.0367494
0.432939 0.0384368
0.324039 0.0332884
0.394842 0.0368212
0.344465 0.0342863
0.43053 0.038356
0.433921 0.0385061
0.402727 0.0370755
0.440378 0.0387744
0.38473 0.0361936
0.399345 0.0369069
0.436582 0.03859
0.451788 0.0393246
0.431961 0.0384839
0.425895 0.0380946
0.352843 0.0346179
0.433322 0.0383091
0.346267 0.0342877
0.432248 0.0383575
0.434438 0.0384007
0.393245 0.036513
0.453083 0.0391416
0.342867 0.0339548
0.44391 0.0387859
0.360595 0.035025
0.362738 0.0350686
0.327736 0.0332781
0.362231 0.0350196
0.361052 0.0350695
0.399641 0.036948
0.358036 0.0349418
0.371038 0.0355405
0.347349 0.0343937
0.333085 0.0336475
0.355545 0.0346987
0.360461 0.0349991
0.379232 0.0359969
0.399063 0.0368946
0.372761 0.035705
0.388915 0.0364262
0.346683 0.0343277
0.342352 0.0340664
0.379173 0.0358295
0.369912 0.0354324
0.357705 0.0349096
0.385593 0.0362751
0.341354 0.0341368
0.362 0.0351616
0.336177 0.0339599
0.356763 0.0349845
0.340463 0.0341862
0.301514 0.032327
0.317839 0.0331904
0.408083 0.0377305
0.355873 0.0354235
0.417115 0.0384293
0.355726 0.0356997
0.341762 0.0353593
0.413394 0.0390391
0.395469 0.0384142
0.366564 0.03722
0.305995 0.0342131
0.328971 0.035895
0.384811 0.039073
# Group 3
0.246611 0.0289525
0.257172 0.0296966
0.212119 0.0269373
0.310751 0.0325278
0.270055 0.0303858
0.317881 0.0329638
0.306715 0.0323315
0.301044 0.0320926
0.273516 0.0305818
0.290566 0.031517
0.281257 0.0310604
0.285675 0.0312062
0.356844 0.0348639
0.332086 0.0338953
0.372317 0.0358058
0.313372 0.0328521
0.348709 0.0346999
0.334897 0.0340046
0.373866 0.0358578
0.313389 0.0327817
0.298735 0.0320367
0.36597 0.0355475
0.403789 0.0373037
0.379357 0.0360222
0.394429 0.0368912
0.33955 0.0341879
0.37864 0.0361249
0.395429 0.0368784
0.341325 0.0343054
0.402088 0.0373344
0.422078 0.038373
0.372024 0.0358186
0.407641 0.0375765
0.425813 0.038365
0.392173 0.0368894
0.410337 0.0378039
0.456953 0.0399256
0.391593 0.0369167
0.400113 0.0373139
0.479544 0.0410291
0.450745 0.0397307
0.409737 0.0379108
0.398549 0.037487
0.451596 0.0397804
0.442773 0.0394888
0.51002 0.0424278
0.436072 0.0393218
0.404394 0.038042
0.476864 0.0411944
0.521472 0.043159
0.538839 0.0438517
0.537965 0.0437811
0.477007 0.0412088
0.491325 0.0418258
0.462211 0.0405399
0.456536 0.0403537
0.473519 0.0410612
0.510821 0.0427187
0.485364 0.0414908
0.514671 0.0428913
0.579381 0.0454603
0.557895 0.0445414
0.576596 0.0451749
0.571717 0.0450591
0.512461 0.0427068
0.500568 0.042157
0.556502 0.0444154
0.480401 0.0411955
0.547923 0.0440119
0.574405 0.0451318
0.554391 0.0443887
0.618743 0.0467753
0.541164 0.043752
0.54213 0.0438243
0.551096 0.0440778
0.612126 0.0464638
0.547619 0.0439134
0.526525 0.0430407
0.560832 0.0446194
0.52804 0.0432607
0.655063 0.0481634
0.545278 0.0439413
0.683916 0.0492322
0.587101 0.0455699
0.647483 0.0478651
0.66272 0.0484653
0.693554 0.0495422
0.667405 0.0485486
0.657438 0.0482001
0.747324 0.0514502
0.671461 0.0485289
0.71186 0.0500334
0.702169 0.0495532
0.652143 0.047833
0.684592 0.0490273
0.878837 0.0554938
0.629571 0.0470585
0.854357 0.0547802
0.805976 0.0531467
0.837761 0.0540799
0.744345 0.0510039
0.810272 0.0534308
0.881643 0.0557361
0.852526 0.0546878
0.867279 0.0551168
0.983722 0.0586037
1.04436 0.0604008
0.881918 0.0555628
1.08432 0.0616884
0.921295 0.0567052
1.03158 0.0599629
1.07865 0.0612666
1.01829 0.0596971
1.10761 0.0623119
1.10937 0.0622532
1.12082 0.062751
1.35242 0.0689761
1.36978 0.0691466
1.41163 0.0704498
1.47932 0.0718685
1.56984 0.0741769
1.77508 0.0786862
1.68739 0.0767062
1.92936 0.0820521
1.8589 0.080589
1.96825 0.0827875
2.12652 0.0858585
2.28346 0.0887817
2.53765 0.0934147
2.71279 0.0970141
2.80126 0.0984229
2.99697 0.101956
3.25364 0.105858
3.42064 0.108919
4.00772 0.118049
4.51736 0.12493
5.09821 0.132682
5.95502 0.143562
7.06512 0.156058
8.79663 0.174357
10.8846 0.19356
14.6176 0.224604
20.3603 0.265556
29.5071 0.319183
43.2499 0.386292
66.2894 0.479189
105.492 0.60547
170.348 0.770382
271.309 0.975604
380.853 1.15758
404.352 1.19563
276.786 0.986906
108.513 0.614406
28.9717 0.31634
10.6017 0.190837
7.40582 0.15982
6.15213 0.145136
5.22349 0.133759
4.4502 0.123338
4.06158 0.117668
3.64778 0.111578
3.59671 0.110859
3.39529 0.107595
3.18778 0.104302
2.87223 0.0989672
2.51313 0.092226
2.48187 0.0918525
2.32493 0.0887288
2.12159 0.0848152
2.05612 0.0834993
2.10014 0.0843
1.89607 0.080213
1.78084 0.0776232
1.75152 0.0769166
1.70363 0.0759735
1.59342 0.0731601
1.43977 0.0693684
1.36964 0.067806
1.37297 0.0679311
1.31226 0.0662366
1.23761 0.064176
1.19867 0.0632683
1.25545 0.0647145
1.09308 0.0603592
1.16594 0.0622888
1.06315 0.0596125
0.95756 0.0565262
1.00176 0.0578398
1.00409 0.0578776
1.07237 0.0598572
0.951016 0.0564356
0.913661 0.0551993
0.949047 0.0561217
0.893937 0.0546088
0.833448 0.0526105
0.834914 0.0527341
0.829494 0.0524796
0.814023 0.051908
0.750609 0.0498346
0.904699 0.0547748
0.782525 0.0511578
0.65258 0.0465796
0.721755 0.0489972
0.631061 0.045906
0.730807 0.0494987
0.699219 0.0483681
0.734157 0.0493871
0.718082 0.0489752
0.667829 0.047107
0.658353 0.0467899
0.687272 0.0478871
0.688523 0.0478578
0.638796 0.0461031
0.568282 0.0434602
0.693303 0.0479613
0.625826 0.0456599
0.613173 0.045245
0.674901 0.0474424
0.614047 0.0453917
0.577443 0.0437784
0.62883 0.0457428
0.568243 0.0435843
0.52792 0.0418678
0.627477 0.0457661
0.573143 0.0437034
0.489849 0.0404035
0.606132 0.0448687
0.537733 0.0423141
0.586053 0.0440877
0.566649 0.0433515
0.537925 0.0421356
0.562793 0.0431662
0.583109 0.0439552
0.519538 0.0413715
0.522971 0.041738
0.512114 0.0412689
0.500162 0.040704
0.547672 0.0426378
0.567282 0.0433827
0.515543 0.0414121
0.553561 0.0428377
0.523695 0.0416645
0.600078 0.044606
0.506468 0.0409474
0.483914 0.0400504
0.561282 0.0430504
0.567346 0.0433881
0.513151 0.0412481
0.48826 0.0403372
0.494881 0.0406811
0.446462 0.03857
0.565293 0.0433587
0.460957 0.0391001
0.505725 0.0410215
0.543944 0.0426071
0.54269 0.0425085
0.536065 0.0422494
0.465169 0.0393153
0.467635 0.039318
0.485667 0.0401955
0.450073 0.0387374
0.483314 0.0400141
0.406693 0.0366721
0.467845 0.0393204
0.499947 0.040822
0.518506 0.0416489
0.433383 0.0380116
0.425114 0.0375769
0.388627 0.0359297
0.509603 0.0410663
0.464148 0.0390897
0.399312 0.0363029
0.433688 0.0378933
0.456838 0.03889
0.477762 0.0398148
0.486401 0.0401195
0.396074 0.0361576
0.448821 0.0384134
0.435039 0.0378665
0.436611 0.0380035
0.364906 0.0347937
0.512532 0.0413029
0.449914 0.0387244
0.496941 0.0407125
0.402355 0.0367309
0.412973 0.0372377
0.381565 0.0358959
0.448769 0.0390621
0.503126 0.0414988
0.415268 0.0377261
0.454006 0.0396113
0.480515 0.0407577
0.48854 0.04149
0.423064 0.0389573
0.419393 0.0389414
0.493372 0.0424659
0.451612 0.0408884
0.466909 0.0419329
0.530143 0.045131
0.48986 0.0436419
# Group 4
0.376211 0.0388269
0.332917 0.0365507
0.264258 0.0325288
0.353161 0.0374727
0.336287 0.0366651
0.343197 0.037009
0.357846 0.0377214
0.359334 0.0378787
0.259495 0.0321874
0.375333 0.0387138
0.296411 0.034458
0.372005 0.0385008
0.339995 0.0367211
0.379947 0.039105
0.412885 0.0406856
0.448373 0.0423698
0.438783 0.0420308
0.419985 0.0410435
0.397348 0.0399364
0.419195 0.040897
0.40702 0.0403023
0.45412 0.0425563
0.379041 0.0388902
0.41333 0.0404085
0.355503 0.0376854
0.553568 0.046955
0.517741 0.0454108
0.516642 0.045249
0.42491 0.0410784
0.557954 0.0471577
0.546039 0.0467876
0.556047 0.0469042
0.415808 0.0406179
0.521493 0.0454129
0.455405 0.0424691
0.519251 0.0454278
0.465537 0.0430168
0.486202 0.0438493
0.521651 0.0453783
0.538791 0.0462143
0.567027 0.04729
0.539576 0.0461037
0.604224 0.0487794
0.585906 0.0477987
0.534923 0.04567
0.572462 0.0472131
0.568458 0.0470494
0.628122 0.0496602
0.620099 0.0491782
0.587692 0.047987
0.560508 0.0468738
0.677003 0.0514565
0.591452 0.0481438
0.571412 0.0473398
0.546652 0.0463681
0.592045 0.0483491
0.56218 0.0471792
0.604981 0.0489509
0.59088 0.0483097
0.677774 0.051873
0.612888 0.0493446
0.546835 0.046566
0.714629 0.0531698
0.647981 0.0507558
0.680601 0.0520753
0.6336 0.0502501
0.650592 0.0509532
0.629088 0.0500495
0.656725 0.0511469
0.659634 0.0513988
0.736513 0.0544657
0.781934 0.0560398
0.754013 0.0551412
0.756843 0.0553511
0.745203 0.0549399
0.766475 0.0557694
0.818075 0.0577079
0.771175 0.0560307
0.677063 0.052722
0.793338 0.057188
0.839239 0.0589594
0.757106 0.05609
0.736713 0.0553779
0.905719 0.0613466
0.856815 0.0596999
0.870576 0.0602224
0.873519 0.0602818
0.809419 0.0579661
0.859915 0.0597709
0.904886 0.0614309
0.922739 0.0617945
0.923903 0.0620119
0.982432 0.0638195
0.874623 0.0603551
0.927244 0.062096
0.826717 0.0585094
0.979489 0.0637626
1.02506 0.0650975
0.951779 0.0626253
1.03023 0.0650313
1.03488 0.0651952
1.12653 0.06831
1.02822 0.0652959
1.08153 0.0669495
1.01981 0.0648927
1.17351 0.0695174
1.20741 0.0705422
1.2994 0.0733339
1.29689 0.0733097
1.17981 0.0697679
1.34142 0.0743004
1.43055 0.07669
1.62669 0.0819582
1.3651 0.0750384
1.50125 0.0784929
1.52504 0.0792963
1.62884 0.0819619
1.84004 0.0869413
1.83171 0.0870343
1.81189 0.086288
2.0431 0.0917487
1.96626 0.0898496
2.07876 0.0923307
2.05595 0.0918621
2.35109 0.098315
2.40998 0.0993972
2.94845 0.109821
2.7997 0.106984
3.09282 0.1125
3.36658 0.117656
3.50786 0.119895
3.74004 0.123856
4.27815 0.131864
4.47042 0.135123
4.72881 0.139112
5.70444 0.152277
6.39124 0.161138
7.35856 0.173255
8.53624 0.186341
10.6668 0.20872
13.5168 0.234535
17.3793 0.26636
23.6947 0.311519
34.0218 0.372693
50.3518 0.453283
76.1866 0.558735
118.922 0.69974
191.14 0.888528
300.331 1.11744
408.363 1.30392
416.03 1.31732
269.549 1.0562
107.053 0.661939
31.7891 0.359512
13.1207 0.230486
9.34023 0.194957
7.29137 0.171768
6.86627 0.166726
5.89799 0.154448
5.4393 0.148127
5.1396 0.144195
4.70943 0.138242
4.13442 0.12954
3.8851 0.12574
3.46336 0.118638
3.30856 0.115414
3.18446 0.113436
3.13343 0.112288
2.87528 0.107544
2.74445 0.105107
2.53501 0.10093
2.2803 0.095943
2.39176 0.0981456
2.12851 0.0925548
2.1335 0.0928581
2.05622 0.0908824
1.83782 0.0857904
1.77013 0.0843951
1.85072 0.0863918
1.70602 0.082858
1.6115 0.0804807
1.58178 0.0797763
1.41977 0.0755638
1.49988 0.0775627
1.43559 0.0757801
1.45485 0.0763665
1.4409 0.0759476
1.24994 0.0707684
1.18477 0.0688675
1.22216 0.0699848
1.26606 0.0713389
1.18028 0.0687231
1.26171 0.0708699
1.13405 0.0674167
0.998821 0.063175
0.989534 0.062967
1.10439 0.0664811
1.0442 0.0645138
0.979842 0.0624704
0.966471 0.0620476
0.881507 0.0594344
0.986013 0.0626187
0.897799 0.0597235
0.932506 0.0609654
0.970337 0.0623792
0.929413 0.0610221
0.876522 0.0590978
0.925119 0.0608719
0.857438 0.0584797
0.854652 0.0584266
0.908993 0.0603357
0.853707 0.0583614
0.775124 0.055653
0.883287 0.05942
0.8074 0.0567152
0.88686 0.0595809
0.827693 0.0575574
0.837678 0.0578142
0.737639 0.0543836
0.795665 0.0561254
0.802662 0.0564802
0.84008 0.0578774
0.70124 0.0527763
0.728548 0.054007
0.776588 0.0557583
0.697071 0.0528471
0.768705 0.0554792
0.691117 0.0526998
0.80987 0.0569848
0.687288 0.0525595
0.641127 0.0505873
0.654335 0.0511819
0.636883 0.0505102
0.664409 0.0514274
0.590543 0.0487099
0.721493 0.0537793
0.650798 0.0509765
0.615578 0.0496193
0.687141 0.0524437
0.592202 0.048847
0.617455 0.0497581
0.553489 0.0471179
0.734047 0.0542656
0.684666 0.0523604
0.605725 0.0492951
0.624359 0.0499796
0.602387 0.0491871
0.696469 0.052844
0.611285 0.0496005
0.529041 0.0462248
0.614077 0.0496474
0.692846 0.0526796
0.691501 0.0525775
0.610127 0.0494902
0.702989 0.0531925
0.556324 0.0473086
0.584311 0.0485262
0.695537 0.0528828
0.533082 0.0462259
0.604436 0.049354
0.509589 0.0453935
0.576077 0.0480634
0.555183 0.0471579
0.553911 0.0471432
0.533436 0.0464314
0.603225 0.04942
0.597658 0.0491293
0.667888 0.0518411
0.559607 0.0474711
0.539206 0.0465818
0.541602 0.0466154
0.633338 0.0505303
0.513237 0.0455447
0.509165 0.0453616
0.526814 0.0462062
0.541618 0.0467733
0.494181 0.0445738
0.514584 0.0454013
0.493554 0.0445038
0.482842 0.0440786
0.528889 0.046211
0.562291 0.0476951
0.599791 0.0493052
0.53882 0.0467276
0.545454 0.047154
0.552545 0.0475572
0.486868 0.0448216
0.523127 0.0466063
0.559938 0.0483733
0.524045 0.0468714
0.518602 0.0468184
0.496264 0.0457638
0.478885 0.0454559
0.513304 0.0474572
0.609517 0.0518877
0.566251 0.0502504
0.524379 0.0486891
0.606954 0.0528337
0.652811 0.0553733
0.544697 0.0508692
# Group 5
0.261058 0.0312032
0.299394 0.0334071
0.26021 0.0311017
0.305183 0.0335229
0.35951 0.0365038
0.359026 0.0364546
0.280056 0.0321255
0.3549 0.0362232
0.40563 0.0386765
0.331349 0.0349281
0.332489 0.0350484
0.35066 0.0359787
0.329337 0.0347163
0.350847 0.0360094
0.37928 0.037373
0.415037 0.0390438
0.386894 0.0377594
0.410079 0.0387872
0.388568 0.0377424
0.357897 0.0361543
0.437839 0.0399703
0.377373 0.0370805
0.466304 0.0412174
0.452736 0.0404964
0.448587 0.04045
0.464832 0.0410873
0.435633 0.0397693
0.410586 0.0384635
0.443429 0.039984
0.427242 0.0393322
0.469313 0.041322
0.449463 0.040203
0.460672 0.0407194
0.489308 0.0419596
0.4405 0.0397206
0.478123 0.04146
0.462298 0.0407055
0.454453 0.0403122
0.530838 0.0434901
0.548053 0.0443094
0.512491 0.0427097
0.42088 0.0386897
0.476661 0.0411792
0.44764 0.0397235
0.508896 0.0424096
0.51335 0.0426329
0.521874 0.0429007
0.514426 0.0427228
0.562892 0.0445021
0.613502 0.0465115
0.531383 0.043245
0.568473 0.0446627
0.575303 0.0448655
0.540931 0.0434801
0.685145 0.0489409
0.669834 0.0484216
0.584177 0.0452073
0.649514 0.0476384
0.61265 0.0461823
0.554206 0.0439859
0.621674 0.0466041
0.553068 0.0437943
0.55798 0.0438644
0.642897 0.0471413
0.723681 0.0499828
0.58577 0.0449226
0.727702 0.049981
0.683017 0.0482987
0.663517 0.0475351
0.620238 0.0460033
0.583021 0.044606
0.755006 0.0505759
0.629958 0.0461926
0.738305 0.04998
0.616259 0.0455572
0.73654 0.0497137
0.791072 0.0514501
0.675212 0.0474182
0.6529 0.0465977
0.752099 0.0498642
0.750119 0.0496968
0.795314 0.0511285
0.693899 0.0477729
0.84633 0.052693
0.798048 0.0511975
0.726871 0.0488974
0.805032 0.0514343
0.773402 0.0503464
0.659405 0.0465128
0.816562 0.0518542
0.957615 0.0559476
0.736173 0.0491903
0.807966 0.0514125
0.914545 0.0548535
1.02878 0.0581531
0.892224 0.0541015
0.897207 0.0543045
0.809987 0.0515407
0.89547 0.0541
0.989667 0.0567643
0.980621 0.0565251
0.939724 0.0555706
1.08552 0.0597597
0.999806 0.0573463
1.06793 0.0591512
1.09455 0.0598057
1.16071 0.061608
1.14905 0.0614232
1.19988 0.062809
1.24038 0.0637186
1.22074 0.0631279
1.39206 0.0673715
1.27768 0.0647028
1.39614 0.0676482
1.43427 0.0684599
1.56065 0.071614
1.61372 0.0728323
1.57382 0.0717656
1.71969 0.0752753
2.01372 0.0812095
1.73125 0.0754227
1.98675 0.0805823
1.83816 0.0774767
2.22036 0.0852185
2.16819 0.0842784
2.27347 0.0861857
2.38791 0.08821
2.63141 0.0925841
2.80021 0.0955543
3.0011 0.0991731
3.26978 0.103415
3.3913 0.10543
3.83065 0.111535
4.07747 0.115441
4.74783 0.124711
4.84473 0.125537
5.47927 0.133475
6.40254 0.144585
7.83486 0.159717
9.31564 0.174504
11.4856 0.193407
15.105 0.22215
20.0809 0.256546
28.3188 0.304152
39.903 0.360892
60.9935 0.44706
95.0645 0.559338
149.307 0.701981
237.814 0.888853
334.043 1.0545
358.718 1.09502
248.44 0.908978
102.923 0.581991
30.1752 0.314053
12.4461 0.201269
8.71931 0.1689
7.45669 0.155736
6.6719 0.147364
5.73605 0.136568
5.0787 0.128326
4.64329 0.122899
4.41269 0.119989
4.09643 0.115609
3.71582 0.110265
3.56218 0.107913
3.3879 0.104819
3.00363 0.098933
2.89867 0.0970138
2.83493 0.0959608
2.46499 0.0894874
2.43962 0.0889751
2.3553 0.0876043
2.27902 0.0860868
2.07302 0.0820818
1.9933 0.0806488
1.87491 0.0779939
1.77842 0.075839
1.61163 0.07237
1.61166 0.0724448
1.68372 0.073985
1.47659 0.0692286
1.50526 0.069961
1.44262 0.0685459
1.39874 0.0673799
1.30322 0.0650033
1.22308 0.0630807
1.1719 0.0616832
1.23473 0.0633443
1.16541 0.0615116
1.18952 0.0621811
1.10193 0.0599408
1.02837 0.0577625
1.02937 0.0576372
0.978226 0.0563875
1.06969 0.0588883
1.05629 0.058597
1.08663 0.059373
1.04446 0.0581192
0.984718 0.0564807
0.900211 0.0539944
0.801917 0.0511311
0.871391 0.0531324
0.86737 0.0529858
0.932138 0.0550133
0.840323 0.052319
0.851002 0.0525776
0.905547 0.0540233
0.776641 0.0501346
0.840869 0.0520512
0.821822 0.0514677
0.731121 0.0486361
0.803696 0.0509346
0.779936 0.0502425
0.707707 0.0479349
0.711223 0.0480686
0.722954 0.0486148
0.772267 0.0504817
0.779271 0.0507318
0.642054 0.0463395
0.840454 0.052845
0.767581 0.0506021
0.651943 0.0468369
0.664056 0.0472009
0.725189 0.0496922
0.644481 0.0469465
0.645858 0.0472654
0.658508 0.0479183
0.589613 0.0455691
0.587256 0.0456702
0.657853 0.0486565
0.631391 0.0480084
0.508511 0.0434151
0.589047 0.0472835
0.632312 0.0489318
0.622588 0.0487675
0.640657 0.0494298
0.637839 0.0492122
0.582435 0.0470139
0.597684 0.0475803
0.547303 0.0456113
0.449739 0.041229
0.582405 0.0469334
0.587067 0.0471566
0.51005 0.0438999
0.521729 0.044414
0.57966 0.046712
0.580743 0.0467998
0.515967 0.0440836
0.567053 0.0463016
0.556604 0.0459103
0.549845 0.0455073
0.556755 0.0457677
0.513342 0.0438524
0.529737 0.0446138
0.547631 0.0453538
0.636721 0.0488401
0.547456 0.0453093
0.448846 0.0409751
0.574253 0.0462765
0.528656 0.0445224
0.612893 0.0480072
0.456982 0.0412784
0.545136 0.0449871
0.460912 0.0413949
0.5273 0.0444081
0.415856 0.0394726
0.519788 0.0440895
0.425135 0.0398193
0.496262 0.0429865
0.478851 0.0421618
0.494639 0.0427317
0.477155 0.0420137
0.460484 0.0413549
0.578754 0.046339
0.423891 0.0397022
0.548988 0.0451228
0.481104 0.0421206
0.41589 0.0391249
0.440059 0.0401729
0.415361 0.0390752
0.509018 0.0433321
0.380753 0.0375182
0.421687 0.0394965
0.507605 0.0433238
0.428992 0.0398885
0.393964 0.0382663
0.485743 0.0426041
0.474191 0.0422463
0.438851 0.0407478
0.463051 0.0419246
0.422287 0.0402648
0.499869 0.0438437
0.409321 0.0399474
0.526428 0.0456492
0.426109 0.0411949
0.402192 0.0402221
0.513554 0.0457526
0.413646 0.0413532
0.430349 0.0426127
0.463621 0.0444441
# Group 6
0.296915 0.0262445
0.302915 0.0265683
0.341596 0.0281752
0.326835 0.0275257
0.352922 0.0286267
0.332097 0.0277722
0.342979 0.0281936
0.29821 0.0263593
0.314164 0.0270398
0.314079 0.0270323
0.335086 0.0279712
0.391182 0.0302722
0.334592 0.0278835
0.313472 0.0271829
0.401144 0.0306775
0.345066 0.0284621
0.364852 0.0293075
0.400082 0.0306859
0.385382 0.0300943
0.41072 0.0310486
0.415613 0.0312404
0.395667 0.0305275
0.373689 0.0296365
0.417179 0.0312701
0.456281 0.0328456
0.45485 0.0327421
0.471709 0.0333562
0.474431 0.0333821
0.360033 0.0291078
0.453943 0.0327618
0.440459 0.0323843
0.400163 0.0306926
0.441444 0.0322827
0.521091 0.0350541
0.463295 0.0330101
0.463538 0.0331111
0.42739 0.0317687
0.494823 0.0341475
0.443875 0.0322887
0.446969 0.0325137
0.4921 0.0340409
0.490079 0.0339826
0.462255 0.0330197
0.493748 0.0339927
0.518925 0.034908
0.454276 0.0327007
0.483193 0.0336679
0.551156 0.0361091
0.485854 0.0337703
0.553632 0.0361164
0.569682 0.0366219
0.591976 0.037293
0.58753 0.0371602
0.549842 0.0359457
0.573159 0.0366941
0.525839 0.035214
0.589577 0.0372901
0.593083 0.0374365
0.579222 0.0369314
0.577382 0.036965
0.620454 0.0383342
0.603099 0.0376951
0.542307 0.0356828
0.59543 0.0374357
0.629588 0.0385319
0.616424 0.0380844
0.615421 0.0380225
0.676407 0.0397902
0.613748 0.0379191
0.650899 0.0391107
0.676569 0.0399384
0.675116 0.0397839
0.651666 0.0390859
0.671754 0.0397234
0.728295 0.0413
0.707653 0.0407227
0.642175 0.038797
0.69506 0.0403333
0.774245 0.0426877
0.629357 0.0384458
0.725228 0.0412587
0.753135 0.0420378
0.725268 0.0412615
0.862499 0.0449634
0.79265 0.0431166
0.761306 0.0422971
0.818954 0.0438399
0.823722 0.0439066
0.812911 0.0436416
0.799194 0.0433487
0.832521 0.0441987
0.822869 0.0442287
0.877069 0.0456683
0.915805 0.0468849
1.01911 0.0495191
0.973263 0.0484055
0.889426 0.0464292
0.896875 0.0465882
0.995848 0.0490988
1.0095 0.049404
1.05472 0.0505804
1.05283 0.0507676
1.02622 0.0501901
1.20611 0.0544898
1.00055 0.0495594
1.10968 0.0521582
1.27399 0.0560336
1.09363 0.0520299
1.17263 0.0539785
1.32945 0.0573778
1.27157 0.0561163
1.33529 0.0575193
1.43938 0.0598736
1.35404 0.0581609
1.55626 0.0622738
1.43269 0.0599872
1.59428 0.0633262
1.50193 0.0613724
1.62613 0.0641336
1.80687 0.0674462
1.79193 0.0673222
1.87675 0.0687657
2.0562 0.0719936
2.1792 0.0742296
2.25862 0.0756108
2.31239 0.0765192
2.55495 0.0803632
2.65135 0.081883
2.85849 0.0851353
2.96396 0.0869607
3.11161 0.0890481
3.35432 0.0926819
3.70216 0.096939
4.00583 0.101172
4.29125 0.104948
4.7761 0.110409
5.64629 0.120042
6.2332 0.12649
7.15939 0.135458
8.96674 0.15191
11.0415 0.168428
14.2172 0.19156
19.251 0.223269
26.1071 0.259658
37.4804 0.311373
57.3494 0.3859
86.6656 0.475407
140.014 0.60559
218.713 0.759076
307.288 0.900064
333.879 0.940694
235.231 0.789176
97.9433 0.507126
29.1333 0.275874
12.1652 0.178093
8.82218 0.152133
7.74948 0.142169
6.91301 0.134374
6.4974 0.130388
5.7217 0.122208
5.05978 0.11511
4.59288 0.10991
4.10074 0.103974
3.78214 0.0999957
3.45787 0.0955911
3.19928 0.0916667
3.14487 0.0911769
2.83261 0.0863644
2.5712 0.082353
2.51506 0.0815069
2.36432 0.079039
2.44065 0.0804739
2.00417 0.0728588
2.07615 0.0742215
1.91453 0.0714561
1.89838 0.0709521
1.8344 0.0696442
1.68865 0.0670697
1.73911 0.0681666
1.7277 0.0678754
1.61716 0.0656476
1.5442 0.0642693
1.45875 0.0625473
1.50718 0.0634677
1.31955 0.0593767
1.37298 0.0607422
1.31501 0.0594101
1.31098 0.059349
1.28871 0.0588248
1.11613 0.0548147
1.12013 0.0550536
1.11455 0.05478
1.07491 0.0536818
1.09185 0.0542856
1.09426 0.0543705
1.10421 0.0546703
1.0625 0.0535992
0.983204 0.0514661
0.947063 0.050553
0.925325 0.0499656
1.02348 0.0527147
0.914969 0.0496966
0.903091 0.0493433
0.901108 0.049384
0.869475 0.0486074
0.870369 0.0485814
0.837699 0.0475037
0.771436 0.045698
0.840617 0.0475926
0.806534 0.0466458
0.803144 0.0466056
0.775219 0.0456821
0.767994 0.0454143
0.737146 0.0443731
0.652213 0.0415854
0.745236 0.0443728
0.754294 0.0446028
0.637199 0.0407915
0.713661 0.0431959
0.683972 0.0419079
0.767469 0.0442863
0.632742 0.0401743
0.690926 0.041678
0.771419 0.0440574
0.696923 0.0416882
0.616118 0.039105
0.627817 0.0393145
0.745836 0.0427403
0.710104 0.041442
0.678852 0.0402912
0.624 0.0382278
0.608784 0.0375336
0.593054 0.0369962
0.553262 0.0356402
0.594761 0.0371024
0.646909 0.0386617
0.649082 0.0386541
0.588032 0.0368254
0.514095 0.0344275
0.674752 0.0394894
0.600665 0.0371819
0.587213 0.0367743
0.552952 0.0356947
0.611592 0.0375009
0.564049 0.0360371
0.523081 0.0346431
0.48594 0.033455
0.501809 0.033988
0.524919 0.0348415
0.548556 0.0356345
0.569024 0.0362077
0.57031 0.0362169
0.502304 0.0339445
0.501768 0.0339855
0.558589 0.0359093
0.51107 0.0343021
0.518204 0.0345482
0.565277 0.0360421
0.476492 0.03304
0.531944 0.0350006
0.526885 0.034895
0.519822 0.0345796
0.462745 0.0325603
0.518855 0.0345152
0.436196 0.0317296
0.58075 0.0366581
0.442906 0.0319652
0.503496 0.0340248
0.485694 0.0334377
0.456782 0.0323814
0.530135 0.0348063
0.468082 0.0327736
0.460674 0.0325763
0.519821 0.0345792
0.447387 0.0321215
0.485268 0.0334083
0.471905 0.0328803
0.500841 0.033845
0.438183 0.0316242
0.50357 0.0339548
0.434858 0.031676
0.451113 0.0324451
0.417793 0.031325
0.415768 0.0313403
0.408156 0.0310947
0.388675 0.0304971
0.423051 0.0319808
0.431899 0.0324668
0.47508 0.0341983
0.430801 0.0326581
0.450212 0.033568
0.45383 0.0338138
0.437082 0.0334504
0.436627 0.0337622
0.434053 0.0338189
0.44736 0.0345201
0.444115 0.034647
0.46005 0.0356056
0.41808 0.0342698
0.423418 0.0348028
# Group 7
0.318705 0.0241616
0.392937 0.0268625
0.330559 0.0246253
0.363642 0.0258435
0.3417 0.025123
0.369696 0.0261422
0.334987 0.0248334
0.318894 0.0243163
0.365057 0.0260161
0.386118 0.0267732
0.382863 0.0266865
0.386827 0.0268877
0.336528 0.0249657
0.40697 0.0276924
0.395235 0.0272101
0.375908 0.026516
0.378103 0.0266711
0.408224 0.0277018
0.357813 0.0259594
0.385382 0.0268547
0.452422 0.0291318
0.391515 0.0271476
0.443327 0.0288592
0.481848 0.0300525
0.428756 0.0284528
0.452083 0.0291829
0.43272 0.0285707
0.417057 0.0279919
0.431578 0.0284584
0.452844 0.0292321
0.452612 0.0293395
0.478284 0.0300106
0.46167 0.0295564
0.435441 0.0287133
0.456914 0.029373
0.483971 0.0303086
0.521169 0.0314009
0.464565 0.0296811
0.464297 0.0296635
0.484637 0.0304103
0.491216 0.0305831
0.532551 0.0318846
0.543943 0.0322219
0.527777 0.0315988
0.512897 0.0312274
0.570367 0.0330403
0.581886 0.033321
0.586215 0.0335684
0.505653 0.0310783
0.589571 0.0336499
0.566034 0.032957
0.549567 0.0324415
0.512608 0.0313699
0.568304 0.0330891
0.554719 0.0326882
0.60895 0.0343117
0.616675 0.0345288
0.629465 0.0349304
0.622917 0.0347154
0.65719 0.0357786
0.626724 0.0349823
0.58625 0.0337361
0.660452 0.0357583
0.674998 0.036237
0.594282 0.0340297
0.6244 0.0348521
0.671799 0.036123
0.660122 0.0357964
0.638483 0.0352558
0.66962 0.036158
0.711265 0.0373334
0.677931 0.0363428
0.735425 0.0378562
0.833973 0.0404076
0.787744 0.0392423
0.724849 0.0376846
0.777626 0.0390297
0.687412 0.0366545
0.751594 0.0385071
0.728262 0.0378623
0.727851 0.0378406
0.735576 0.0380374
0.820829 0.0402355
0.728042 0.0379021
0.780877 0.0392918
0.785467 0.0394235
0.931014 0.042901
0.897222 0.0420642
0.837624 0.0406805
0.895501 0.0421367
0.915332 0.0423655
0.880166 0.0415371
0.959584 0.043179
0.908001 0.0420546
0.934056 0.0425856
0.93441 0.0425251
0.993822 0.0438803
0.989308 0.0436507
0.960801 0.0429199
1.01419 0.0439774
1.09957 0.0457645
1.04113 0.0447269
1.13007 0.0465916
1.18609 0.0476945
1.22592 0.0483604
1.28552 0.0493994
1.20112 0.0477841
1.32872 0.0503554
1.33513 0.0505027
1.30515 0.0497775
1.41317 0.0517125
1.45955 0.0524959
1.46984 0.0527527
1.49464 0.0532207
1.58551 0.0547666
1.73067 0.0575042
1.78329 0.0584499
1.84895 0.0594255
1.87011 0.0600073
1.94609 0.0610571
2.03275 0.0625855
2.22936 0.0654154
2.25323 0.0657528
2.44856 0.0686058
2.62013 0.0710172
2.53314 0.0697489
2.72497 0.0723279
2.88407 0.0744437
2.95825 0.0754442
3.20698 0.0787484
3.48714 0.0820603
3.84059 0.0862152
4.12346 0.0889222
4.48789 0.0931891
4.99524 0.0984227
5.34161 0.101417
5.86934 0.106356
6.82138 0.114813
7.868 0.123123
9.71447 0.137227
11.8301 0.151208
14.8152 0.169483
19.9374 0.197093
27.3913 0.230448
38.7058 0.273725
57.7233 0.334984
89.4058 0.417851
139.716 0.522997
215.843 0.651542
300.677 0.769533
318.905 0.793434
220.147 0.65819
91.8919 0.423619
29.0254 0.237659
13.2377 0.160271
9.6921 0.137552
8.25975 0.126595
7.43851 0.120205
7.24275 0.118556
6.24922 0.109964
5.7691 0.105791
4.93078 0.0979935
4.37783 0.0924513
4.16698 0.090323
3.95624 0.0879339
3.5764 0.0832429
3.16803 0.0785987
3.17153 0.0784927
2.89659 0.0750244
2.76092 0.0732511
2.56506 0.0706409
2.52214 0.0702292
2.42783 0.0687842
2.29081 0.0667543
2.11038 0.0642223
2.08848 0.0637581
2.00169 0.0623281
2.02242 0.0628086
1.87959 0.0606054
1.72858 0.058058
1.71369 0.0578111
1.60648 0.0560037
1.63539 0.0565313
1.4708 0.0535314
1.4521 0.0531937
1.46138 0.0535043
1.36528 0.0516429
1.45277 0.0533002
1.33958 0.0511482
1.26827 0.0497555
1.26532 0.0497785
1.18319 0.0480664
1.2084 0.0484555
1.16986 0.0477855
1.20634 0.0484514
1.12183 0.0467928
1.10271 0.046394
1.03519 0.0448838
1.04853 0.0452078
1.0094 0.0443531
0.988381 0.0440284
0.970549 0.043537
0.962812 0.0433649
1.01543 0.0446188
0.956663 0.0433971
0.901609 0.0420854
0.92461 0.0424719
0.919615 0.0424969
0.882676 0.0415655
0.885324 0.0416446
0.79755 0.0395838
0.834141 0.040416
0.81894 0.0400581
0.745723 0.0382286
0.90067 0.0419959
0.764871 0.0387819
0.785513 0.0393264
0.795237 0.0395172
0.771019 0.0389964
0.796976 0.0394586
0.745457 0.0382429
0.737082 0.0381154
0.673202 0.036298
0.708309 0.0373334
0.704015 0.0372099
0.682103 0.0366527
0.712117 0.0374813
0.673161 0.036509
0.695276 0.03706
0.702039 0.0372617
0.670322 0.0363017
0.709972 0.0374239
0.660209 0.0361153
0.647662 0.0357082
0.623253 0.035174
0.65949 0.0361412
0.6369 0.0354394
0.561699 0.0333319
0.68824 0.0369658
0.637515 0.0357521
0.571894 0.0338174
0.65049 0.0361397
0.576429 0.0340592
0.577947 0.0341166
0.611628 0.0351396
0.580009 0.0342379
0.586992 0.0345303
0.594335 0.0347821
0.599446 0.0350213
0.57897 0.0344685
0.61081 0.0353269
0.562924 0.0339244
0.560761 0.0338787
0.617232 0.0356373
0.636391 0.0362634
0.594879 0.0349962
0.524728 0.0329254
0.532279 0.0331393
0.529169 0.0330099
0.486578 0.0317883
0.546776 0.0337809
0.544387 0.0336346
0.616467 0.0357509
0.508918 0.0325149
0.52646 0.0331655
0.573285 0.034698
0.486022 0.031956
0.530275 0.0333397
0.537458 0.0335922
0.583329 0.0349728
0.507591 0.032563
0.47009 0.0314105
0.488895 0.032099
0.544929 0.0339269
0.521473 0.0332489
0.515693 0.0330163
0.519845 0.0331168
0.468217 0.0314257
0.509385 0.0327455
0.43034 0.0301055
0.460402 0.031119
0.499165 0.0324272
0.507239 0.0326395
0.462732 0.0311251
0.52561 0.0331195
0.426116 0.0299114
0.483159 0.0319291
0.473124 0.0316703
0.513685 0.0330989
0.513936 0.0331761
0.58683 0.0355877
0.490293 0.0325589
0.516311 0.0335968
0.509764 0.0336758
0.472082 0.0325191
0.525152 0.0344517
0.486541 0.033365
0.591217 0.0370801
0.49486 0.0342439
0.480966 0.0340107
# Group 8
0.398229 0.0272874
0.342713 0.0253261
0.365764 0.0260622
0.422977 0.0279527
0.418921 0.027806
0.407847 0.0273743
0.391605 0.0267542
0.351991 0.0254041
0.443528 0.028486
0.414608 0.0275197
0.50532 0.0303985
0.399871 0.0270225
0.395869 0.0267405
0.46713 0.029255
0.43176 0.0280474
0.471926 0.0292699
0.468291 0.0292137
0.48527 0.0296599
0.463468 0.0289683
0.490951 0.0297483
0.496527 0.0298905
0.497931 0.0299737
0.525701 0.0307661
0.434567 0.0278797
0.458291 0.0287019
0.465952 0.0288986
0.525605 0.0306585
0.479202 0.0292189
0.515078 0.0302983
0.52565 0.0306584
0.554858 0.0315666
0.572416 0.0318524
0.511967 0.0301696
0.565402 0.0316586
0.523197 0.0304124
0.56366 0.0316597
0.523746 0.0304246
0.482155 0.029183
0.538205 0.0307693
0.564653 0.0316143
0.612627 0.0328426
0.505399 0.0298349
0.629014 0.0332934
0.656965 0.0338816
0.552386 0.0310759
0.607776 0.0326292
0.560445 0.0312838
0.614148 0.032877
0.608105 0.0325643
0.624457 0.0330519
0.585479 0.0319901
0.651489 0.0336904
0.614526 0.0326895
0.730023 0.035624
0.654909 0.0337317
0.648765 0.033639
0.678472 0.0344026
0.679993 0.0344476
0.71952 0.0353632
0.679301 0.0344041
0.69081 0.0347175
0.718213 0.0352995
0.743636 0.0358342
0.698765 0.0347671
0.759237 0.0362804
0.758938 0.0362247
0.773281 0.0365168
0.763591 0.0361694
0.788806 0.0367812
0.777878 0.0365913
0.743907 0.0358355
0.825364 0.0376364
0.886345 0.0389631
0.759967 0.0361099
0.857618 0.0382807
0.871467 0.0385924
0.830484 0.0376745
0.890031 0.0389452
0.863349 0.03846
0.85967 0.0383342
0.930694 0.03987
0.955999 0.0404019
0.896938 0.0391123
0.939785 0.0399674
0.973909 0.0406895
0.963469 0.0405016
0.989553 0.0410224
0.941183 0.0399545
1.04206 0.0420582
1.061 0.0424785
1.01457 0.0413891
1.02835 0.0417781
1.12725 0.0436523
1.17964 0.0447835
1.12817 0.0437531
1.19049 0.0448732
1.19952 0.0450856
1.18468 0.0447495
1.25511 0.0459885
1.29064 0.046547
1.24048 0.0456258
1.33486 0.0474985
1.33197 0.0474855
1.24286 0.0458488
1.42461 0.0490145
1.45016 0.0493704
1.5322 0.050756
1.45616 0.0495466
1.62703 0.0524109
1.59252 0.0517302
1.62809 0.0522556
1.65252 0.052608
1.79666 0.0549841
1.79947 0.0549768
1.82767 0.0552367
1.92124 0.0567331
1.93833 0.0569185
2.05139 0.0583838
2.12741 0.0595981
2.20661 0.0604288
2.39584 0.0630186
2.405 0.0629342
2.54558 0.0647109
2.73217 0.0670219
2.93934 0.0695671
2.84928 0.0683297
3.06357 0.07069
3.31053 0.0734354
3.36772 0.0740772
3.65765 0.0773705
3.97977 0.0805815
4.14073 0.0822858
4.41721 0.0845347
4.94894 0.0896643
5.50516 0.094666
6.04436 0.0987699
6.80117 0.104742
7.71347 0.111778
9.04353 0.120769
11.1149 0.134113
13.4666 0.147278
17.0706 0.166027
21.949 0.188472
28.5877 0.214804
40.6213 0.256056
59.6829 0.310906
91.1997 0.385539
142.563 0.483327
219.181 0.602467
297.054 0.703276
308.866 0.718585
215.197 0.596533
96.8414 0.396374
32.8204 0.229334
14.5251 0.152072
10.7976 0.131404
9.10787 0.12026
8.26714 0.11456
7.82761 0.111419
7.3387 0.107732
6.60352 0.102333
5.94388 0.0970963
5.21574 0.0909308
4.51341 0.0846952
4.26484 0.0822895
4.02501 0.0795648
3.80044 0.0774891
3.49923 0.0742068
3.3279 0.0723794
3.27192 0.0717174
3.017 0.0687668
2.90577 0.0676299
2.6732 0.0647929
2.58466 0.0636842
2.62172 0.0642662
2.45176 0.0619305
2.31287 0.0600116
2.21279 0.0588158
2.15076 0.0580555
2.07998 0.0569968
2.02079 0.0561222
2.0763 0.0569437
1.90605 0.0546018
1.78855 0.0527959
1.69779 0.0513713
1.74548 0.0521191
1.63042 0.0503236
1.6089 0.0500178
1.53898 0.0488942
1.58923 0.0497129
1.45296 0.0475545
1.49167 0.0480754
1.35411 0.0457053
1.42594 0.0470441
1.47242 0.0477536
1.31412 0.0451433
1.28921 0.0446474
1.31654 0.0450571
1.38915 0.0463112
1.30915 0.0449624
1.27194 0.0444484
1.20595 0.0431295
1.22728 0.0434777
1.19105 0.0429008
1.23232 0.0437387
1.08537 0.0409982
1.13367 0.0417562
1.17895 0.0426592
1.12583 0.0415884
1.12397 0.0415767
1.06236 0.0404776
1.05864 0.0403356
1.14055 0.0418708
1.06977 0.0404989
0.979203 0.0387102
1.01683 0.0395239
1.03499 0.0399002
0.972616 0.0386311
0.912567 0.0375006
1.0433 0.0398382
0.996077 0.0389838
0.90509 0.0372342
0.920671 0.0374341
0.952083 0.0381793
0.968094 0.0384805
0.920719 0.0375099
0.870131 0.0364492
0.914689 0.0374395
0.927814 0.0376625
0.877205 0.0366491
0.880808 0.0366091
0.903254 0.0371142
0.91496 0.037326
0.876189 0.036448
0.859343 0.036253
0.881851 0.0366835
0.850996 0.0359643
0.814235 0.0352054
0.880432 0.0365287
0.877664 0.0364787
0.811634 0.0349486
0.795156 0.034575
0.811036 0.0349062
0.810354 0.0348431
0.756357 0.0336541
0.765358 0.0337614
0.78802 0.0342972
0.737661 0.0331579
0.845091 0.0355565
0.78128 0.0341998
0.795087 0.0344021
0.78064 0.0340111
0.710666 0.0324068
0.755224 0.0334449
0.862542 0.035788
0.742843 0.0331456
0.786531 0.0341033
0.694236 0.0319911
0.73451 0.0328511
0.789355 0.0340994
0.775645 0.0338547
0.712982 0.032373
0.725036 0.0325602
0.688046 0.0317399
0.703947 0.032196
0.678118 0.0316198
0.730712 0.0327544
0.781363 0.03388
0.743893 0.0330727
0.704044 0.0321372
0.701248 0.032019
0.710109 0.0323139
0.747482 0.0332
0.715097 0.0324408
0.702875 0.0322187
0.704086 0.0321991
0.709984 0.032276
0.689782 0.031786
0.677345 0.0314813
0.741528 0.0329969
0.696448 0.0319941
0.641056 0.0307388
0.726163 0.0327411
0.726706 0.0327641
0.695071 0.0321128
0.728611 0.032918
0.667453 0.0316073
0.73211 0.0332324
0.69348 0.0324221
0.702639 0.0326576
0.656895 0.0317551
0.662787 0.0320024
0.637738 0.0316086
0.707098 0.0335227
0.697387 0.0334062
0.640509 0.0321903
0.692697 0.0336826
0.700358 0.0340965
0.644463 0.0330643
0.75265 0.0359659
