# Number of Energy transfer values
300
# Number of q values
9
# Energy transfer (micro eV) values
-119.6
-118.8
-118
-117.2
-116.4
-115.6
-114.8
-114
-113.2
-112.4
-111.6
-110.8
-110
-109.2
-108.4
-107.6
-106.8
-106
-105.2
-104.4
-103.6
-102.8
-102
-101.2
-100.4
-99.6
-98.8
-98
-97.2
-96.4
-95.6
-94.8
-94
-93.2
-92.4
-91.6
-90.8
-90
-89.2
-88.4
-87.6
-86.8
-86
-85.2
-84.4
-83.6
-82.8
-82
-81.2
-80.4
-79.6
-78.8
-78
-77.2
-76.4
-75.6
-74.8
-74
-73.2
-72.4
-71.6
-70.8
-70
-69.2
-68.4
-67.6
-66.8
-66
-65.2
-64.4
-63.6
-62.8
-62
-61.2
-60.4
-59.6
-58.8
-58
-57.2
-56.4
-55.6
-54.8
-54
-53.2
-52.4
-51.6
-50.8
-50
-49.2
-48.4
-47.6
-46.8
-46
-45.2
-44.4
-43.6
-42.8
-42
-41.2
-40.4
-39.6
-38.8
-38
-37.2
-36.4
-35.6
-34.8
-34
-33.2
-32.4
-31.6
-30.8
-30
-29.2
-28.4
-27.6
-26.8
-26
-25.2
-24.4
-23.6
-22.8
-22
-21.2
-20.4
-19.6
-18.8
-18
-17.2
-16.4
-15.6
-14.8
-14
-13.2
-12.4
-11.6
-10.8
-10
-9.2
-8.4
-7.6
-6.8
-6
-5.2
-4.4
-3.6
-2.8
-2
-1.2
-0.4
0.4
1.2
2
2.8
3.6
4.4
5.2
6
6.8
7.6
8.4
9.2
10
10.8
11.6
12.4
13.2
14
14.8
15.6
16.4
17.2
18
18.8
19.6
20.4
21.2
22
22.8
23.6
24.4
25.2
26
26.8
27.6
28.4
29.2
30
30.8
31.6
32.4
33.2
34
34.8
35.6
36.4
37.2
38
38.8
39.6
40.4
41.2
42
42.8
43.6
44.4
45.2
46
46.8
47.6
48.4
49.2
50
50.8
51.6
52.4
53.2
54
54.8
55.6
56.4
57.2
58
58.8
59.6
60.4
61.2
62
62.8
63.6
64.4
65.2
66
66.8
67.6
68.4
69.2
70
70.8
71.6
72.4
73.2
74
74.8
75.6
76.4
77.2
78
78.8
79.6
80.4
81.2
82
82.8
83.6
84.4
85.2
86
86.8
87.6
88.4
89.2
90
90.8
91.6
92.4
93.2
94
94.8
95.6
96.4
97.2
98
98.8
99.6
100.4
101.2
102
102.8
103.6
104.4
105.2
106
106.8
107.6
108.4
109.2
110
110.8
111.6
112.4
113.2
114
114.8
115.6
116.4
117.2
118
118.8
119.6
# q (1/Angstrom) values
0.3
0.5
0.7
0.9
1.1
1.3
1.5
1.7
1.9
# Group 0
0.11574 0.0277831
0.0618181 0.0203056
0.108096 0.0270247
0.127748 0.0293083
0.115244 0.0279513
0.121595 0.0286611
0.128017 0.0293698
0.101251 0.0261434
0.108154 0.0270392
0.114812 0.0278466
0.134746 0.0301312
0.141529 0.0308851
0.141969 0.0309818
0.140514 0.0306635
0.0809721 0.0233752
0.101259 0.0261456
0.115071 0.0279095
0.12107 0.0285374
0.0804556 0.0232259
0.060436 0.0201457
0.0606511 0.0202174
0.120905 0.0284983
0.101528 0.0262152
0.11481 0.0278461
0.160508 0.0327647
0.100477 0.0259436
0.121577 0.0286572
0.0941657 0.0251672
0.128143 0.0293985
0.12728 0.029201
0.12095 0.0285087
0.161867 0.033042
0.148209 0.0315992
0.142149 0.0310201
0.094019 0.0251284
0.161211 0.0329077
0.134345 0.0300413
0.114674 0.027813
0.141133 0.0307982
0.127815 0.0293233
0.147857 0.0315239
0.154418 0.0321989
0.121214 0.0285711
0.181727 0.0349739
0.154291 0.0321727
0.0673775 0.021307
0.0868336 0.0240839
0.147446 0.0314369
0.135029 0.030194
0.14773 0.0314972
0.148203 0.0315977
0.107346 0.0268371
0.134021 0.0299686
0.120841 0.028483
0.0602047 0.0200686
0.18793 0.0355161
0.168663 0.033734
0.179334 0.034567
0.161484 0.0329635
0.154456 0.0322069
0.100747 0.0260132
0.134181 0.0300045
0.0871702 0.0241771
0.107691 0.0269237
0.114457 0.0277604
0.0741187 0.0223482
0.176999 0.0343718
0.134662 0.030112
0.12092 0.028487
0.182477 0.0351185
0.162001 0.0330693
0.115078 0.0279111
0.202046 0.0368892
0.121229 0.0285747
0.174453 0.0342138
0.160717 0.032808
0.161552 0.0329777
0.074051 0.0223276
0.222406 0.0387178
0.115121 0.0279215
0.200369 0.0366666
0.16282 0.0332362
0.237125 0.0398055
0.161906 0.0330501
0.197178 0.0366166
0.209551 0.0376375
0.183493 0.0353143
0.20334 0.0371258
0.15628 0.0325879
0.161501 0.032943
0.175666 0.0344516
0.201445 0.0368127
0.205924 0.0370922
0.183529 0.0353208
0.273157 0.0431911
0.142886 0.0311815
0.176675 0.0346509
0.131647 0.0297483
0.116049 0.0281467
0.129666 0.0297481
0.143579 0.031332
0.130442 0.0298064
0.212613 0.0381876
0.191254 0.0361444
0.278824 0.0435462
0.26062 0.0422796
0.184647 0.035536
0.218917 0.0387004
0.204696 0.0373738
0.258043 0.0418617
0.326144 0.0470785
0.245516 0.0409205
0.251809 0.041399
0.354246 0.0491264
0.306664 0.045716
0.31863 0.0464783
0.389122 0.0515417
0.564403 0.061953
0.497761 0.0582605
0.477611 0.0570879
0.509425 0.0588257
0.60329 0.0639517
0.677891 0.0677909
0.718057 0.0700794
0.870321 0.0769299
0.871364 0.0770209
0.783855 0.0730977
1.07066 0.0854623
1.36551 0.0965616
1.31613 0.0947417
1.27046 0.0929105
1.67014 0.106708
1.85065 0.112426
2.28645 0.125118
2.68 0.135287
3.09678 0.145999
3.78706 0.160877
4.99116 0.184713
6.44172 0.210142
9.05129 0.249471
13.0983 0.299184
18.8781 0.359708
28.3428 0.440442
45.0021 0.554535
69.8399 0.692526
115.353 0.890958
194.103 1.15854
318.292 1.48981
503.904 1.88004
676.749 2.18878
640.241 2.12638
373.062 1.61067
122.219 0.92238
22.2733 0.392342
2.49455 0.13088
1.08502 0.0867184
0.991077 0.0826843
0.931512 0.0804733
0.793701 0.0741772
0.821166 0.075353
0.74768 0.0719484
0.768997 0.0729927
0.588716 0.063857
0.659253 0.0676408
0.695205 0.069523
0.556654 0.0622381
0.555254 0.0620814
0.543583 0.0615505
0.40885 0.0532296
0.446582 0.0558242
0.374289 0.050936
0.291633 0.0450012
0.327738 0.0478069
0.31212 0.0465295
0.263415 0.0427329
0.355267 0.0497487
0.243026 0.0410798
0.289751 0.0447108
0.263344 0.042723
0.208439 0.0380568
0.200515 0.0372355
0.242772 0.0410368
0.341748 0.0488228
0.270824 0.0433677
0.152134 0.0324364
0.208131 0.0380009
0.19329 0.0365292
0.166475 0.0339827
0.221365 0.039133
0.14544 0.0317385
0.18604 0.0358041
0.215364 0.0386815
0.179149 0.0351351
0.172218 0.0344443
0.173084 0.0346176
0.201609 0.0374389
0.159623 0.0332843
0.215108 0.0386352
0.131264 0.0301146
0.188002 0.0361819
0.159176 0.0331916
0.159399 0.0332378
0.20092 0.0373107
0.194974 0.0368475
0.132788 0.0304645
0.209397 0.0382314
0.195646 0.0369744
0.153942 0.0328211
0.16726 0.0341425
0.139462 0.0311852
0.146742 0.0320224
0.166943 0.0340778
0.201505 0.0374194
0.153217 0.0326668
0.215402 0.0386883
0.202078 0.037526
0.167273 0.0341463
0.14587 0.0318321
0.160458 0.0334585
0.153902 0.032813
0.174925 0.0349863
0.228199 0.0398427
0.160627 0.0334941
0.140569 0.0314335
0.164488 0.0339272
0.160001 0.0333632
0.111974 0.027994
0.133512 0.0306304
0.10517 0.0271557
0.161653 0.0337095
0.211298 0.0385781
0.126483 0.0298131
0.195969 0.0370353
0.175354 0.0350714
0.126744 0.0298745
0.154717 0.0329865
0.216824 0.0389437
0.181889 0.0356722
0.126513 0.02982
0.11238 0.0280954
0.182457 0.0357843
0.167991 0.034294
0.197389 0.037304
0.153632 0.0327771
0.141882 0.0317264
0.152517 0.032637
0.127765 0.0301151
0.133789 0.030694
0.193807 0.0369282
0.141615 0.0316669
0.226806 0.0400951
0.151081 0.032741
0.149738 0.0326763
0.149899 0.0327113
0.120898 0.0293227
0.164095 0.0342171
0.221418 0.0397688
0.128461 0.0302791
0.135521 0.0310913
0.13532 0.0310451
0.197996 0.0374188
0.170666 0.0348391
0.184356 0.0361561
0.135072 0.0309884
0.121373 0.0294379
0.185771 0.0364336
0.114106 0.028528
0.214448 0.0391537
0.213644 0.0390068
0.155758 0.0332087
0.149116 0.0325407
0.193135 0.0371695
0.164219 0.0342426
0.163342 0.0340599
0.178216 0.0356443
0.178515 0.035704
0.149039 0.0325244
0.162681 0.0339222
0.142414 0.0318451
0.156463 0.0333586
0.127951 0.0301589
0.207161 0.0384703
0.148599 0.0325906
0.187436 0.0367605
0.11798 0.0289823
0.212151 0.0391003
0.139346 0.0319695
0.182692 0.0365395
0.154734 0.0337663
0.156518 0.0341557
0.104171 0.0278412
0.171869 0.0358381
0.207128 0.0398633
0.115849 0.0299135
0.156357 0.0349632
0.131397 0.0319351
0.160741 0.0359444
0.140083 0.0339769
0.207381 0.0414774
0.210682 0.0421375
# Group 1
0.102744 0.0178973
0.106235 0.0182254
0.115826 0.0190421
0.0717655 0.0149646
0.132082 0.0203811
0.106709 0.0183011
0.168746 0.0229641
0.128533 0.020074
0.119477 0.0193822
0.131488 0.0202896
0.106036 0.0181854
0.109514 0.0185119
0.134813 0.0205599
0.0715841 0.0149266
0.125295 0.0198112
0.0847319 0.0163071
0.12283 0.019669
0.092239 0.0168889
0.104995 0.0180501
0.128631 0.0200892
0.100625 0.0177886
0.11941 0.0193713
0.126801 0.0200496
0.113752 0.0189591
0.131589 0.0203055
0.113085 0.018848
0.126729 0.0200387
0.145093 0.0213936
0.142015 0.0211708
0.119335 0.0193593
0.078575 0.0157153
0.104029 0.0181096
0.141616 0.0211113
0.15209 0.0219529
0.107204 0.018386
0.0943898 0.0172336
0.173308 0.0233698
0.135905 0.0207259
0.119631 0.0194071
0.0977815 0.0175625
0.141716 0.0211263
0.138165 0.0208296
0.119786 0.0194324
0.148124 0.0216066
0.141357 0.021073
0.0914095 0.0169746
0.122345 0.0195916
0.144593 0.0213199
0.120113 0.0194853
0.122872 0.0196757
0.15425 0.0220364
0.13213 0.0203886
0.0909476 0.0168889
0.0942955 0.0172163
0.143984 0.0212298
0.112791 0.018799
0.17645 0.0235802
0.141923 0.0210403
0.106646 0.0182901
0.178355 0.0236243
0.11271 0.0187853
0.149744 0.0216142
0.130919 0.0202017
0.14729 0.0214853
0.128022 0.0199942
0.146544 0.0213763
0.145816 0.0212781
0.14907 0.021528
0.135768 0.0204949
0.1313 0.0202604
0.145046 0.0212296
0.137889 0.0207881
0.156303 0.022105
0.106224 0.0182177
0.124913 0.019751
0.143477 0.0211345
0.168482 0.0229284
0.137369 0.0207097
0.133708 0.020391
0.16296 0.022599
0.176179 0.023416
0.131636 0.0203123
0.134569 0.0204004
0.127285 0.0198791
0.178765 0.0236791
0.160788 0.0223421
0.137857 0.0207833
0.144726 0.0212154
0.17479 0.0233583
0.134054 0.0203989
0.164493 0.0225953
0.131389 0.020175
0.154079 0.0217842
0.137268 0.0206944
0.131247 0.0202524
0.161046 0.0223568
0.158343 0.0221737
0.179295 0.0235694
0.165471 0.0227298
0.169256 0.0229513
0.181364 0.0238148
0.168818 0.0229738
0.153446 0.0219216
0.199709 0.0249642
0.189614 0.0242783
0.203884 0.0252896
0.253164 0.0281302
0.200208 0.0250267
0.212218 0.0257365
0.229605 0.0266921
0.314213 0.0312678
0.268167 0.0289183
0.249396 0.0278845
0.286576 0.0298785
0.295952 0.030365
0.26313 0.0285413
0.349386 0.0330148
0.385662 0.0346346
0.440275 0.0369911
0.453081 0.0376281
0.469381 0.0381995
0.459754 0.0377937
0.601514 0.0432182
0.547923 0.0414026
0.640222 0.0447173
0.848411 0.0514451
0.815326 0.0504701
0.932088 0.0539651
0.977167 0.055236
1.03422 0.0567632
1.24773 0.0622366
1.23731 0.0620248
1.49601 0.0682177
1.67036 0.0721547
2.10039 0.0807971
2.57043 0.0896662
2.88925 0.094705
3.86554 0.109486
5.04775 0.125209
6.88373 0.146473
9.93091 0.17544
13.8477 0.207361
20.6831 0.253347
32.2994 0.316215
51.1794 0.398886
84.2312 0.51217
138.837 0.659103
233.841 0.859508
369.875 1.08478
505.667 1.2752
496.93 1.26221
307.825 0.98391
115.016 0.599642
24.9101 0.277898
4.319 0.115106
1.34992 0.0646224
1.05563 0.0568542
0.957244 0.0543708
1.03956 0.0565547
0.791173 0.0492673
0.849476 0.0510428
0.728445 0.0472205
0.820527 0.0501241
0.718109 0.046947
0.606604 0.0431273
0.603183 0.0430867
0.544632 0.0409404
0.602418 0.0430857
0.489073 0.0387876
0.449139 0.0373005
0.465964 0.0379134
0.405767 0.0353852
0.441821 0.0370782
0.393237 0.0348954
0.412253 0.0357484
0.35606 0.0332843
0.267855 0.0288423
0.300086 0.0304657
0.278696 0.0293792
0.295254 0.0302935
0.303255 0.0306343
0.254527 0.0281086
0.240451 0.0274029
0.233154 0.026923
0.226414 0.026501
0.229799 0.0267148
0.200978 0.0249289
0.214243 0.0257929
0.210817 0.025566
0.216686 0.0258999
0.258974 0.0282571
0.198819 0.0248531
0.191243 0.0242887
0.181997 0.0236947
0.179741 0.0236018
0.174336 0.0232974
0.167876 0.0228456
0.183047 0.0238313
0.197829 0.0247293
0.173895 0.0232383
0.179058 0.0235123
0.181928 0.0236856
0.147998 0.0213621
0.166671 0.0226818
0.155023 0.0219241
0.185728 0.0239779
0.195186 0.0245918
0.198624 0.0248286
0.212948 0.0256365
0.191622 0.0243367
0.179624 0.0235864
0.175825 0.0232891
0.160319 0.0222329
0.151212 0.0216022
0.225218 0.0263605
0.142312 0.0209834
0.191056 0.0242657
0.182215 0.0237231
0.216022 0.0258202
0.176377 0.0233625
0.15466 0.021873
0.171509 0.0229835
0.197546 0.0246942
0.129996 0.0200597
0.172963 0.0231319
0.137788 0.020541
0.162579 0.0223325
0.203445 0.025043
0.14732 0.0212645
0.163022 0.0223946
0.163741 0.022492
0.154021 0.0217823
0.19337 0.0243628
0.144389 0.0210617
0.163454 0.0224526
0.200039 0.024816
0.153524 0.021712
0.153558 0.021717
0.169768 0.022892
0.19756 0.0246957
0.16441 0.0224952
0.148749 0.0213832
0.15178 0.0216835
0.163892 0.0224459
0.15179 0.0216847
0.19508 0.024453
0.126222 0.0197134
0.168543 0.0227272
0.145529 0.0210476
0.1961 0.0245132
0.149948 0.0214218
0.182019 0.0235905
0.166202 0.0225426
0.165955 0.0225842
0.18416 0.0237756
0.147727 0.0213232
0.185026 0.0238875
0.188043 0.024077
0.157729 0.0220067
0.151208 0.0215671
0.147218 0.0212499
0.181645 0.0236496
0.165531 0.0225265
0.193799 0.0244172
0.191106 0.0242713
0.182311 0.0237355
0.142159 0.0209612
0.191597 0.0243338
0.147834 0.0213386
0.13484 0.0203285
0.168883 0.0227728
0.12676 0.0197972
0.154391 0.0218347
0.168827 0.0227652
0.178673 0.0234617
0.163884 0.0225117
0.165856 0.0225712
0.159456 0.0221133
0.187764 0.0240413
0.13821 0.0206036
0.199113 0.0246975
0.181466 0.0236259
0.147284 0.0213229
0.148642 0.0214554
0.22206 0.0261935
0.120847 0.0193668
0.150503 0.0217241
0.138096 0.0208195
0.161568 0.0226246
0.150456 0.021947
0.173414 0.0235474
0.177159 0.0238888
0.148109 0.0220802
0.22308 0.0272549
0.151295 0.0225543
0.177818 0.0244937
0.193046 0.0257981
0.164235 0.0239574
0.241536 0.0292917
0.158358 0.0238743
# Group 2
0.144946 0.0221047
0.0909143 0.0174969
0.0940803 0.0177799
0.140702 0.0217115
0.111513 0.0194124
0.0962825 0.0179469
0.112352 0.0193824
0.128387 0.0208275
0.118638 0.020054
0.108027 0.0190971
0.134777 0.0213109
0.121485 0.0202482
0.125121 0.0205708
0.113858 0.0195271
0.131222 0.0210129
0.155134 0.0228739
0.118257 0.0199895
0.136362 0.0212936
0.120145 0.0199053
0.120631 0.0201057
0.100708 0.018387
0.107268 0.0189629
0.10133 0.0185007
0.121152 0.0201925
0.123412 0.0202896
0.117182 0.0198078
0.124802 0.0205182
0.138273 0.0215955
0.141646 0.0218569
0.124027 0.0203905
0.117569 0.0198732
0.145045 0.0221199
0.127972 0.0207604
0.128641 0.0208689
0.12465 0.020493
0.147777 0.0222789
0.110941 0.019313
0.0911842 0.0175488
0.134775 0.0213103
0.11784 0.0199191
0.128108 0.0207823
0.124395 0.0204508
0.168742 0.0238644
0.148521 0.0223909
0.134746 0.0213059
0.132036 0.0211431
0.121073 0.0201796
0.15499 0.022853
0.125521 0.0206363
0.128562 0.0208561
0.125163 0.0205774
0.134905 0.021331
0.114553 0.019646
0.121592 0.0202658
0.114495 0.0196361
0.155325 0.0229019
0.142554 0.0219973
0.138595 0.0216455
0.118734 0.0200702
0.132156 0.0211624
0.132384 0.0211989
0.118414 0.0200162
0.152246 0.022696
0.180396 0.0247802
0.135881 0.0214851
0.135892 0.021487
0.159358 0.0232454
0.160026 0.023243
0.173314 0.0241363
0.135605 0.0214415
0.137285 0.0214906
0.132283 0.0211827
0.152107 0.0226753
0.185511 0.0250151
0.114478 0.0196333
0.148188 0.0223408
0.18053 0.0246267
0.178974 0.0245846
0.145177 0.02214
0.166782 0.0238213
0.183207 0.0249319
0.139543 0.0217934
0.176444 0.0244691
0.131529 0.0210623
0.187049 0.0252227
0.139557 0.0216117
0.135717 0.0214593
0.120436 0.0201017
0.232798 0.0280269
0.137542 0.0214834
0.124326 0.0204395
0.129751 0.0208497
0.183426 0.0248395
0.159548 0.023273
0.115768 0.0198546
0.14334 0.0219768
0.195589 0.0256834
0.168857 0.0238808
0.183246 0.0249373
0.148498 0.0223998
0.1729 0.0242114
0.193537 0.0256353
0.206913 0.0264942
0.19228 0.0254806
0.18893 0.0252475
0.161439 0.0233782
0.15293 0.022798
0.180531 0.0247985
0.268122 0.0301675
0.273411 0.0303801
0.267712 0.0301222
0.220785 0.0273861
0.268127 0.030168
0.267867 0.0301383
0.335937 0.033764
0.310555 0.0323787
0.223385 0.0275142
0.331979 0.0335359
0.397785 0.0366714
0.449509 0.0391266
0.433863 0.0383186
0.479523 0.0402428
0.620265 0.0457384
0.560289 0.0436226
0.663744 0.0474127
0.710309 0.049023
0.719705 0.049432
0.770677 0.0511852
0.975042 0.0574854
1.01311 0.0586367
1.00325 0.0583644
1.42567 0.0696706
1.53571 0.0723935
1.66975 0.0755919
1.85008 0.0794745
2.23349 0.087615
2.7655 0.0971217
3.65979 0.111699
4.90305 0.12937
6.36335 0.147633
8.82864 0.173491
13.1444 0.212055
19.5649 0.258921
29.8938 0.319804
48.106 0.406631
77.1963 0.515576
125.944 0.659901
211.31 0.858476
340.36 1.09306
479.497 1.30482
494.922 1.32622
320.807 1.06012
118.875 0.643999
24.5831 0.291825
4.04308 0.11777
1.54479 0.0730903
1.27513 0.0661342
0.989254 0.0584693
0.898507 0.0557256
0.994768 0.0585916
0.942787 0.0570631
0.842038 0.0539107
0.864562 0.0546823
0.734558 0.0504244
0.673267 0.0483083
0.685847 0.048867
0.623305 0.0465404
0.564631 0.0442766
0.553893 0.0438072
0.47373 0.0406236
0.502508 0.041733
0.435611 0.0388219
0.482941 0.0409698
0.393583 0.0368918
0.416595 0.0379266
0.371911 0.0358961
0.30603 0.0325947
0.311179 0.0328075
0.347539 0.0347565
0.232198 0.0284204
0.275329 0.0309778
0.238705 0.0288788
0.19746 0.0263876
0.309087 0.0329497
0.214167 0.0273737
0.217861 0.0276696
0.220763 0.0278143
0.199953 0.0264853
0.217562 0.0276312
0.245076 0.0292932
0.177887 0.0249098
0.218009 0.0276881
0.234482 0.0286475
0.143303 0.0223806
0.227416 0.0282264
0.158627 0.0236476
0.190595 0.0259372
0.190519 0.025927
0.186445 0.0256107
0.155525 0.0234468
0.137379 0.021999
0.151122 0.0230464
0.158216 0.0235859
0.126725 0.0211213
0.180239 0.0252392
0.162652 0.0239822
0.162536 0.0239652
0.14148 0.0223704
0.140698 0.0222467
0.168728 0.0243543
0.183071 0.0253879
0.136579 0.0218707
0.181706 0.0251988
0.202709 0.0266177
0.177997 0.0249254
0.192855 0.0260052
0.174231 0.0246417
0.132779 0.0215403
0.181867 0.0252211
0.172024 0.0245756
0.164733 0.0240296
0.133331 0.0216296
0.202998 0.0266559
0.221631 0.0279242
0.159059 0.0237116
0.139703 0.02209
0.164619 0.0240126
0.169793 0.0244121
0.175799 0.0248627
0.116653 0.0203084
0.174409 0.0248242
0.116743 0.0203228
0.14806 0.0228466
0.137595 0.0220333
0.148803 0.0229613
0.131318 0.0215134
0.154676 0.0233187
0.20357 0.0267308
0.158759 0.0236669
0.172724 0.0246754
0.161307 0.0237999
0.186025 0.0255566
0.169182 0.02442
0.161567 0.0238223
0.169602 0.0244805
0.130098 0.0213885
0.183317 0.0253999
0.133048 0.0215842
0.148179 0.0227274
0.171353 0.0244796
0.146362 0.0225846
0.170594 0.024397
0.170785 0.0243901
0.178224 0.024957
0.191473 0.0258188
0.156628 0.0233495
0.185008 0.0254136
0.122001 0.0206224
0.180142 0.0249917
0.163149 0.0237999
0.235377 0.0285448
0.166313 0.0240064
0.142064 0.0221872
0.104753 0.0191012
0.143169 0.0223599
0.185192 0.0254387
0.146719 0.0226402
0.203188 0.0266808
0.150473 0.0229474
0.142603 0.0222715
0.181612 0.0251856
0.137173 0.0219658
0.172127 0.0245902
0.167702 0.0242064
0.108401 0.0194699
0.144441 0.0225584
0.178094 0.0249393
0.146294 0.0225743
0.140016 0.0221391
0.129379 0.0212702
0.132594 0.02151
0.129671 0.0213185
0.137939 0.0220888
0.176414 0.0249496
0.109023 0.019582
0.144829 0.022619
0.159537 0.0237834
0.159577 0.0237892
0.139013 0.0222604
0.115001 0.0203303
0.158051 0.0238318
0.159028 0.023975
0.129516 0.0218937
0.135165 0.0225286
0.185587 0.0265131
0.149284 0.0239054
0.159072 0.024844
0.229476 0.0301338
0.136302 0.0233763
0.178897 0.026965
# Group 3
0.140117 0.0221552
0.115705 0.0201422
0.147417 0.0227474
0.147068 0.0226938
0.141174 0.0223221
0.14521 0.0225035
0.118233 0.0203175
0.154991 0.0233662
0.109507 0.0196685
0.116319 0.020249
0.133183 0.0216062
0.119745 0.0205367
0.123605 0.0208941
0.0946361 0.0182132
0.148279 0.0228805
0.123862 0.0209371
0.120459 0.0206591
0.119899 0.0205632
0.124566 0.0208437
0.130461 0.0214481
0.173138 0.0247345
0.0986474 0.018645
0.09631 0.0185353
0.106557 0.0194549
0.1446 0.0225837
0.123717 0.0209125
0.138981 0.0222559
0.138607 0.0221956
0.0960246 0.0184803
0.127325 0.0212214
0.124301 0.0210111
0.148699 0.0229751
0.131949 0.0216928
0.143673 0.0227172
0.10306 0.0191516
0.110634 0.0198709
0.129229 0.0215389
0.126033 0.0213039
0.103996 0.0193144
0.14061 0.022516
0.119517 0.0208058
0.153714 0.0235065
0.116433 0.0205831
0.124161 0.021256
0.141819 0.0227099
0.128265 0.0216812
0.168322 0.0247248
0.109662 0.0200223
0.121749 0.0211943
0.16556 0.0246809
0.176598 0.0254906
0.190847 0.0264664
0.146571 0.0231754
0.14695 0.0232353
0.160597 0.0242115
0.149966 0.0234212
0.143352 0.0229556
0.153555 0.0236948
0.14258 0.0228315
0.161967 0.0242397
0.142478 0.0228152
0.138403 0.0224526
0.138021 0.0223905
0.16819 0.0247992
0.123716 0.0212176
0.141809 0.0227083
0.15296 0.0236029
0.167413 0.0246843
0.137788 0.0223526
0.134771 0.0221567
0.145514 0.0230085
0.168039 0.0247767
0.145485 0.0230037
0.170714 0.0248909
0.155873 0.0237711
0.137545 0.0223134
0.143146 0.0227014
0.135989 0.0221281
0.144842 0.0229024
0.211488 0.0277705
0.16381 0.0244199
0.142282 0.0227839
0.145637 0.0230279
0.108876 0.0198785
0.153277 0.0236521
0.188506 0.026142
0.156685 0.0238948
0.188797 0.0261823
0.134533 0.0221178
0.137677 0.0222775
0.154808 0.0236085
0.181939 0.0255332
0.171323 0.0247541
0.144045 0.022776
0.179647 0.0254174
0.161581 0.0240879
0.165074 0.02434
0.15834 0.0238716
0.15185 0.0234317
0.130214 0.0217029
0.144589 0.022862
0.173691 0.0250708
0.162987 0.0242646
0.181099 0.0255079
0.147119 0.0229768
0.197309 0.0266538
0.234224 0.0290527
0.244924 0.0297023
0.172493 0.0248983
0.225062 0.0283561
0.247477 0.0297948
0.229963 0.0287464
0.261539 0.0306122
0.326814 0.0342604
0.2808 0.0317953
0.264814 0.030785
0.375705 0.0367553
0.315527 0.0336362
0.409859 0.0383881
0.496195 0.0422408
0.467611 0.0408585
0.520484 0.043078
0.545624 0.0441127
0.603308 0.0465496
0.604924 0.0465274
0.611744 0.0467355
0.7223 0.0508233
0.855852 0.0552743
0.973384 0.0587538
0.947097 0.0579133
1.21331 0.0655266
1.34312 0.0690017
1.59632 0.0752503
1.74269 0.0787979
2.06313 0.085675
2.45523 0.0937527
3.14555 0.105746
4.10201 0.120637
4.95511 0.132565
6.8863 0.156439
9.57973 0.183937
13.8888 0.221706
21.1148 0.273341
31.2673 0.332316
50.3735 0.422796
82.0783 0.540236
134.92 0.693791
225.832 0.901155
364.767 1.14899
515.283 1.37353
549.302 1.41942
357.229 1.13555
128.579 0.679184
25.1867 0.299333
3.93467 0.117717
1.54607 0.0740171
1.12226 0.0627726
1.03281 0.0603745
0.902324 0.0563981
0.888445 0.0558601
0.830947 0.053978
0.768999 0.051821
0.691239 0.0491261
0.727145 0.0503441
0.617594 0.0464253
0.644204 0.0473886
0.571978 0.0446669
0.543515 0.0436128
0.509797 0.0421007
0.542493 0.0435761
0.445446 0.0393739
0.493949 0.0414529
0.465004 0.0402562
0.344873 0.0345479
0.338184 0.0341846
0.34395 0.0345187
0.359696 0.0352702
0.302964 0.032242
0.302425 0.0322409
0.294029 0.0317546
0.225647 0.0277759
0.255988 0.0295675
0.260419 0.0298936
0.304816 0.0323113
0.218437 0.0273085
0.209001 0.0267609
0.177623 0.0246326
0.256831 0.0296574
0.215724 0.0271796
0.31405 0.0327433
0.166737 0.0238202
0.222798 0.0276354
0.19086 0.0255048
0.166794 0.0238283
0.209418 0.0267045
0.20886 0.0267428
0.167664 0.0239524
0.180946 0.0248554
0.155769 0.0229766
0.133372 0.0213571
0.194466 0.0257586
0.115804 0.0198608
0.146708 0.0223733
0.140075 0.0218767
0.120111 0.020303
0.171449 0.0242471
0.161149 0.0235066
0.192474 0.0257211
0.17424 0.024399
0.16066 0.0234352
0.171092 0.0241966
0.208018 0.0266347
0.170248 0.0240773
0.163632 0.0236189
0.119114 0.0201345
0.147176 0.0224446
0.160279 0.0233806
0.168198 0.023935
0.154181 0.0229846
0.18189 0.0249853
0.199238 0.0261621
0.192408 0.0257122
0.123659 0.0206105
0.168533 0.0240772
0.14842 0.0226343
0.129315 0.0209787
0.146349 0.0223185
0.159826 0.0233247
0.135976 0.0215003
0.139497 0.0217875
0.170073 0.0240622
0.172549 0.0241952
0.19022 0.0254198
0.147035 0.0223311
0.14019 0.0218945
0.177633 0.0246339
0.139414 0.0217731
0.142587 0.0220021
0.225266 0.027729
0.201386 0.0262188
0.204794 0.0264399
0.180728 0.0248256
0.164223 0.0237042
0.187506 0.0252839
0.178233 0.0247171
0.129293 0.0209751
0.171188 0.0242103
0.146414 0.0223287
0.136649 0.0216066
0.157082 0.0231611
0.150064 0.0226235
0.150893 0.0227485
0.16783 0.0239763
0.191715 0.0256196
0.133161 0.0213234
0.17437 0.0244174
0.192027 0.0256615
0.154077 0.0229689
0.153696 0.0229122
0.150164 0.0226385
0.162918 0.023516
0.150013 0.0226167
0.139071 0.0217197
0.16455 0.0236102
0.143676 0.0221703
0.143683 0.0221713
0.116367 0.0199578
0.119961 0.0202776
0.167231 0.0238907
0.13532 0.0213965
0.101841 0.018594
0.184307 0.0250816
0.129506 0.0210091
0.145707 0.0222206
0.149518 0.0225415
0.143394 0.0221268
0.173161 0.0242484
0.137242 0.0214953
0.153441 0.022874
0.183984 0.0250376
0.156448 0.0230675
0.140138 0.0218866
0.16867 0.0240971
0.165287 0.0238579
0.15807 0.0233071
0.148655 0.0226702
0.198261 0.0262616
0.145993 0.0225278
0.147111 0.0227002
0.155554 0.0234514
0.159211 0.0237342
0.156409 0.0235801
0.145609 0.023024
0.117822 0.0208291
0.148361 0.0234586
0.138651 0.022795
0.163674 0.0249612
0.146747 0.0238067
0.149202 0.0242045
0.227387 0.0301195
# Group 4
0.160809 0.0257511
0.123367 0.0225243
0.139808 0.0239774
0.106501 0.0208872
0.119619 0.0222133
0.141067 0.0240143
0.110761 0.0213166
0.123382 0.0225267
0.168829 0.0263675
0.123499 0.0225482
0.123282 0.0224834
0.127252 0.0228559
0.0739275 0.0174257
0.154931 0.0251336
0.160113 0.0256394
0.164522 0.0260139
0.189783 0.0279827
0.178494 0.0269968
0.171641 0.0264855
0.126982 0.0228071
0.110618 0.0212889
0.105251 0.0206403
0.186793 0.0276656
0.151685 0.0249373
0.170301 0.0262791
0.122178 0.0223068
0.135341 0.023561
0.171959 0.0265347
0.114733 0.0216829
0.183081 0.027293
0.163146 0.0257962
0.132378 0.0231993
0.126742 0.0227641
0.131458 0.0232392
0.164145 0.02584
0.167013 0.0260837
0.138801 0.023805
0.147443 0.0245744
0.167529 0.0261121
0.140055 0.0238127
0.122144 0.022301
0.139612 0.0236875
0.116123 0.021622
0.153609 0.0249209
0.153194 0.0248129
0.137348 0.0235555
0.195564 0.0279493
0.15656 0.0250707
0.230454 0.0305253
0.137119 0.0235164
0.133398 0.0232224
0.214059 0.029404
0.14525 0.0242088
0.145742 0.0242909
0.141368 0.0238962
0.125605 0.0225599
0.150977 0.0248215
0.17468 0.0266392
0.191263 0.0278993
0.152566 0.0248034
0.170732 0.0263451
0.16643 0.0259927
0.150144 0.0246841
0.18816 0.0277439
0.147016 0.0245031
0.192009 0.0280082
0.163906 0.0259166
0.159944 0.0256121
0.18842 0.0277816
0.17741 0.0270555
0.20376 0.0289158
0.149586 0.0249315
0.132659 0.0234514
0.132868 0.0234885
0.141739 0.0242319
0.162554 0.0260302
0.171455 0.0267776
0.157636 0.0255875
0.18294 0.0276729
0.179442 0.0275833
0.115111 0.0221533
0.227124 0.0311986
0.196798 0.0290172
0.136198 0.0240774
0.180254 0.027815
0.161989 0.0262789
0.205478 0.029659
0.174915 0.0273179
0.209417 0.029918
0.169837 0.0268545
0.199483 0.0290982
0.195848 0.028877
0.152932 0.0254892
0.183543 0.0279907
0.206126 0.0296402
0.161614 0.0262183
0.211234 0.0298743
0.169569 0.0268123
0.221109 0.0306633
0.136117 0.0240629
0.19562 0.0288433
0.204497 0.0295176
0.200125 0.0291922
0.165683 0.0265311
0.215461 0.0301715
0.165887 0.026564
0.19548 0.0288227
0.314673 0.0365811
0.207837 0.0296923
0.240025 0.0317931
0.258906 0.0331516
0.322525 0.0369975
0.261836 0.0332546
0.355187 0.0387553
0.244991 0.0321699
0.302148 0.0356096
0.367284 0.0393781
0.471217 0.0445273
0.413525 0.0417739
0.435568 0.0429197
0.558774 0.0484544
0.6163 0.0508344
0.633735 0.0515747
0.705243 0.0545773
0.741084 0.0558641
0.782512 0.0573793
0.922762 0.0623577
1.08797 0.0677384
1.10001 0.068093
1.329 0.0747669
1.28104 0.0732378
1.42496 0.0772845
1.64849 0.0830776
1.88386 0.0889137
2.25988 0.0972588
2.92691 0.111039
3.37015 0.118725
4.2789 0.133739
5.96384 0.158024
7.55762 0.178187
11.2295 0.216608
16.1966 0.260383
23.643 0.314519
36.8274 0.392189
59.4456 0.499526
94.8896 0.631817
156.551 0.813641
261.47 1.05634
418.846 1.34147
578.503 1.58492
585.651 1.59322
366.548 1.24818
132.301 0.747385
28.9761 0.348337
5.12319 0.145755
1.90167 0.0891608
1.36706 0.075261
1.29772 0.0735919
1.13665 0.0687971
1.13445 0.0686641
0.962882 0.0632195
0.8987 0.0610112
0.882956 0.0605019
0.917716 0.0617358
0.801566 0.0577008
0.700842 0.0539086
0.608951 0.0502276
0.644159 0.0517422
0.610674 0.0501999
0.535314 0.0471337
0.677026 0.0528696
0.56584 0.048345
0.435971 0.042548
0.478884 0.0444651
0.466402 0.0438773
0.427217 0.0420964
0.372446 0.0392604
0.419933 0.041581
0.342039 0.0375465
0.392628 0.0402845
0.288022 0.0344262
0.293485 0.0347824
0.299517 0.0351679
0.27201 0.0334831
0.250845 0.0321187
0.275676 0.0336807
0.21305 0.0295455
0.337095 0.0372276
0.221941 0.0302033
0.245743 0.0317264
0.253142 0.03215
0.27525 0.0336282
0.159598 0.0255571
0.204201 0.028879
0.217361 0.0298578
0.189193 0.027896
0.209907 0.0293936
0.180783 0.0272546
0.2137 0.0295372
0.197189 0.0284625
0.16743 0.0261492
0.1507 0.0247755
0.163078 0.0257855
0.208052 0.029134
0.205189 0.0290188
0.188897 0.027852
0.123732 0.0225027
0.181412 0.0273495
0.221388 0.0301278
0.229778 0.0307061
0.23415 0.0310147
0.208619 0.0292132
0.163523 0.025856
0.188475 0.02779
0.225199 0.0303667
0.180796 0.0272568
0.229196 0.0306296
0.211975 0.0294101
0.163855 0.0259084
0.221412 0.0301314
0.200354 0.0286268
0.205529 0.029067
0.168656 0.0263405
0.198205 0.0286098
0.165793 0.0262148
0.204494 0.0289212
0.163953 0.0259238
0.156487 0.0253862
0.164058 0.0259406
0.160916 0.0257693
0.194391 0.0283555
0.16651 0.02613
0.160288 0.0256671
0.253974 0.0322656
0.193595 0.0282394
0.181253 0.0273256
0.184369 0.0274847
0.180377 0.0271935
0.218602 0.0300281
0.210544 0.0294829
0.169509 0.026474
0.169171 0.0264207
0.18654 0.0278086
0.226822 0.0305854
0.211626 0.0296344
0.153032 0.0251352
0.186234 0.0277628
0.205952 0.0291272
0.169192 0.0264239
0.180949 0.0272799
0.189026 0.0278711
0.198285 0.0286206
0.165148 0.0261128
0.185855 0.0277062
0.173135 0.0267159
0.177643 0.0270911
0.165773 0.0262117
0.198896 0.0287088
0.181979 0.0274351
0.157088 0.0254836
0.209784 0.0293768
0.140582 0.0241112
0.18535 0.0276309
0.16005 0.0256706
0.256907 0.0326282
0.174082 0.0268621
0.174324 0.0269001
0.178271 0.0271872
0.211108 0.0295618
0.172661 0.0266428
0.181841 0.0274142
0.179343 0.0273502
0.170684 0.026657
0.190453 0.0280816
0.157824 0.0256033
0.191762 0.0282745
0.148838 0.0248074
0.175923 0.0269104
0.212487 0.0296586
0.207284 0.029315
0.161181 0.0258102
0.203205 0.0290304
0.184543 0.027822
0.133967 0.0236831
0.217577 0.0301737
0.202353 0.0292077
0.169626 0.0268214
0.186835 0.0281673
0.222422 0.0308451
0.146751 0.0251685
0.19005 0.0286517
0.225581 0.0312835
0.213484 0.0308153
0.166356 0.0273499
0.135808 0.0247956
0.210716 0.0310695
0.209379 0.0312138
0.151604 0.0268019
0.216163 0.0322249
0.136823 0.0258579
# Group 5
0.1071 0.0202407
0.118375 0.0212614
0.118317 0.0212508
0.125172 0.0217902
0.126181 0.0219658
0.102781 0.0197808
0.113986 0.0208115
0.163491 0.0249327
0.152195 0.0240648
0.151538 0.0239607
0.102142 0.0196578
0.124678 0.0217044
0.132634 0.0224204
0.142422 0.0231045
0.0981216 0.0192436
0.132036 0.0223187
0.132358 0.0223732
0.129705 0.0219914
0.153124 0.0239144
0.115958 0.0208271
0.134959 0.0224936
0.113447 0.0205154
0.13775 0.022685
0.134629 0.0224387
0.136967 0.0225179
0.107615 0.0199842
0.123485 0.0214971
0.137802 0.0226552
0.11165 0.0203849
0.133016 0.02217
0.159084 0.0242606
0.174366 0.0254347
0.148021 0.0234048
0.133888 0.0223152
0.107338 0.0199329
0.158218 0.0241286
0.155009 0.0239194
0.0923362 0.0184676
0.14715 0.023267
0.156706 0.0239337
0.132211 0.0220357
0.127995 0.0216354
0.144481 0.0229513
0.175538 0.0253373
0.141759 0.0227015
0.160759 0.0242358
0.137852 0.0223634
0.123362 0.0211572
0.134909 0.0221795
0.127028 0.0214723
0.145171 0.0229543
0.133838 0.0220034
0.133366 0.0219257
0.140718 0.0225333
0.150807 0.0232697
0.132886 0.0218468
0.172866 0.024952
0.093391 0.0183159
0.121813 0.0208911
0.121332 0.0208087
0.131902 0.021685
0.117151 0.0203938
0.155802 0.0234885
0.160026 0.0238563
0.152048 0.0231877
0.187202 0.025715
0.162076 0.0238975
0.144211 0.0225225
0.160932 0.0237286
0.186145 0.0255697
0.16648 0.0240459
0.136714 0.0218924
0.167118 0.024122
0.12492 0.0208205
0.148041 0.0225805
0.151552 0.022848
0.134128 0.0214784
0.184484 0.0251094
0.155262 0.022931
0.186992 0.0252216
0.169363 0.0239521
0.179558 0.0246648
0.142105 0.021928
0.141048 0.0217649
0.158945 0.0231855
0.198476 0.0258403
0.148768 0.0224282
0.151846 0.0226366
0.175249 0.0243038
0.144313 0.0220082
0.167632 0.0237073
0.218364 0.0270855
0.191286 0.0253371
0.175174 0.0242928
0.168896 0.0238863
0.198576 0.0258537
0.157846 0.0230256
0.161189 0.0232665
0.141431 0.021824
0.18194 0.0247596
0.168658 0.0238524
0.185709 0.0250417
0.239771 0.0284566
0.262717 0.0297476
0.197627 0.0257296
0.189322 0.0253001
0.178455 0.0245133
0.232809 0.0280277
0.302651 0.0319038
0.17748 0.0243796
0.285474 0.0309663
0.245971 0.0287896
0.248188 0.0288525
0.28563 0.0309819
0.282168 0.030788
0.287531 0.0310063
0.343121 0.0339751
0.328476 0.0331821
0.497478 0.0408941
0.403917 0.0368741
0.421844 0.0375825
0.524501 0.0418621
0.544964 0.0426865
0.575382 0.0440035
0.610342 0.0452436
0.764169 0.0506106
0.812437 0.0522283
0.903921 0.0551161
0.920386 0.0556058
0.988649 0.0575647
1.18237 0.062847
1.39539 0.0683373
1.52696 0.0715121
1.53776 0.0718602
2.05987 0.08307
2.28232 0.0877269
3.04216 0.100916
3.6853 0.111033
4.90586 0.1282
6.52251 0.148088
9.23542 0.175734
12.797 0.20705
19.5153 0.255616
29.7897 0.315508
47.4057 0.398949
76.6204 0.507678
126.331 0.653367
210.274 0.846646
342.177 1.0836
490.296 1.30455
527.003 1.35341
353.107 1.0987
133.173 0.672645
27.8497 0.306201
4.95278 0.128509
1.79477 0.0776751
1.47932 0.0702121
1.38551 0.0681818
1.14811 0.061996
1.00891 0.0580593
0.964515 0.0567391
0.889463 0.0544374
0.793162 0.0514152
0.701422 0.0484052
0.725051 0.0492222
0.632805 0.0460319
0.59137 0.0444521
0.54632 0.0427928
0.533548 0.0421825
0.599929 0.0448428
0.453564 0.0388946
0.413908 0.0371714
0.398942 0.0365722
0.446842 0.0386027
0.396536 0.0363518
0.335246 0.0335257
0.320859 0.0327484
0.352362 0.0342256
0.289172 0.0310048
0.250308 0.028904
0.295994 0.0313761
0.280019 0.0305534
0.284836 0.030896
0.260312 0.0294753
0.306547 0.0319612
0.219711 0.0270458
0.262634 0.0295495
0.249901 0.0288572
0.249841 0.0288501
0.179469 0.0244234
0.181967 0.024537
0.200421 0.025875
0.189188 0.0250596
0.175681 0.0241322
0.172925 0.0239811
0.150486 0.0224339
0.160257 0.0231317
0.176686 0.0242702
0.16606 0.0234851
0.21689 0.0269026
0.205972 0.0261595
0.202543 0.0259336
0.165946 0.0234689
0.192536 0.0252819
0.109995 0.0191481
0.179864 0.0244769
0.17912 0.0243793
0.16987 0.0237871
0.172251 0.0238875
0.155727 0.0227156
0.20251 0.0259294
0.195307 0.0254275
0.158774 0.0229175
0.183065 0.0246852
0.207066 0.0262982
0.145754 0.0220745
0.151623 0.0226041
0.180155 0.0246751
0.13998 0.0218617
0.1721 0.0243394
0.149381 0.02269
0.184641 0.0253629
0.14615 0.022483
0.149256 0.0228714
0.160651 0.023949
0.180873 0.0253305
0.134322 0.0218611
0.140635 0.0225526
0.210405 0.0276749
0.127647 0.0217706
0.15699 0.024416
0.159797 0.024787
0.179226 0.0264228
0.140568 0.0234285
0.176418 0.0262993
0.164406 0.025369
0.179278 0.0264337
0.140039 0.0233403
0.156221 0.0247012
0.190962 0.0272809
0.124715 0.0220476
0.136099 0.0230053
0.132683 0.0227555
0.20225 0.0280477
0.152655 0.024445
0.167069 0.0254784
0.147895 0.0239922
0.165891 0.025299
0.193404 0.0273521
0.166179 0.0253428
0.154127 0.0243701
0.186099 0.0268617
0.162647 0.0250976
0.173925 0.0259277
0.227179 0.0295769
0.103991 0.0200136
0.223609 0.0293622
0.200329 0.0277813
0.138589 0.0230986
0.200016 0.0277378
0.172289 0.0256843
0.13827 0.0230465
0.14113 0.0232022
0.16458 0.0250989
0.126462 0.0220147
0.161342 0.0248962
0.149532 0.0239453
0.165201 0.0251937
0.156982 0.024517
0.186357 0.0266234
0.136975 0.0228298
0.17993 0.0262462
0.145175 0.0235509
0.167159 0.0252009
0.148486 0.0237775
0.19135 0.0270617
0.117737 0.0211469
0.162732 0.0248172
0.185228 0.0264703
0.181693 0.0262256
0.185079 0.0264404
0.143964 0.0233549
0.183979 0.0265561
0.126127 0.0219567
0.12961 0.0222287
0.164577 0.0250982
0.184821 0.0266779
0.165264 0.0252032
0.201384 0.0279277
0.164216 0.02534
0.1643 0.0253526
0.164899 0.0254451
0.120517 0.0220043
0.15039 0.0247249
0.175378 0.0267457
0.201974 0.0288545
0.234186 0.031296
0.157432 0.0258831
0.177072 0.0276549
0.166549 0.0270189
# Group 6
0.10243 0.0156209
0.100258 0.0154705
0.076352 0.0134976
0.116576 0.0166542
0.107774 0.0160663
0.1343 0.0179471
0.119536 0.0169054
0.115041 0.016605
0.12239 0.0171385
0.122271 0.0171219
0.122256 0.0171197
0.105338 0.0158807
0.110549 0.0163004
0.121702 0.0170421
0.0984651 0.0153781
0.115701 0.0167004
0.10637 0.0160362
0.0911711 0.0147904
0.141314 0.0183978
0.0962135 0.015213
0.108553 0.0161824
0.0986052 0.0153998
0.150316 0.0190908
0.101732 0.0156979
0.151348 0.0190688
0.118142 0.0168779
0.104433 0.0159267
0.0921185 0.0149441
0.123886 0.0173478
0.123356 0.0172739
0.123551 0.0173009
0.099639 0.0155614
0.118923 0.0169894
0.129231 0.0177516
0.126038 0.0174789
0.142725 0.0185818
0.153127 0.0192928
0.121663 0.0172061
0.0969654 0.0153319
0.121339 0.0171604
0.123834 0.0173406
0.111263 0.0164051
0.128685 0.0176767
0.0994995 0.0155395
0.137925 0.0182692
0.136041 0.0181796
0.159165 0.0195926
0.113601 0.0165712
0.107048 0.0161385
0.130964 0.0178225
0.0897066 0.0147481
0.104027 0.0158643
0.125685 0.0174297
0.123527 0.0172976
0.1279 0.0175689
0.132915 0.0179226
0.150527 0.0191176
0.13074 0.0177919
0.138014 0.0182809
0.13044 0.017751
0.125664 0.0174269
0.118084 0.0168695
0.0962694 0.0152219
0.137989 0.0182779
0.159286 0.0196072
0.110933 0.0163567
0.125486 0.0174022
0.13508 0.0180513
0.144169 0.0186126
0.125541 0.0174098
0.151735 0.0191175
0.145383 0.0187694
0.127754 0.0175487
0.154098 0.0192626
0.132201 0.0178264
0.146566 0.0187664
0.113022 0.0164865
0.146618 0.018773
0.149206 0.0189501
0.171678 0.0203749
0.163968 0.0198845
0.154791 0.0193492
0.159187 0.0195951
0.137008 0.0181478
0.152212 0.0191778
0.148932 0.0189149
0.147305 0.018861
0.144542 0.0186609
0.146965 0.0188177
0.161036 0.0196743
0.12759 0.0175262
0.172229 0.020378
0.148757 0.0190494
0.123041 0.0174011
0.180717 0.02115
0.141114 0.018692
0.141033 0.0186813
0.17399 0.0207966
0.124821 0.0176176
0.150318 0.0194066
0.139707 0.018693
0.184026 0.0215133
0.16659 0.0205064
0.161016 0.0201319
0.176938 0.0210665
0.195842 0.0223188
0.152404 0.0196757
0.224064 0.023886
0.213396 0.0232272
0.223188 0.0237929
0.245782 0.0250171
0.252995 0.0254287
0.258134 0.0256864
0.30968 0.0281513
0.269305 0.0262823
0.299175 0.0276448
0.275098 0.0266008
0.392232 0.0317131
0.361654 0.0305663
0.379556 0.0312587
0.453846 0.0341994
0.418408 0.0327816
0.541332 0.0373339
0.540617 0.0374866
0.70168 0.0426409
0.641788 0.0408376
0.755419 0.0443616
0.856219 0.0472791
0.959327 0.050061
0.85867 0.0473421
1.14127 0.0544902
1.22872 0.0566799
1.37946 0.0600942
1.69975 0.0667953
1.97258 0.0719747
2.21558 0.076544
2.73444 0.0847385
3.47719 0.0956604
4.45097 0.108354
6.13829 0.127501
8.55528 0.150196
12.5683 0.182385
18.9592 0.223933
29.0654 0.277159
45.1644 0.346628
72.9852 0.441047
120.43 0.567859
200.669 0.736588
326.788 0.942695
472.514 1.13923
513.445 1.18906
348.923 0.974271
131.756 0.597613
26.8486 0.268711
4.40751 0.108497
1.63892 0.0664727
1.52737 0.0638685
1.49157 0.0633298
1.49281 0.0634077
1.23169 0.0575565
1.06778 0.0535327
0.873512 0.0484562
0.762032 0.0452986
0.636513 0.0414353
0.589249 0.0399106
0.646511 0.0418265
0.604638 0.0404912
0.538182 0.0382482
0.555773 0.0387402
0.390367 0.0326049
0.402058 0.0330502
0.388341 0.0324758
0.347078 0.0307991
0.3624 0.0314252
0.356802 0.0311751
0.323199 0.0297539
0.365781 0.0316131
0.242509 0.0257066
0.286193 0.0279316
0.268536 0.027127
0.267629 0.0270354
0.249615 0.0261673
0.231831 0.0252956
0.228144 0.0250427
0.24712 0.0260499
0.242073 0.0258063
0.228118 0.0250399
0.217716 0.0244959
0.198372 0.0233791
0.176545 0.0220687
0.211592 0.0241108
0.171744 0.0218121
0.176444 0.0220563
0.162558 0.0211637
0.168982 0.0216365
0.164333 0.021395
0.189188 0.0229429
0.149963 0.0204079
0.1827 0.0224894
0.200251 0.0236005
0.152323 0.02054
0.171478 0.0217782
0.168604 0.0215881
0.152377 0.0205471
0.175282 0.022084
0.122309 0.018439
0.158443 0.0209868
0.144886 0.0200925
0.171827 0.0218225
0.127584 0.0188116
0.144489 0.0200374
0.151787 0.0204673
0.148336 0.0201864
0.136937 0.0193663
0.149606 0.0201734
0.178394 0.0219817
0.137047 0.0191918
0.171335 0.0214022
0.138845 0.0192548
0.159576 0.0206018
0.134448 0.018829
0.165833 0.0208935
0.178055 0.0214898
0.124119 0.0179213
0.132431 0.0185442
0.112139 0.0168835
0.137917 0.0186204
0.116863 0.0171193
0.162971 0.0200531
0.122633 0.0173508
0.12622 0.01751
0.150143 0.0189343
0.153824 0.01908
0.149145 0.0187908
0.133106 0.0177874
0.182753 0.0208272
0.122843 0.0170356
0.151201 0.0189007
0.156574 0.0192733
0.156546 0.01927
0.160931 0.0195166
0.175309 0.0203798
0.164089 0.0197545
0.111258 0.0162289
0.154856 0.019208
0.146828 0.0186476
0.170927 0.0201445
0.150938 0.018868
0.160878 0.0195098
0.158133 0.0193196
0.12741 0.0173387
0.175562 0.0204091
0.144555 0.0185088
0.146847 0.01865
0.162858 0.0196062
0.153652 0.0190588
0.168177 0.0199595
0.1634 0.0196714
0.163109 0.0196364
0.111139 0.0162116
0.174019 0.02023
0.134438 0.0178079
0.1176 0.0166315
0.212452 0.0223952
0.160704 0.0194889
0.163452 0.0196778
0.151628 0.0189544
0.135112 0.0178965
0.122926 0.0170471
0.147916 0.0186363
0.160204 0.0194281
0.166155 0.0198598
0.172921 0.0202394
0.141261 0.0182372
0.141809 0.018308
0.139871 0.01821
0.15056 0.0188207
0.164668 0.0196822
0.129805 0.0175032
0.12692 0.0172815
0.144371 0.0183999
0.146233 0.0187239
0.131371 0.017878
0.134105 0.0180834
0.161845 0.0198836
0.143337 0.0187862
0.136575 0.0184165
0.11488 0.0169387
0.136071 0.0185174
0.137538 0.0187173
0.145904 0.0193259
0.154373 0.0199301
0.121492 0.0179141
0.13633 0.0190909
0.181323 0.0221527
0.0959805 0.0162064
0.172364 0.0218914
0.167305 0.0217825
0.126988 0.0191446
0.18445 0.0232448
# Group 7
0.114796 0.0146985
0.142123 0.0163185
0.153952 0.0169972
0.105493 0.0140976
0.0932752 0.0133254
0.129561 0.0157122
0.129302 0.0156805
0.104983 0.0141561
0.135895 0.0161282
0.126303 0.0155472
0.120101 0.0151317
0.0994883 0.013797
0.10379 0.0141247
0.122007 0.0152512
0.143426 0.0165668
0.109626 0.0145207
0.134814 0.016114
0.121282 0.0152805
0.118947 0.0151066
0.0960506 0.0135839
0.104083 0.0141642
0.105806 0.0142672
0.108546 0.0145054
0.0871421 0.0129906
0.101728 0.0139739
0.11756 0.0150524
0.101097 0.0140202
0.126198 0.0156536
0.158865 0.017544
0.119577 0.0151867
0.10829 0.0144712
0.143983 0.0167382
0.130163 0.0159023
0.12139 0.0154169
0.116826 0.0150827
0.114553 0.0149139
0.118917 0.0152263
0.137168 0.016395
0.117525 0.0151728
0.111577 0.014779
0.149113 0.0171048
0.129137 0.015896
0.123735 0.0155896
0.129581 0.0159505
0.114347 0.0149555
0.140219 0.0166413
0.13538 0.0162984
0.120039 0.0153701
0.13471 0.0163367
0.0969511 0.0138506
0.144592 0.0169236
0.124507 0.0156867
0.120491 0.0154276
0.119161 0.015384
0.110751 0.0148
0.120874 0.0154766
0.133228 0.016277
0.127076 0.015885
0.155314 0.0175863
0.133235 0.0162776
0.153365 0.017478
0.142992 0.0168521
0.154365 0.0174592
0.140082 0.0167436
0.131639 0.016204
0.169355 0.0183697
0.137569 0.0165618
0.138149 0.0166316
0.135801 0.0164686
0.150433 0.0173709
0.132252 0.0162796
0.146777 0.0171794
0.140447 0.0167869
0.114387 0.0151513
0.11163 0.014909
0.108313 0.0147399
0.152757 0.017523
0.16899 0.0184387
0.167172 0.0183504
0.149972 0.0174342
0.169769 0.0185237
0.135801 0.0165911
0.131728 0.0163393
0.125873 0.0159217
0.160973 0.0181117
0.16389 0.0182106
0.168981 0.0185486
0.164306 0.0182567
0.121915 0.0157398
0.180208 0.0191027
0.152964 0.0175466
0.156549 0.0176614
0.153836 0.0175114
0.187733 0.0193636
0.173752 0.0186287
0.157239 0.0176916
0.173788 0.0185268
0.195747 0.0196741
0.146392 0.0169957
0.134313 0.0162875
0.177803 0.0186885
0.169883 0.0183119
0.159965 0.0177744
0.185128 0.0190685
0.179104 0.0186841
0.1929 0.0194865
0.19956 0.019764
0.219847 0.0207742
0.223384 0.0208516
0.236993 0.0214571
0.258751 0.0224462
0.292434 0.0238684
0.291109 0.02377
0.290653 0.0237413
0.343205 0.0258708
0.299584 0.0241428
0.331785 0.0254977
0.337528 0.0256746
0.370304 0.0269608
0.414626 0.0285447
0.43217 0.0291351
0.515609 0.0318046
0.624736 0.0349972
0.55427 0.0330962
0.686386 0.0367792
0.693815 0.036973
0.798616 0.0397573
0.835207 0.0407073
0.903776 0.0423261
1.08732 0.0463683
1.13073 0.0472144
1.31795 0.0510345
1.53067 0.055005
1.69409 0.0580132
2.05442 0.0638338
2.38858 0.0690633
3.05297 0.0778141
3.70645 0.085679
5.02614 0.099842
6.41861 0.113147
9.30573 0.135861
13.6322 0.164612
20.041 0.199723
30.531 0.246109
48.7021 0.311404
77.9185 0.394356
127.967 0.506556
212.858 0.656019
342.744 0.834423
492.222 1.00542
523.983 1.03708
346.702 0.837402
130.37 0.512644
27.9138 0.236487
4.92863 0.0989652
1.90936 0.0618879
1.69914 0.0580909
1.71618 0.0586009
1.79932 0.0599491
1.83232 0.060447
1.55921 0.0556907
1.1077 0.04694
0.877338 0.0418271
0.807187 0.0401613
0.741533 0.0385003
0.606563 0.0347746
0.649493 0.036029
0.571547 0.0338567
0.593517 0.0343826
0.497031 0.0315583
0.482916 0.0310743
0.486648 0.0312196
0.417913 0.028978
0.393385 0.0280285
0.351971 0.0264675
0.386124 0.0278547
0.337787 0.026018
0.365156 0.0269934
0.32943 0.0256479
0.292915 0.0242426
0.30981 0.0248851
0.260225 0.0228237
0.279485 0.0237064
0.248378 0.0223056
0.260106 0.0228138
0.242883 0.0220813
0.245841 0.0221673
0.20455 0.0202542
0.200548 0.0200554
0.193887 0.0196868
0.212955 0.0205877
0.188718 0.0194653
0.203616 0.0201618
0.195089 0.0197073
0.207837 0.0203808
0.200611 0.0200618
0.148625 0.0172777
0.218695 0.0209476
0.201876 0.0200879
0.180735 0.0190516
0.182017 0.0190813
0.188733 0.0194091
0.15419 0.0175719
0.160299 0.0179224
0.143041 0.0169762
0.167119 0.0183441
0.177267 0.0188972
0.181918 0.0191762
0.191159 0.019613
0.167102 0.0183422
0.179499 0.0190273
0.140525 0.0167962
0.162387 0.0180435
0.158903 0.0178785
0.209148 0.0205092
0.151154 0.0174544
0.178905 0.0189651
0.16896 0.0184356
0.145048 0.0170945
0.153915 0.0176557
0.172071 0.0186642
0.172128 0.0186703
0.169831 0.0185308
0.148281 0.0173558
0.17088 0.0186452
0.162877 0.018098
0.143345 0.0170123
0.154184 0.0176865
0.151564 0.0175016
0.182141 0.0192008
0.156645 0.0178517
0.160304 0.018036
0.145834 0.0171871
0.168385 0.018483
0.146558 0.0172723
0.136271 0.0166485
0.143709 0.0170554
0.145617 0.0171617
0.157448 0.0179432
0.154461 0.0178091
0.177289 0.0191184
0.152951 0.0177697
0.159977 0.0182316
0.136936 0.0168559
0.185792 0.0196969
0.181969 0.019466
0.142496 0.0172806
0.152318 0.0178281
0.167692 0.0187489
0.148828 0.0176631
0.20087 0.0205018
0.148132 0.0176579
0.171031 0.0190039
0.154402 0.0180718
0.16696 0.0187848
0.16924 0.0189229
0.176444 0.0193677
0.153127 0.0180465
0.143826 0.0174466
0.153588 0.0181009
0.140087 0.0172441
0.155787 0.0182345
0.153628 0.0180601
0.156149 0.0182764
0.134926 0.0169996
0.152749 0.0181284
0.174811 0.0194244
0.157681 0.0184558
0.155298 0.0183024
0.118166 0.015934
0.165845 0.0189002
0.130147 0.0168024
0.123646 0.0163776
0.138257 0.0172825
0.165077 0.0189363
0.16147 0.018771
0.132327 0.0169435
0.153947 0.0182707
0.143691 0.0176875
0.159077 0.0185641
0.170308 0.0190867
0.153366 0.0182019
0.119492 0.0161112
0.153533 0.0182216
0.174203 0.0193597
0.153353 0.0182026
0.156411 0.018434
0.114843 0.0157755
0.13902 0.0173283
0.167401 0.0192029
0.169685 0.0193378
0.158924 0.0187299
0.160368 0.0190331
0.150669 0.018547
0.17263 0.0199341
0.174005 0.0200938
0.186437 0.0209769
0.181944 0.0208716
0.16801 0.0202267
0.157953 0.0197036
# Group 8
0.147696 0.0168322
0.131025 0.0158222
0.124314 0.0153513
0.125138 0.0154039
0.135191 0.0160447
0.0947979 0.013407
0.115082 0.0147352
0.122651 0.0152134
0.132226 0.0158045
0.141006 0.0162825
0.116179 0.0147552
0.125348 0.0153143
0.132961 0.0157805
0.124238 0.0151785
0.13457 0.0158288
0.139978 0.0161637
0.132774 0.015754
0.129916 0.0155284
0.153058 0.0168007
0.123822 0.0151278
0.13675 0.0158974
0.103319 0.013807
0.161635 0.0173297
0.142325 0.0162199
0.133468 0.0156219
0.131988 0.0155553
0.121743 0.0149863
0.13234 0.015597
0.147083 0.0164449
0.127883 0.0152855
0.127868 0.0152835
0.152044 0.0166896
0.164459 0.017336
0.172408 0.0177831
0.154923 0.0168045
0.129262 0.0153401
0.125632 0.0151249
0.140464 0.0160078
0.136311 0.0157403
0.148821 0.016435
0.152433 0.0166323
0.124738 0.0150171
0.150618 0.016533
0.121493 0.014843
0.163594 0.0171586
0.153644 0.0166655
0.127494 0.0151313
0.136493 0.0156576
0.137533 0.0157767
0.174638 0.0177324
0.174835 0.0177525
0.123971 0.0149248
0.16288 0.0170749
0.179197 0.0179202
0.144531 0.0160595
0.16984 0.0174257
0.172498 0.0176063
0.153749 0.0165797
0.151866 0.0164726
0.12095 0.0146678
0.1317 0.0153102
0.150779 0.0163548
0.161451 0.0168583
0.17607 0.0176966
0.166753 0.0171997
0.145302 0.0160464
0.171919 0.0174564
0.162412 0.016933
0.172369 0.0174124
0.182036 0.0179371
0.153576 0.0164657
0.145247 0.0160404
0.183354 0.0179798
0.163576 0.0169625
0.17406 0.0174265
0.183915 0.0179489
0.222654 0.0197582
0.180469 0.0177827
0.182095 0.0178567
0.154858 0.0165083
0.22101 0.0196898
0.207643 0.0191157
0.183913 0.0179487
0.205016 0.0188829
0.233224 0.0202242
0.198524 0.0185943
0.196215 0.0185412
0.211124 0.0191939
0.218044 0.0195035
0.182206 0.0177822
0.200923 0.0186558
0.187328 0.0180262
0.203006 0.0187686
0.202028 0.0187584
0.195226 0.0184478
0.182009 0.0177632
0.238758 0.0203259
0.235486 0.0201939
0.203166 0.0187835
0.21536 0.0193406
0.222868 0.0196648
0.257211 0.0211435
0.27957 0.0220342
0.23895 0.0203415
0.277758 0.0218913
0.2643 0.0214386
0.268993 0.0215879
0.294616 0.022597
0.267683 0.021502
0.328415 0.0237646
0.296547 0.0226134
0.279931 0.0219944
0.365344 0.0250935
0.443492 0.027621
0.362628 0.0249656
0.403979 0.0262426
0.439912 0.0274342
0.457815 0.0279148
0.464727 0.0281369
0.473408 0.028395
0.575817 0.0311845
0.619339 0.032288
0.725488 0.0349406
0.670293 0.0336489
0.710909 0.0346091
0.824801 0.0372346
0.900659 0.0389101
0.971204 0.0404004
1.01661 0.0413012
1.13692 0.0436185
1.22868 0.0452359
1.5251 0.0504528
1.53892 0.050648
1.9415 0.0568953
2.10466 0.0591854
2.68695 0.0670412
3.24627 0.073402
4.13181 0.0827967
5.69331 0.0971967
7.93236 0.114895
10.5738 0.132202
15.3092 0.159179
22.0909 0.191109
32.4537 0.231527
50.4411 0.289501
80.7801 0.366843
132.89 0.472484
221.809 0.614868
354.995 0.783983
496.608 0.936499
517.544 0.956874
349.779 0.775705
141.342 0.487591
32.3088 0.230928
5.48795 0.0945475
2.05311 0.0580588
1.77225 0.0536904
1.79461 0.0541677
1.97559 0.0567805
2.1904 0.0597373
2.07503 0.0580845
1.60294 0.0509371
1.12623 0.0426943
0.927279 0.0387753
0.814896 0.0363734
0.788277 0.0357391
0.72215 0.0341974
0.711598 0.0340041
0.702632 0.0336912
0.668123 0.0329067
0.598466 0.0310345
0.5704 0.0303184
0.511496 0.0287757
0.52846 0.0291812
0.464079 0.0273104
0.463284 0.0273492
0.471485 0.0275459
0.423533 0.0260188
0.401405 0.0253387
0.377156 0.0246043
0.376773 0.024527
0.334692 0.0231521
0.362015 0.0241357
0.351054 0.0237232
0.415143 0.0257478
0.298182 0.0218066
0.300426 0.0218537
0.301351 0.0219213
0.321863 0.0226473
0.297396 0.0217488
0.295877 0.0216375
0.310824 0.0222596
0.29293 0.0215378
0.26268 0.0203888
0.298898 0.0218004
0.312579 0.0223282
0.265781 0.0205675
0.252681 0.0200396
0.308709 0.022108
0.323155 0.0226821
0.285075 0.0212494
0.277563 0.0209303
0.279427 0.0210038
0.292786 0.0215271
0.268438 0.02065
0.257105 0.0202008
0.279227 0.0210484
0.263626 0.0204622
0.296912 0.0216554
0.289123 0.0213734
0.270613 0.0206951
0.272575 0.0207243
0.27361 0.0207431
0.272161 0.0206929
0.259168 0.0201771
0.267891 0.0205472
0.263658 0.0203434
0.260604 0.0202276
0.237458 0.0193248
0.235032 0.0192554
0.284781 0.0211687
0.252036 0.0199259
0.287675 0.0212667
0.266689 0.0205158
0.243842 0.0196491
0.276185 0.0207604
0.271921 0.0206151
0.25599 0.0200514
0.243985 0.0195353
0.233599 0.0191388
0.245553 0.0196607
0.301192 0.0217376
0.223306 0.0186744
0.293847 0.0214318
0.26817 0.0205083
0.29457 0.0214846
0.254195 0.0199108
0.269439 0.0204844
0.252748 0.0198585
0.324519 0.02245
0.259137 0.0200538
0.259677 0.0200357
0.27276 0.0205602
0.291567 0.0212092
0.234079 0.0190384
0.293233 0.0212222
0.263348 0.0201395
0.24129 0.0191969
0.248125 0.0194953
0.273299 0.0204282
0.28507 0.0208474
0.276537 0.0205592
0.268533 0.0202423
0.256022 0.0197532
0.263951 0.0200109
0.269148 0.0202272
0.273734 0.0204038
0.265896 0.0201005
0.300408 0.0213321
0.223867 0.0184024
0.27225 0.0202374
0.309231 0.0215993
0.274377 0.0202868
0.253278 0.0195418
0.276281 0.0204242
0.243045 0.0191554
0.281498 0.0205864
0.261713 0.0198919
0.285457 0.0207649
0.255303 0.01958
0.259397 0.0197797
0.237056 0.0189787
0.251926 0.0195539
0.279965 0.0205304
0.246579 0.0193144
0.254944 0.0196704
0.261258 0.0198626
0.237733 0.0189139
0.24861 0.0193835
0.222254 0.0183318
0.258069 0.0197064
0.228458 0.0185926
0.277866 0.020598
0.234798 0.0189216
0.263386 0.020026
0.241954 0.0192495
0.257413 0.0199204
0.255873 0.0198605
0.268886 0.0203836
0.264283 0.0203304
0.25963 0.0201529
0.24404 0.0196022
0.254926 0.0202821
0.278161 0.0212728
0.282352 0.0215301
0.250409 0.020379
0.260913 0.0209584
0.311765 0.0231115
0.300456 0.0228445
0.305092 0.0231969
