# Number of Energy transfer values
300
# Number of q values
9
# Energy transfer (micro eV) values
-119.6
-118.8
-118
-117.2
-116.4
-115.6
-114.8
-114
-113.2
-112.4
-111.6
-110.8
-110
-109.2
-108.4
-107.6
-106.8
-106
-105.2
-104.4
-103.6
-102.8
-102
-101.2
-100.4
-99.6
-98.8
-98
-97.2
-96.4
-95.6
-94.8
-94
-93.2
-92.4
-91.6
-90.8
-90
-89.2
-88.4
-87.6
-86.8
-86
-85.2
-84.4
-83.6
-82.8
-82
-81.2
-80.4
-79.6
-78.8
-78
-77.2
-76.4
-75.6
-74.8
-74
-73.2
-72.4
-71.6
-70.8
-70
-69.2
-68.4
-67.6
-66.8
-66
-65.2
-64.4
-63.6
-62.8
-62
-61.2
-60.4
-59.6
-58.8
-58
-57.2
-56.4
-55.6
-54.8
-54
-53.2
-52.4
-51.6
-50.8
-50
-49.2
-48.4
-47.6
-46.8
-46
-45.2
-44.4
-43.6
-42.8
-42
-41.2
-40.4
-39.6
-38.8
-38
-37.2
-36.4
-35.6
-34.8
-34
-33.2
-32.4
-31.6
-30.8
-30
-29.2
-28.4
-27.6
-26.8
-26
-25.2
-24.4
-23.6
-22.8
-22
-21.2
-20.4
-19.6
-18.8
-18
-17.2
-16.4
-15.6
-14.8
-14
-13.2
-12.4
-11.6
-10.8
-10
-9.2
-8.4
-7.6
-6.8
-6
-5.2
-4.4
-3.6
-2.8
-2
-1.2
-0.4
0.4
1.2
2
2.8
3.6
4.4
5.2
6
6.8
7.6
8.4
9.2
10
10.8
11.6
12.4
13.2
14
14.8
15.6
16.4
17.2
18
18.8
19.6
20.4
21.2
22
22.8
23.6
24.4
25.2
26
26.8
27.6
28.4
29.2
30
30.8
31.6
32.4
33.2
34
34.8
35.6
36.4
37.2
38
38.8
39.6
40.4
41.2
42
42.8
43.6
44.4
45.2
46
46.8
47.6
48.4
49.2
50
50.8
51.6
52.4
53.2
54
54.8
55.6
56.4
57.2
58
58.8
59.6
60.4
61.2
62
62.8
63.6
64.4
65.2
66
66.8
67.6
68.4
69.2
70
70.8
71.6
72.4
73.2
74
74.8
75.6
76.4
77.2
78
78.8
79.6
80.4
81.2
82
82.8
83.6
84.4
85.2
86
86.8
87.6
88.4
89.2
90
90.8
91.6
92.4
93.2
94
94.8
95.6
96.4
97.2
98
98.8
99.6
100.4
101.2
102
102.8
103.6
104.4
105.2
106
106.8
107.6
108.4
109.2
110
110.8
111.6
112.4
113.2
114
114.8
115.6
116.4
117.2
118
118.8
119.6
# q (1/Angstrom) values
0.3
0.5
0.7
0.9
1.1
1.3
1.5
1.7
1.9
# Group 0
0.166826 0.0331297
0.211763 0.0372791
0.17837 0.034328
0.285068 0.0433989
0.185393 0.0350363
0.24944 0.0404665
0.249214 0.0404304
0.256375 0.0410559
0.258377 0.0413759
0.198448 0.0362324
0.231886 0.0391976
0.238463 0.0397446
0.285167 0.0434894
0.243814 0.040084
0.317747 0.0458644
0.211209 0.0373376
0.263156 0.0416098
0.251101 0.0407353
0.289269 0.04361
0.328717 0.0464887
0.243039 0.0399562
0.223703 0.0383654
0.276535 0.0426712
0.343406 0.0476244
0.25838 0.041375
0.290431 0.0437858
0.25166 0.0408258
0.210523 0.0372164
0.375573 0.0497473
0.223527 0.0383354
0.308862 0.0450531
0.349086 0.0479518
0.302997 0.0446764
0.269722 0.0421251
0.308788 0.0450424
0.315393 0.0455244
0.327821 0.046362
0.263253 0.0416255
0.262989 0.0415836
0.322164 0.0460261
0.332923 0.0466198
0.314468 0.0453907
0.354785 0.0482816
0.327767 0.0463544
0.327481 0.046314
0.374943 0.0496639
0.302612 0.044619
0.430279 0.0533726
0.309281 0.0451145
0.399084 0.0510989
0.30224 0.044564
0.355607 0.0483937
0.392725 0.0507019
0.403503 0.0512466
0.347484 0.0477321
0.430753 0.0530234
0.421587 0.0526998
0.380793 0.050004
0.32181 0.0459744
0.321889 0.0459853
0.361242 0.0487115
0.409245 0.0519758
0.35214 0.048085
0.376244 0.049836
0.403422 0.0514606
0.413777 0.0521328
0.395049 0.0510019
0.527341 0.0589603
0.363727 0.0490387
0.42306 0.052884
0.422605 0.052828
0.397919 0.0513727
0.466769 0.0553973
0.533623 0.0592932
0.493271 0.0569595
0.440343 0.0537978
0.479771 0.0561553
0.415292 0.0523236
0.480491 0.0562833
0.623684 0.0640544
0.423271 0.0529106
0.401984 0.0515514
0.449965 0.0545682
0.492922 0.0570441
0.44913 0.0544665
0.385587 0.050414
0.518185 0.0585251
0.539482 0.0595782
0.477078 0.0560899
0.543332 0.0600034
0.572543 0.061404
0.579822 0.0618488
0.617915 0.0640776
0.622477 0.0642539
0.577063 0.0619381
0.499734 0.0575175
0.660882 0.0660869
0.669293 0.0664843
0.655195 0.0661873
0.645256 0.0654039
0.553669 0.0607753
0.875692 0.0763789
0.562433 0.0613619
0.573842 0.0618813
0.625794 0.0645477
0.733506 0.0699394
0.655661 0.0662346
0.607294 0.063664
0.692224 0.0678812
0.695192 0.0681734
0.758654 0.0710575
0.841322 0.0749535
0.976564 0.0805512
0.892761 0.0771259
0.913727 0.078068
0.823337 0.074241
1.16704 0.0884774
0.968744 0.0804529
1.07543 0.0847599
1.28579 0.0927991
1.29164 0.0927387
1.35057 0.0945653
1.24893 0.091335
1.43797 0.0980743
1.53825 0.101435
1.59271 0.10303
1.88366 0.112179
1.69228 0.106401
2.15043 0.119661
2.13184 0.119368
2.45671 0.128077
2.76197 0.136249
2.86519 0.138398
3.12881 0.144335
3.58412 0.155267
4.09115 0.165667
4.79563 0.179372
6.02901 0.201212
7.39288 0.222349
9.53514 0.252307
13.0967 0.296078
17.3244 0.341225
25.306 0.41198
38.1803 0.507291
59.9376 0.635264
97.2886 0.80947
157.353 1.03241
259.819 1.33106
407.959 1.67548
548.062 1.94688
523.919 1.90511
312.507 1.46173
109.154 0.858462
23.794 0.401568
6.37492 0.207309
4.55247 0.176135
3.42381 0.152406
3.34642 0.150208
3.05974 0.143773
2.37496 0.126724
2.55544 0.131751
2.26238 0.12434
2.18383 0.122089
2.03807 0.118071
1.78298 0.110372
1.81928 0.111553
1.63286 0.105407
1.56822 0.103411
1.4847 0.100562
1.31597 0.0944868
1.27661 0.093111
1.17535 0.0896239
1.07495 0.0855227
1.15716 0.0887541
1.03456 0.0836438
1.10406 0.0864808
1.01226 0.0829313
0.802949 0.0739203
0.951058 0.0803824
0.906158 0.0782831
0.862985 0.0765807
0.866949 0.0766312
0.786285 0.0730067
0.691215 0.0684435
0.848944 0.0759347
0.732523 0.0704911
0.753011 0.071475
0.757094 0.0718628
0.686243 0.0682862
0.808214 0.0740923
0.612058 0.0645195
0.644601 0.0661371
0.714565 0.0694076
0.608216 0.0641145
0.501111 0.0582549
0.596832 0.0636253
0.542854 0.0606949
0.590911 0.0633589
0.613156 0.0646345
0.590591 0.0633202
0.486599 0.0574338
0.707268 0.0693558
0.568934 0.0621707
0.513771 0.0590671
0.587103 0.0633108
0.52774 0.059974
0.646352 0.0663166
0.498186 0.0583104
0.450925 0.0555067
0.459547 0.0561442
0.457955 0.0559497
0.57559 0.0628037
0.506632 0.0588965
0.521041 0.0597699
0.594504 0.0637405
0.513008 0.059239
0.49229 0.0580186
0.547113 0.0611742
0.531187 0.0601715
0.489759 0.0577488
0.411298 0.0531023
0.450488 0.0551965
0.500279 0.0585554
0.33479 0.0477106
0.486986 0.0575858
0.487171 0.0578181
0.451545 0.055583
0.461224 0.0563495
0.386931 0.0517072
0.441159 0.0551465
0.438292 0.0547881
0.453483 0.0558218
0.424119 0.0538646
0.370593 0.0504333
0.323227 0.0471488
0.32961 0.0475764
0.386643 0.051669
0.459186 0.0561003
0.414332 0.0534917
0.454704 0.0559728
0.364485 0.0500684
0.431934 0.0544219
0.372112 0.0506422
0.365829 0.0502519
0.506401 0.0589086
0.398583 0.0523386
0.439713 0.0550491
0.393513 0.0519775
0.331815 0.0478946
0.438184 0.0552073
0.370317 0.0505783
0.433126 0.0548793
0.328416 0.0478949
0.497714 0.0590693
0.511779 0.0599008
0.44308 0.0553881
0.312784 0.0466282
0.363044 0.0503465
0.371396 0.0510164
0.375657 0.0511224
0.306746 0.0462449
0.342637 0.0489495
0.431235 0.0547683
0.348695 0.0493142
0.384791 0.0518865
0.319929 0.0471728
0.383323 0.0516896
0.390356 0.052165
0.39538 0.0523705
0.334788 0.0483237
0.362636 0.0502898
0.397883 0.0527026
0.264192 0.0428585
0.425723 0.0545096
0.361164 0.0500855
0.340337 0.0486206
0.368588 0.0506308
0.327491 0.0477711
0.509804 0.0596698
0.367671 0.0505341
0.249564 0.0416774
0.384328 0.0518875
0.391532 0.0523224
0.411635 0.0537326
0.339557 0.0490119
0.293994 0.0456728
0.33555 0.048946
0.353091 0.0503253
0.492179 0.0596874
0.408754 0.0546235
0.34414 0.0502
0.427304 0.0561093
0.37886 0.0530527
0.345527 0.0509468
0.305469 0.0483008
0.379729 0.0542714
0.380043 0.0548568
0.367787 0.0542297
0.399381 0.0570559
0.267738 0.0468529
# Group 1
0.205885 0.0251607
0.256905 0.028035
0.202459 0.0249216
0.300818 0.0303888
0.285627 0.029619
0.241205 0.0271389
0.249129 0.0275132
0.300084 0.0303158
0.262029 0.0284232
0.193263 0.0243496
0.261458 0.0283603
0.298033 0.0302615
0.270618 0.0288509
0.274822 0.0289772
0.31327 0.0310196
0.254605 0.0279475
0.26497 0.0284561
0.251308 0.0277257
0.274842 0.0289982
0.294929 0.0300627
0.300132 0.0302831
0.317681 0.0312324
0.293216 0.0300376
0.321245 0.0315024
0.32268 0.0316426
0.337248 0.0323039
0.368289 0.0337623
0.3083 0.0308311
0.351939 0.0329633
0.304639 0.0306182
0.323046 0.031527
0.348333 0.0327694
0.339454 0.032367
0.360958 0.0333722
0.366073 0.0335589
0.365962 0.0335489
0.325507 0.031617
0.31384 0.031076
0.347633 0.0327038
0.383916 0.0343406
0.390889 0.0345512
0.315887 0.0311262
0.415094 0.035727
0.344022 0.032508
0.355958 0.033051
0.422334 0.0360838
0.357242 0.0331703
0.373929 0.0339954
0.412966 0.0356763
0.478073 0.0382781
0.368782 0.0336662
0.392593 0.0348387
0.44753 0.037039
0.414471 0.0355421
0.404448 0.035204
0.366006 0.0334127
0.411671 0.0355642
0.46317 0.0376949
0.444498 0.0369152
0.474408 0.0381067
0.385159 0.0343141
0.460212 0.0375777
0.430806 0.0363013
0.475008 0.0381549
0.518448 0.0397731
0.362215 0.0332056
0.445124 0.03684
0.427648 0.0360416
0.455573 0.0373378
0.489931 0.0386626
0.45617 0.0373728
0.532039 0.040389
0.55082 0.040972
0.535683 0.0404739
0.476472 0.0381489
0.506255 0.0392944
0.582778 0.0421705
0.558991 0.0413236
0.491757 0.0387751
0.586116 0.0422964
0.482605 0.0383956
0.60163 0.0429
0.619828 0.0435067
0.578059 0.0419696
0.52433 0.0399814
0.533473 0.0403386
0.539627 0.0405271
0.599418 0.0426507
0.586998 0.0422501
0.664796 0.0450282
0.672465 0.0451742
0.609964 0.0430439
0.619379 0.0434742
0.66056 0.0448855
0.682451 0.0456367
0.649842 0.0444852
0.576108 0.0418565
0.689476 0.0457052
0.708522 0.0465082
0.731095 0.0472059
0.733374 0.0473417
0.743582 0.0476063
0.8226 0.0501577
0.668445 0.0451717
0.793801 0.0491373
0.792309 0.0491395
0.929842 0.0533335
0.795963 0.0492714
0.810119 0.0496745
0.918664 0.0529549
0.903305 0.0524184
0.839407 0.0506209
1.02476 0.055744
1.06868 0.0570461
0.959501 0.0540647
1.05515 0.0568115
1.06315 0.0570777
1.05159 0.0566346
1.24944 0.0617349
1.15788 0.0594806
1.22594 0.0611481
1.28086 0.0622729
1.45067 0.0666046
1.47405 0.0672168
1.54389 0.0688434
1.58434 0.0696182
1.72958 0.072771
1.90219 0.0763404
1.97635 0.0775862
2.15909 0.0812095
2.14258 0.080819
2.68509 0.0907321
2.61589 0.0893273
2.98559 0.0951426
3.24208 0.0995566
3.83353 0.108147
4.23385 0.113542
5.13886 0.125108
6.16679 0.136778
7.68772 0.152504
9.94001 0.173636
13.7132 0.204387
19.6485 0.244415
28.6483 0.295737
42.5884 0.360399
66.3471 0.449554
106.981 0.572434
175.957 0.736456
278.111 0.930383
375.292 1.08328
375.774 1.08461
240.598 0.86172
94.1198 0.534167
25.7079 0.279275
8.47757 0.159926
5.25405 0.126285
4.46871 0.116136
3.81731 0.107061
3.28941 0.0992932
3.19757 0.0979646
2.94959 0.0942392
2.68464 0.0900518
2.52015 0.0871211
2.21388 0.0817859
2.19759 0.0814731
2.0348 0.0784115
1.96173 0.0768243
1.78295 0.0733119
1.76944 0.0731239
1.67095 0.0708434
1.57549 0.0689633
1.49403 0.0673999
1.32876 0.0635167
1.33182 0.0635689
1.3165 0.0630831
1.25811 0.0617299
1.24561 0.061502
1.19106 0.0602298
1.06205 0.0568537
1.14171 0.0588046
1.02542 0.0558616
0.988062 0.0547268
1.01373 0.0554723
0.891356 0.051988
0.976329 0.0544966
0.82931 0.0501953
0.910674 0.0525807
0.845866 0.0508261
0.867885 0.051412
0.811844 0.049687
0.714993 0.0466435
0.743133 0.0474796
0.731395 0.0470186
0.71959 0.0466469
0.718259 0.0466583
0.661863 0.0448296
0.65013 0.0444433
0.752753 0.0478697
0.693668 0.0459414
0.696607 0.0459352
0.688766 0.0457063
0.633052 0.0437911
0.59552 0.0424582
0.658398 0.0446123
0.584785 0.0420954
0.650746 0.0443887
0.542634 0.0404495
0.597655 0.042481
0.682345 0.045403
0.564902 0.0414225
0.66295 0.0448
0.543309 0.0405546
0.540202 0.0404915
0.508446 0.0393278
0.552538 0.0409591
0.497337 0.0388371
0.55552 0.0410646
0.626016 0.0435995
0.467632 0.0376036
0.502404 0.0389411
0.596657 0.0425135
0.586959 0.0419945
0.54613 0.0405955
0.575398 0.0416687
0.450507 0.0368176
0.485358 0.0382529
0.483322 0.0380926
0.56458 0.0412884
0.499256 0.0388685
0.486471 0.0383409
0.3991 0.0346076
0.487199 0.0382798
0.461554 0.0371944
0.469365 0.0375811
0.521125 0.0396221
0.438553 0.0362987
0.455795 0.0371022
0.46324 0.0372643
0.488459 0.0384976
0.475209 0.0379278
0.481675 0.0381514
0.522981 0.0396925
0.472671 0.0378247
0.404914 0.0349804
0.478756 0.037906
0.410245 0.0350511
0.413448 0.035236
0.46007 0.0371193
0.419967 0.0354024
0.422747 0.0356256
0.441111 0.0363047
0.499662 0.0386577
0.492228 0.0383959
0.450605 0.0368801
0.408084 0.0351234
0.44629 0.0365642
0.437463 0.036155
0.377346 0.0337521
0.469412 0.0376603
0.385729 0.0340746
0.416343 0.0354428
0.408642 0.0351716
0.385207 0.0340488
0.358938 0.032905
0.423689 0.0358095
0.391622 0.0343492
0.364449 0.0331335
0.314156 0.0308065
0.381205 0.0338275
0.35895 0.0329059
0.407415 0.0350659
0.344376 0.032255
0.381912 0.0338903
0.350339 0.0325291
0.420956 0.0355785
0.351534 0.0325002
0.367017 0.0332292
0.316276 0.0308667
0.407208 0.0350482
0.323576 0.0311883
0.380589 0.0339144
0.389258 0.0343269
0.403353 0.0348459
0.36818 0.0333612
0.364819 0.0332224
0.392945 0.0346216
0.366355 0.033513
0.487345 0.0387737
0.381884 0.0344014
0.336694 0.032483
0.409239 0.0358943
0.406457 0.0359272
0.405727 0.0360039
0.361974 0.0342045
0.391311 0.0358732
0.384594 0.0358107
0.460713 0.039508
0.413698 0.0376106
0.403948 0.0375071
0.40786 0.0378991
# Group 2
0.31743 0.0323986
0.25974 0.0292239
0.299793 0.0314278
0.339836 0.0334862
0.272048 0.029896
0.262743 0.0291734
0.27488 0.0299936
0.325205 0.0326871
0.309512 0.0320968
0.310993 0.0320776
0.331809 0.0331825
0.37466 0.0352462
0.394778 0.0361598
0.349877 0.0339228
0.363477 0.0346576
0.395447 0.0361006
0.36576 0.0346007
0.363276 0.0345196
0.447618 0.0382935
0.408553 0.0365147
0.37246 0.0348127
0.389694 0.0357229
0.458689 0.0387735
0.429857 0.0375686
0.402404 0.0364587
0.44683 0.0383646
0.410051 0.0368252
0.462328 0.0389967
0.375894 0.0352069
0.394725 0.0360343
0.427588 0.0375031
0.464695 0.0391357
0.439141 0.03808
0.44137 0.0381306
0.444006 0.0382152
0.433821 0.0377607
0.410227 0.036693
0.464158 0.039091
0.477147 0.0396267
0.434151 0.0377904
0.472856 0.0392708
0.498834 0.0404622
0.499056 0.040499
0.477176 0.0396287
0.440866 0.0380863
0.482754 0.0399546
0.542614 0.0423711
0.461524 0.0391484
0.566239 0.0433035
0.533056 0.0418826
0.548171 0.0425479
0.540703 0.0423534
0.546588 0.0424251
0.509739 0.0408184
0.503262 0.0407008
0.486449 0.0399873
0.380975 0.0355272
0.521541 0.0414773
0.522948 0.0415995
0.493636 0.0404417
0.499854 0.0406157
0.557361 0.0430619
0.625595 0.045628
0.529537 0.0419942
0.561463 0.0431912
0.592204 0.0442656
0.609842 0.0449601
0.629857 0.0456235
0.609992 0.0450249
0.633503 0.0457932
0.55035 0.0427176
0.67663 0.047388
0.559395 0.0429168
0.630619 0.0456331
0.618293 0.0451076
0.664754 0.0467876
0.642443 0.0460397
0.65977 0.0467078
0.658565 0.0468046
0.64069 0.0461198
0.709871 0.0485282
0.681867 0.047626
0.647179 0.0463229
0.641307 0.0460693
0.720034 0.0487692
0.635285 0.0458504
0.811087 0.0517555
0.778019 0.0505513
0.700596 0.0480064
0.810274 0.0516703
0.820904 0.0517958
0.734662 0.0492292
0.775401 0.0506274
0.767308 0.0504577
0.862959 0.0535692
0.732885 0.0493524
0.763398 0.0503393
0.801305 0.0514694
0.91464 0.0550799
0.842961 0.0529095
0.828235 0.0523854
0.975065 0.0567736
0.923897 0.0553179
0.886348 0.0541512
0.971512 0.0565446
1.01935 0.0580501
1.01708 0.0581049
0.921988 0.0552472
1.03503 0.0586004
1.19394 0.0630193
0.970624 0.0567083
1.03378 0.0586235
1.01013 0.0577496
1.02792 0.0583858
1.20057 0.0631047
1.31221 0.0661165
1.16063 0.0622174
1.35808 0.0671457
1.26142 0.064668
1.38686 0.0678968
1.61314 0.0731634
1.54066 0.0712556
1.64653 0.0739497
1.78206 0.0769831
1.85407 0.0785667
2.07416 0.0829774
1.99088 0.081321
2.28064 0.0871602
2.31408 0.0875492
2.33307 0.0880915
2.53871 0.0919721
2.54116 0.0923995
2.93543 0.0991358
3.19412 0.103105
3.6153 0.110182
4.00247 0.115805
4.37653 0.120988
5.18121 0.131684
6.23784 0.144265
7.81261 0.161198
9.79068 0.18076
13.0128 0.209026
18.2205 0.247312
25.9846 0.296082
38.2893 0.359311
59.2025 0.446561
94.1761 0.564651
152.577 0.720659
243.341 0.914264
337.115 1.0787
354.168 1.10832
237.712 0.903742
96.0859 0.570195
25.3892 0.293345
8.70757 0.171396
5.89458 0.141496
5.12914 0.131571
4.50773 0.123148
4.28258 0.119987
3.65048 0.110998
3.44328 0.107973
3.2504 0.105137
2.96982 0.100348
2.82742 0.0980548
2.78824 0.0974627
2.46839 0.0918078
2.32809 0.0889271
2.17968 0.0860136
2.24611 0.0874138
2.07002 0.0835276
1.9001 0.0801877
1.71068 0.0762756
1.69301 0.0757939
1.59856 0.0735866
1.62975 0.0741249
1.62542 0.0741059
1.49055 0.0711475
1.48216 0.0709986
1.4022 0.0690781
1.22317 0.0644688
1.37347 0.0685312
1.22435 0.0646834
1.33004 0.0675216
1.08674 0.0610416
1.13922 0.062621
1.03513 0.059668
1.16154 0.0631835
1.07775 0.0610196
0.858638 0.054417
0.928771 0.0565265
1.00918 0.0589608
1.05069 0.0600678
1.02592 0.0592354
0.935128 0.0566003
0.855726 0.0542322
0.867463 0.0546079
0.785783 0.0520157
0.818291 0.0531833
0.835226 0.0537589
0.779969 0.0518852
0.730687 0.0503047
0.828564 0.0534863
0.766778 0.0514654
0.755467 0.0510523
0.83349 0.0536922
0.733214 0.0503587
0.782565 0.0519004
0.861961 0.0544758
0.717767 0.0497026
0.681083 0.048527
0.719255 0.0497543
0.710724 0.0494309
0.684624 0.0485338
0.761177 0.0512056
0.701617 0.049126
0.621407 0.0461908
0.683765 0.0484726
0.618956 0.046136
0.583477 0.0447524
0.531117 0.0426618
0.593542 0.0451299
0.652704 0.0472307
0.647404 0.0470942
0.653102 0.0473834
0.549253 0.0434241
0.56491 0.0440076
0.561296 0.043834
0.578742 0.0446658
0.596265 0.0453924
0.589101 0.0451836
0.5236 0.0424209
0.542628 0.0433002
0.633318 0.0466907
0.528668 0.0427424
0.629748 0.0466782
0.59349 0.0452212
0.600862 0.0456246
0.683027 0.0484365
0.533942 0.0430281
0.504715 0.0417728
0.568004 0.0442301
0.511148 0.0418805
0.513761 0.0420904
0.523727 0.0424813
0.561976 0.0438846
0.536928 0.0428536
0.516205 0.0421375
0.49784 0.0412992
0.608452 0.0455394
0.522901 0.0423213
0.477432 0.0403813
0.544914 0.0431098
0.498326 0.0412387
0.493773 0.0411507
0.448939 0.0392252
0.414205 0.0375028
0.522574 0.0420323
0.497821 0.0412016
0.490584 0.0408935
0.478274 0.0402807
0.480271 0.0403641
0.45389 0.0393249
0.457645 0.0394242
0.437025 0.0386062
0.43473 0.0385773
0.50801 0.0416199
0.474 0.0402064
0.451971 0.0393405
0.429087 0.0382272
0.462137 0.0397758
0.504366 0.0416009
0.494592 0.0412177
0.489572 0.0409415
0.460437 0.039777
0.465268 0.0398977
0.464874 0.0398638
0.390037 0.0365315
0.391087 0.0366303
0.39481 0.0368174
0.442574 0.0389678
0.438398 0.0389029
0.442264 0.0390924
0.472334 0.0402096
0.495958 0.0413316
0.538378 0.0430242
0.484239 0.0409509
0.485057 0.0410093
0.46309 0.0401566
0.428367 0.0386714
0.490238 0.0415924
0.453313 0.0400694
0.433856 0.0393097
0.41811 0.0387135
0.445006 0.0402202
0.485407 0.0423897
0.478256 0.0424403
0.458647 0.0418708
0.390016 0.0388098
0.41684 0.0404886
0.465675 0.0430539
# Group 3
0.370645 0.0356486
0.339488 0.0341211
0.378552 0.0360948
0.379366 0.0361725
0.395332 0.0368511
0.410589 0.0373465
0.37392 0.0356976
0.385914 0.0363219
0.405716 0.037511
0.396879 0.0370106
0.41437 0.0378289
0.40694 0.0374738
0.395218 0.0369298
0.428391 0.0383935
0.453995 0.0396473
0.435572 0.0388055
0.425327 0.038269
0.379446 0.0361976
0.465431 0.0400595
0.38068 0.0361131
0.478101 0.0405662
0.480377 0.0407468
0.417771 0.0379519
0.468302 0.0402706
0.57639 0.0447939
0.511092 0.0421606
0.459871 0.0400313
0.442327 0.0391229
0.565082 0.0443093
0.489662 0.0412383
0.576433 0.0447435
0.46637 0.0403065
0.560964 0.0442541
0.577507 0.0449069
0.564876 0.0443889
0.538511 0.0433962
0.496286 0.0416488
0.575295 0.0449297
0.524018 0.042931
0.546192 0.0438745
0.518615 0.0426157
0.568551 0.0448099
0.490035 0.0416253
0.538131 0.0436829
0.593535 0.045934
0.655475 0.0484381
0.642757 0.047997
0.602321 0.046612
0.669983 0.0491268
0.658377 0.0485385
0.649828 0.0483034
0.576651 0.0455906
0.615901 0.0469629
0.481142 0.0413319
0.683946 0.0494253
0.679591 0.0491754
0.551464 0.0444399
0.659412 0.0484955
0.671173 0.0489079
0.627848 0.0473277
0.649152 0.0480499
0.707954 0.0503262
0.750387 0.0517839
0.693009 0.0497574
0.697879 0.0498505
0.58199 0.0454481
0.657946 0.0483752
0.622871 0.0470866
0.75074 0.051809
0.681212 0.0492932
0.631342 0.0474573
0.772301 0.0525511
0.752487 0.0516839
0.750519 0.05167
0.778798 0.0525078
0.680925 0.0490704
0.763656 0.0519924
0.823834 0.0540133
0.915874 0.0571342
0.708235 0.0502077
0.796817 0.0532422
0.737896 0.0512897
0.928635 0.0574845
0.875301 0.0558099
0.830463 0.0542917
0.732015 0.0510048
0.923652 0.0572859
0.893895 0.056202
0.913093 0.0568433
0.947007 0.0578785
1.0307 0.0600927
0.886865 0.0558952
0.871766 0.0553925
0.933343 0.0573408
0.852682 0.0548205
1.00178 0.0594484
1.02632 0.0601675
1.10489 0.0624554
1.07984 0.061835
1.18122 0.0647344
1.07418 0.0616124
1.16389 0.0640739
1.28167 0.0673001
1.2489 0.0663452
1.23615 0.0657822
1.23037 0.0657133
1.20588 0.0651383
1.33516 0.068416
1.23779 0.0658857
1.2897 0.0673276
1.33749 0.068437
1.39848 0.0701045
1.58918 0.0745156
1.52463 0.0731352
1.55471 0.0739543
1.63367 0.0759552
1.58404 0.074847
1.70828 0.0775438
1.81086 0.0797614
1.94473 0.0827886
1.74049 0.0780788
2.09707 0.0854802
1.9595 0.0829603
2.15634 0.0871023
2.25788 0.0891166
2.41013 0.0918723
2.48898 0.0933103
2.58844 0.0951134
2.91339 0.100516
3.12852 0.104245
3.20728 0.10551
3.514 0.110832
3.65659 0.11286
3.8957 0.116198
4.26431 0.12216
4.67999 0.127826
5.10944 0.133469
6.23493 0.147379
7.15522 0.157458
8.49517 0.171221
11.1842 0.196652
14.1333 0.221553
18.5372 0.253481
26.8616 0.305864
40.0031 0.373158
59.9557 0.456595
96.1862 0.579493
154.63 0.736302
244.526 0.929767
345 1.10699
369.521 1.14854
253.638 0.94681
98.7299 0.585906
27.6464 0.310303
10.4644 0.190349
7.45398 0.1611
6.50402 0.149906
5.56676 0.138345
5.1066 0.132342
4.63724 0.126197
4.33337 0.122057
3.99438 0.117287
3.71483 0.112809
3.53264 0.110057
3.37981 0.107609
3.03652 0.102052
2.95452 0.100394
2.64761 0.0951371
2.53056 0.0930558
2.43251 0.0909321
2.50269 0.0923377
2.30867 0.0888764
2.20835 0.0867109
1.95455 0.0815198
2.02496 0.0826473
2.00408 0.0822458
1.87959 0.0797176
1.87828 0.0796356
1.6839 0.0753046
1.58663 0.072895
1.63624 0.0741013
1.46053 0.0698764
1.58133 0.0727233
1.50291 0.0708762
1.37077 0.0677965
1.38814 0.0682291
1.3839 0.0681022
1.31059 0.0664544
1.3342 0.0669671
1.26543 0.0651781
1.40626 0.0687065
1.1518 0.0621051
1.25348 0.0646474
1.21738 0.0637254
1.10601 0.0607954
1.11839 0.0610987
1.13763 0.061636
1.1946 0.0632377
1.12104 0.0612543
1.03342 0.0587139
0.983231 0.0573621
1.00504 0.0579722
0.998911 0.0578685
1.02196 0.0585211
0.88884 0.0546038
0.943035 0.05626
0.898789 0.054803
0.876444 0.0541502
0.846532 0.0532237
0.819981 0.0524964
0.883988 0.0544084
0.956735 0.0566751
0.898573 0.0548919
0.795489 0.0516755
0.814412 0.05225
0.899405 0.0549431
0.824265 0.0525903
0.92276 0.0557099
0.921115 0.0556465
0.788334 0.0514275
0.889049 0.0547227
0.762747 0.0505172
0.899518 0.0549504
0.809704 0.0521603
0.805223 0.0519797
0.835195 0.0528551
0.726828 0.0492005
0.780569 0.0510842
0.729832 0.0493838
0.784936 0.0512061
0.867877 0.0536251
0.724776 0.049091
0.790937 0.0512008
0.73463 0.0494518
0.685017 0.0478459
0.709874 0.0486422
0.717053 0.0490193
0.639945 0.0461865
0.664509 0.0472268
0.753618 0.0502443
0.718124 0.0489792
0.723472 0.0491149
0.712656 0.0488326
0.698777 0.0483376
0.664904 0.0470179
0.686925 0.0477475
0.631498 0.0459373
0.716437 0.0488882
0.687565 0.0478452
0.633077 0.0460514
0.715456 0.0489107
0.712608 0.0488294
0.59204 0.0445025
0.719889 0.0492127
0.595048 0.0447282
0.649104 0.046487
0.523086 0.0417484
0.59308 0.0445799
0.614998 0.0454055
0.623338 0.0455854
0.510481 0.0412165
0.586896 0.0442764
0.633645 0.0458841
0.537657 0.0423758
0.725267 0.0492919
0.611839 0.0452307
0.547107 0.0427244
0.564907 0.0434563
0.577827 0.0438066
0.557006 0.0431041
0.583613 0.0441187
0.696958 0.0482118
0.581156 0.043933
0.63675 0.0460752
0.574152 0.0436536
0.577282 0.0437652
0.53097 0.0419882
0.600425 0.0447552
0.588804 0.0443846
0.58551 0.044243
0.582739 0.044307
0.549045 0.0430062
0.608328 0.0450946
0.531643 0.0422971
0.489102 0.040619
0.567429 0.0439112
0.55096 0.0432891
0.443889 0.0389331
0.557514 0.0438042
0.617768 0.0463058
0.597995 0.0455991
0.579766 0.0450451
0.598899 0.0459581
0.506841 0.0424985
0.563012 0.0452256
0.623768 0.0479848
0.568968 0.0461521
0.613155 0.0481766
0.585938 0.047528
0.597084 0.048274
# Group 4
0.491127 0.0445064
0.409891 0.0405868
0.533712 0.0463191
0.516234 0.0456311
0.471723 0.0436126
0.432212 0.0415919
0.468049 0.0431323
0.474848 0.0434503
0.436977 0.042051
0.40272 0.0402735
0.46054 0.043123
0.532101 0.0462467
0.444599 0.0421957
0.520955 0.0457081
0.471016 0.0435469
0.466273 0.0432941
0.560792 0.0474073
0.585136 0.0485023
0.561812 0.0474837
0.56857 0.0477029
0.579963 0.0481652
0.549794 0.0468446
0.619204 0.0497373
0.607661 0.0493305
0.645917 0.0509292
0.617359 0.0497514
0.673606 0.0519677
0.582366 0.0482029
0.731622 0.05411
0.594481 0.0487056
0.610125 0.0492834
0.573383 0.0478573
0.652635 0.0511198
0.651168 0.0510141
0.7088 0.0530589
0.564075 0.0474066
0.689359 0.0523954
0.726868 0.0538347
0.699985 0.0527847
0.697155 0.0526019
0.699513 0.0525119
0.719809 0.0533582
0.685434 0.0520472
0.661026 0.0510427
0.823368 0.0569192
0.658698 0.0509751
0.673362 0.0515011
0.787632 0.0558382
0.765132 0.0549364
0.67103 0.0513173
0.733735 0.0538025
0.738643 0.0541633
0.831018 0.0572213
0.782542 0.0553778
0.819044 0.0568876
0.773157 0.0552283
0.767789 0.0552688
0.794179 0.0561619
0.833211 0.0575069
0.865554 0.0586258
0.8452 0.0579154
0.82993 0.0575484
0.897363 0.0597835
0.792497 0.0562583
0.857348 0.0584961
0.81291 0.0569186
0.936486 0.0612233
0.895119 0.0599447
0.904616 0.0604237
0.923835 0.0609358
0.938205 0.0615654
0.959474 0.0624604
0.975187 0.062821
0.883144 0.0598223
0.999197 0.0637324
0.969767 0.0627994
0.911733 0.0610159
0.987327 0.0635889
0.888444 0.0605652
1.00408 0.0645098
1.01236 0.0649196
0.946733 0.0629792
1.04542 0.0661224
1.10003 0.0678346
1.25506 0.0723447
1.1108 0.0681124
1.07763 0.0670948
1.08046 0.0670115
1.08608 0.0672308
1.10474 0.0678681
1.24202 0.0718323
1.23698 0.0717813
1.21072 0.0711007
1.27378 0.0729417
1.19947 0.0707616
1.2592 0.0724635
1.23578 0.0717113
1.4001 0.0762731
1.40685 0.0765284
1.34281 0.0748369
1.37874 0.0756739
1.48463 0.078471
1.51008 0.0792646
1.48932 0.0786091
1.36545 0.0751701
1.56212 0.0804594
1.58736 0.0812237
1.58847 0.0811734
1.62284 0.0819732
1.53232 0.0797768
1.73265 0.0846532
1.80552 0.0865739
1.71985 0.0841591
1.87096 0.0878836
1.90426 0.0886976
2.03465 0.0918312
2.06579 0.0925791
2.15338 0.0943506
2.18109 0.0949303
2.27833 0.0971584
2.50387 0.101557
2.52372 0.101697
2.59008 0.10345
2.80056 0.107647
2.93386 0.110197
3.0301 0.111782
2.98977 0.111129
3.21926 0.115359
3.49188 0.119788
3.84158 0.125856
4.14035 0.130509
4.24758 0.132474
4.42745 0.134888
4.74918 0.13923
5.46548 0.150014
5.55137 0.151014
6.67879 0.165522
7.24981 0.172519
8.79255 0.189654
9.82297 0.200134
12.5646 0.226657
16.5906 0.261023
22.5444 0.304005
30.6795 0.355433
44.6634 0.428742
67.806 0.528063
106.743 0.664385
169.226 0.838599
266.516 1.05651
364.184 1.23689
370.289 1.2483
241.604 1.00203
97.9835 0.633146
30.4426 0.353277
12.1773 0.222879
9.10216 0.193341
7.80868 0.178543
6.8107 0.166409
6.2865 0.159666
5.69217 0.152112
5.33118 0.14744
5.0893 0.144266
4.35889 0.133343
4.37727 0.133842
4.11536 0.12969
3.89101 0.126027
3.50625 0.119207
3.4576 0.118547
3.27122 0.115241
3.09548 0.111787
2.90736 0.10844
2.8644 0.10797
2.68689 0.104364
2.71084 0.104819
2.44134 0.0991857
2.44081 0.0992443
2.30758 0.0965798
2.26079 0.0957169
2.29474 0.09638
2.17909 0.0936954
2.04317 0.0909281
2.14888 0.0930526
1.75879 0.0841856
1.84074 0.0860397
1.83269 0.0859368
1.81432 0.0854412
1.83718 0.0859473
1.66538 0.0820538
1.5077 0.0779674
1.79543 0.0850244
1.50679 0.0779208
1.49003 0.0773645
1.4677 0.0766196
1.40604 0.0750554
1.3728 0.0742378
1.44321 0.0761765
1.38773 0.0747182
1.37172 0.0743948
1.39809 0.0750588
1.36049 0.0738264
1.44237 0.0760699
1.39127 0.0745903
1.0932 0.0661675
1.26017 0.0710075
1.28011 0.0716768
1.25814 0.0711189
1.13782 0.0675215
1.16045 0.0682662
1.12837 0.0673168
1.12087 0.0672294
1.29762 0.0722066
1.18819 0.0691828
1.16753 0.0685641
1.10207 0.0667051
1.03356 0.0645152
1.10417 0.0667093
1.10177 0.0665867
1.00966 0.0637389
1.09202 0.0662174
0.877371 0.0592902
1.00129 0.0634607
0.935915 0.0611862
1.00821 0.0636417
1.02839 0.0643914
0.967424 0.0624509
0.865216 0.0590101
0.793901 0.0564229
0.907454 0.0605005
0.974354 0.0627678
0.9137 0.0607804
0.899953 0.0601343
0.85424 0.0586727
0.913017 0.0604914
0.984662 0.0629218
0.914285 0.0606867
0.907446 0.0603659
0.8199 0.0575491
0.805823 0.056864
0.900449 0.0604374
0.821874 0.057688
0.756746 0.0553427
0.863632 0.0590401
0.793698 0.0566951
0.793097 0.0566522
0.913362 0.0606254
0.803788 0.0568395
0.844787 0.0584387
0.768983 0.0556854
0.731749 0.054258
0.698592 0.0531152
0.785575 0.0562594
0.765477 0.0555362
0.777624 0.0559783
0.90897 0.0607361
0.787782 0.0565619
0.725229 0.0540594
0.770094 0.0557246
0.819419 0.0576572
0.808548 0.0573192
0.764231 0.0555931
0.688297 0.0527923
0.794749 0.0567876
0.79577 0.0566557
0.717712 0.0539205
0.673152 0.0522546
0.784719 0.0563429
0.690291 0.0527913
0.838706 0.0582973
0.68849 0.052656
0.62846 0.0504812
0.65808 0.0517058
0.793413 0.0568121
0.729835 0.0544011
0.684003 0.0527741
0.725295 0.0542134
0.672305 0.0521831
0.575519 0.0482306
0.650041 0.0513279
0.683857 0.0527631
0.642262 0.0510989
0.63481 0.0509915
0.711969 0.0539767
0.674711 0.0523704
0.769171 0.0561004
0.698393 0.0535665
0.737034 0.0552461
0.705946 0.0541363
0.796641 0.057646
0.663945 0.052823
0.614445 0.0510235
0.658005 0.0528563
0.704749 0.0548868
0.693799 0.0546818
0.606406 0.0514423
0.749107 0.0576271
0.761978 0.0586168
0.617678 0.0531642
0.618599 0.0534417
0.776198 0.0604476
0.759989 0.0602748
# Group 5
0.462603 0.041713
0.470542 0.0419208
0.450518 0.0410052
0.45222 0.0411125
0.496823 0.0430815
0.501004 0.0431219
0.421107 0.0394428
0.447481 0.0406189
0.482386 0.0424745
0.449636 0.0408776
0.502346 0.0432372
0.480622 0.0422111
0.553621 0.0452887
0.464754 0.0414053
0.480486 0.0421432
0.457397 0.041077
0.574743 0.045955
0.479507 0.0420573
0.516912 0.0435335
0.534424 0.0442307
0.556315 0.0451248
0.437901 0.0399498
0.636321 0.0482412
0.490162 0.0423461
0.639844 0.0485087
0.600865 0.0469221
0.627777 0.0479041
0.585039 0.0461157
0.549754 0.0447401
0.635342 0.0480036
0.581145 0.0458534
0.554687 0.0448453
0.590427 0.0462494
0.738084 0.0516792
0.6843 0.0496254
0.658091 0.0486664
0.502644 0.0424835
0.683427 0.0495835
0.652064 0.0483933
0.691391 0.0497873
0.715105 0.0504421
0.660435 0.0485581
0.618587 0.0470324
0.670322 0.0488902
0.662263 0.0485615
0.717701 0.0506251
0.695138 0.0497819
0.715458 0.0505945
0.676438 0.0490642
0.73137 0.0508363
0.857065 0.0550968
0.589831 0.0457823
0.793522 0.0528523
0.830564 0.0538644
0.772142 0.0520632
0.733938 0.0506487
0.773575 0.0521567
0.806665 0.0531943
0.895429 0.0559239
0.858442 0.0547349
0.724248 0.0502153
0.767921 0.0517758
0.829269 0.0536826
0.809828 0.0530359
0.828411 0.0535151
0.781929 0.0519016
0.840364 0.0538013
0.829761 0.0534495
0.925522 0.0564955
0.818244 0.0529164
0.846628 0.0538302
0.988303 0.0582349
0.978814 0.057681
0.824522 0.0528416
1.02639 0.0589036
1.06147 0.0597683
0.938658 0.0561333
0.858927 0.0536316
0.905693 0.0550381
1.08871 0.0601472
1.01614 0.0579988
0.986968 0.057177
0.957663 0.0562394
0.961166 0.0563473
0.98786 0.0570374
0.966647 0.0564761
1.00244 0.0574976
0.964342 0.0562453
1.00219 0.057389
1.10604 0.0603436
1.14814 0.0613744
1.1573 0.0616881
1.14013 0.0612983
1.20333 0.0629899
1.09616 0.0601631
1.20157 0.0629838
1.17301 0.0621733
1.05407 0.0589276
1.29083 0.0652848
1.33657 0.0665016
1.32783 0.0661493
1.3455 0.066535
1.36626 0.067153
1.38882 0.0676124
1.50635 0.0703153
1.54171 0.0711952
1.57311 0.0720341
1.42131 0.068388
1.50461 0.0703119
1.53827 0.0711896
1.54892 0.0713011
1.78774 0.0767255
1.74003 0.0754477
1.88492 0.0786826
1.88881 0.0787761
1.86409 0.0784299
1.98656 0.0810411
1.99915 0.0811505
2.03097 0.0817722
2.06289 0.082524
2.19878 0.0849554
2.28526 0.0863858
2.38628 0.0886349
2.42612 0.089438
2.63088 0.0931433
2.69359 0.094076
2.9678 0.098831
2.94725 0.0985305
3.427 0.105927
3.12383 0.101312
3.60199 0.108722
3.87025 0.113022
4.0102 0.114787
4.15302 0.116466
4.72718 0.124816
5.40652 0.133334
5.93377 0.139586
6.51744 0.146325
7.68391 0.158597
8.73129 0.168819
11.1615 0.191114
14.0237 0.214682
17.7055 0.240983
25.1059 0.287618
35.1827 0.340354
53.5812 0.419779
82.5864 0.522459
133.28 0.665394
209.244 0.836941
293.125 0.992308
319.039 1.0374
222.211 0.861351
91.6538 0.549044
28.5095 0.306554
11.912 0.197646
8.3563 0.166125
7.58584 0.157781
6.63555 0.147281
5.89134 0.138588
5.31855 0.131847
5.15128 0.129953
4.66643 0.123859
4.48887 0.121346
4.19325 0.117457
3.93999 0.113806
3.81264 0.111962
3.64751 0.109252
3.45834 0.106489
2.96852 0.0986358
2.82286 0.0959378
2.87329 0.0968718
2.63539 0.09307
2.59262 0.0921368
2.46759 0.089875
2.46205 0.0894964
2.1855 0.0843795
2.12132 0.0832144
2.1785 0.0844238
2.06871 0.082232
1.97112 0.080079
1.95076 0.0798471
1.79407 0.0764363
1.83157 0.077267
1.69353 0.074273
1.69863 0.0744959
1.65371 0.0734506
1.57495 0.0716687
1.53429 0.0709287
1.60621 0.0724932
1.63615 0.0731044
1.44803 0.0688037
1.47579 0.0693442
1.43689 0.0682745
1.4901 0.0695581
1.39355 0.067365
1.32722 0.0657933
1.36061 0.0666342
1.28622 0.0648858
1.3147 0.0655763
1.28329 0.064656
1.19658 0.0625504
1.25483 0.0639562
1.14554 0.0611488
1.09432 0.0597041
1.16721 0.061693
1.18273 0.0620814
1.18607 0.0620013
1.09263 0.0595233
1.16181 0.0614075
1.07495 0.0591778
1.0386 0.0580629
1.06526 0.0589123
1.07635 0.0592545
1.08766 0.0597003
1.00429 0.0574212
0.995896 0.057311
0.98114 0.0570065
0.986691 0.0573641
0.958176 0.0565911
1.01069 0.0582677
0.992096 0.0579579
0.980206 0.0575224
0.954383 0.0570369
0.959684 0.0573166
0.899394 0.0557682
0.80654 0.0529334
1.00207 0.058981
0.810977 0.0535457
0.848303 0.0550781
0.861737 0.0558226
0.768654 0.0529245
0.814327 0.0552727
0.791556 0.0548549
0.776288 0.0544877
0.827221 0.0562877
0.798464 0.0552336
0.7534 0.0538113
0.776558 0.0543763
0.917147 0.0593283
0.756757 0.0537837
0.785583 0.054738
0.775665 0.0543105
0.710392 0.0520907
0.762674 0.0539317
0.686601 0.051032
0.770876 0.0539749
0.717839 0.0522182
0.651427 0.0496728
0.64166 0.0492151
0.655511 0.0498395
0.668732 0.0502679
0.764107 0.0537651
0.661811 0.0500168
0.736845 0.0529043
0.659908 0.0500293
0.683041 0.0506343
0.637596 0.0489033
0.671557 0.0503375
0.688002 0.0510001
0.66512 0.0499962
0.662483 0.0499386
0.642321 0.0491834
0.702986 0.0512925
0.696889 0.0511019
0.639236 0.049029
0.651515 0.0493939
0.64401 0.0491082
0.694107 0.0510339
0.622939 0.0481648
0.632105 0.0486254
0.616969 0.0480327
0.631523 0.0485812
0.606604 0.0475147
0.631407 0.0485716
0.621273 0.0480774
0.527786 0.0442923
0.640102 0.0487423
0.584703 0.0465794
0.576942 0.0463429
0.490337 0.0426798
0.508401 0.0435967
0.534716 0.0447169
0.605317 0.0474143
0.537432 0.0447879
0.620691 0.0481766
0.49236 0.0430197
0.639271 0.0490319
0.555539 0.0458221
0.601062 0.0478199
0.606551 0.0482565
0.615346 0.0486308
0.678592 0.0512146
0.665383 0.0508856
0.688523 0.0520499
0.511429 0.0452066
0.560772 0.0477382
0.660087 0.0521876
0.657326 0.0522969
0.653831 0.0526004
0.655469 0.0529945
# Group 6
0.453838 0.0325849
0.409975 0.0309041
0.451362 0.032491
0.484737 0.0336929
0.438023 0.0320324
0.486124 0.0336348
0.44412 0.0321375
0.520698 0.0348717
0.442997 0.0323114
0.448315 0.0324403
0.468989 0.0332474
0.452547 0.0326609
0.505086 0.0345288
0.515793 0.0347767
0.499627 0.034316
0.424094 0.0316114
0.437219 0.0320597
0.521443 0.0350776
0.458336 0.0328233
0.567282 0.0365432
0.541666 0.0357177
0.535117 0.0355181
0.50735 0.0346022
0.547102 0.035999
0.550325 0.0362062
0.572681 0.0368916
0.532749 0.0355974
0.54956 0.036082
0.63879 0.0389495
0.673271 0.039953
0.673173 0.0399471
0.645974 0.0391694
0.549357 0.0361467
0.548532 0.0360927
0.58764 0.0373165
0.554373 0.036242
0.619826 0.0382944
0.641984 0.0389995
0.651896 0.0393129
0.675087 0.0399917
0.654179 0.0392369
0.673409 0.039891
0.672832 0.0399272
0.645819 0.0390884
0.702164 0.0407455
0.723971 0.0414564
0.716608 0.0412382
0.693838 0.0406766
0.650731 0.0393142
0.743287 0.0418814
0.724744 0.0414328
0.721884 0.0414737
0.694201 0.0404882
0.725366 0.0412669
0.779342 0.0429036
0.724553 0.0412873
0.786757 0.0431808
0.695395 0.0405595
0.753625 0.0421973
0.800549 0.0434818
0.842168 0.0445747
0.815085 0.0439488
0.84715 0.0447755
0.864303 0.045242
0.831011 0.0442953
0.853146 0.0447812
0.832135 0.0442923
0.861426 0.0450912
0.862216 0.0451954
0.829679 0.0442873
0.866667 0.0452427
1.00969 0.0489226
0.926732 0.0466907
0.95476 0.0474448
0.985983 0.0481709
0.923607 0.0465921
0.865687 0.0451297
0.907358 0.046246
0.988087 0.048332
0.976688 0.0480042
1.03755 0.0494663
0.943378 0.0472307
1.03522 0.0494114
1.05663 0.0499237
0.996788 0.0484111
1.00693 0.0487322
1.04342 0.0495777
0.969861 0.0476692
1.03034 0.0491783
1.07778 0.050367
1.16128 0.052279
1.16042 0.0525324
1.14309 0.0523347
1.16964 0.0530604
1.21523 0.0541643
1.24869 0.0550278
1.21839 0.0543452
1.2575 0.0553209
1.28603 0.0560583
1.32375 0.057014
1.32419 0.0569577
1.27373 0.0558864
1.47361 0.0602382
1.39059 0.0585554
1.44445 0.0596459
1.4979 0.0608148
1.44352 0.0598293
1.43883 0.0597139
1.59236 0.0628569
1.61778 0.0635126
1.49422 0.0609492
1.6785 0.0648032
1.68842 0.0647364
1.73693 0.0659376
1.76634 0.0665466
1.89083 0.0690667
1.95338 0.0702744
2.01305 0.0712698
2.11395 0.0730761
2.16161 0.0740156
2.16415 0.0739493
2.29509 0.0759702
2.43284 0.0785787
2.55871 0.0807599
2.63731 0.0819982
2.70795 0.0830128
2.86155 0.0854778
3.09343 0.0889212
3.12301 0.0891912
3.49973 0.0946355
3.73162 0.0976431
3.75398 0.098368
3.98027 0.101117
4.13765 0.102821
4.68983 0.110058
5.18539 0.115627
5.63202 0.120453
6.26411 0.127236
7.17403 0.135982
8.22292 0.145375
10.1809 0.162111
12.9363 0.18327
16.9119 0.209364
23.1143 0.245404
33.0437 0.293647
48.923 0.357081
76.1894 0.446759
119.557 0.561388
189.009 0.708445
265.613 0.84079
291.241 0.882743
205.532 0.739122
86.9591 0.477741
26.7662 0.265512
11.3144 0.172388
8.69735 0.151773
7.51284 0.14062
6.64702 0.13207
6.15622 0.12709
5.44975 0.11975
5.10309 0.116037
4.77594 0.112534
4.21744 0.105718
4.12752 0.104755
3.95665 0.102557
3.61618 0.0981451
3.45985 0.0958246
3.33424 0.094168
2.92594 0.0882341
3.00381 0.0892619
2.82323 0.0866434
2.77418 0.0861571
2.58991 0.083132
2.40594 0.0801785
2.49601 0.0814635
2.32164 0.0786283
2.29597 0.0783053
2.04719 0.0740934
2.23646 0.0774493
1.89468 0.0711118
1.92151 0.0718165
1.89307 0.0711948
1.79301 0.0693788
1.74658 0.0684595
1.68838 0.0674324
1.7732 0.0691325
1.51512 0.0639157
1.6558 0.0669917
1.53392 0.0644243
1.5345 0.0644111
1.48893 0.0635489
1.4061 0.0616655
1.42107 0.0618483
1.3826 0.0611073
1.43462 0.0623725
1.35833 0.0607508
1.33999 0.0603541
1.40651 0.0619226
1.24519 0.0582509
1.28911 0.0591523
1.17944 0.0566836
1.21888 0.057526
1.26367 0.058605
1.16687 0.0562754
1.10957 0.0549345
1.12629 0.0553572
1.16197 0.0561039
1.06059 0.0536395
1.16991 0.0563558
1.09541 0.054637
1.00976 0.0523557
1.06269 0.0537454
1.05008 0.0533126
1.04415 0.0530577
1.00197 0.0518103
0.953555 0.0503995
0.994419 0.05131
0.869124 0.0478706
1.02415 0.0517484
0.960146 0.049932
0.887754 0.047926
0.831708 0.0460757
0.865157 0.04692
0.96304 0.0493696
0.861149 0.0465584
0.941262 0.0484522
0.892147 0.0467759
0.888209 0.0466915
0.94539 0.0479999
0.850384 0.0451981
0.840957 0.044402
0.892586 0.0456438
0.806482 0.0431729
0.87448 0.0450411
0.838005 0.0441078
0.80831 0.0432702
0.880356 0.0452831
0.764131 0.0420663
0.844313 0.0443784
0.839936 0.0442102
0.713096 0.0407013
0.776078 0.0424039
0.762609 0.04211
0.794235 0.0429495
0.815287 0.0433952
0.778667 0.0423563
0.799834 0.0430644
0.680657 0.0396983
0.711182 0.0405251
0.725389 0.0410033
0.714578 0.0406534
0.774942 0.0423417
0.719525 0.0408026
0.672383 0.0395537
0.734788 0.0413369
0.695383 0.040018
0.716608 0.040637
0.683609 0.0398029
0.673582 0.0395558
0.643945 0.0385543
0.673207 0.0394657
0.670664 0.0394526
0.711136 0.0405223
0.682525 0.03974
0.607971 0.0375622
0.704782 0.0403579
0.630424 0.0381572
0.590777 0.0369974
0.630637 0.0380997
0.633728 0.0382864
0.615893 0.0377643
0.657489 0.0390167
0.618344 0.0377729
0.60465 0.0374283
0.611061 0.0375385
0.668352 0.0392485
0.692275 0.0399704
0.677953 0.0396085
0.662188 0.0391579
0.573875 0.0364472
0.619486 0.0381285
0.608207 0.0378616
0.570772 0.0366859
0.608974 0.0380725
0.54928 0.0362363
0.554309 0.0366417
0.653551 0.0398563
0.647087 0.0397967
0.637262 0.0397028
0.567779 0.0376395
0.56343 0.0376158
0.640116 0.0402674
0.563417 0.0379982
0.582797 0.0389175
0.59035 0.0395349
0.603935 0.0403555
0.540249 0.0384933
0.661744 0.0428117
0.572043 0.0402506
0.574317 0.0406111
# Group 7
0.428657 0.0281436
0.446264 0.0286289
0.474959 0.0295873
0.473359 0.029644
0.453398 0.0290442
0.498831 0.0303937
0.469717 0.0294744
0.485773 0.0300411
0.457072 0.0292801
0.503878 0.0307232
0.548462 0.0320537
0.475919 0.0299216
0.521443 0.0313408
0.502791 0.0307103
0.532433 0.0316512
0.549308 0.0321427
0.476314 0.0298878
0.554696 0.0323427
0.51221 0.0310584
0.605177 0.0337265
0.566591 0.032637
0.557733 0.0324186
0.582281 0.0331303
0.567435 0.0327598
0.561675 0.0326981
0.586268 0.0333561
0.660696 0.0354625
0.557223 0.0324992
0.602083 0.0337646
0.642846 0.0348645
0.622453 0.0343243
0.642406 0.0349425
0.633163 0.0347095
0.628567 0.0346007
0.684665 0.0360863
0.617962 0.0342797
0.711618 0.0367678
0.667696 0.0356915
0.631354 0.0347565
0.685812 0.0361987
0.645535 0.0350218
0.728216 0.0373092
0.720497 0.0371583
0.715182 0.0369832
0.703603 0.0367293
0.74705 0.0379752
0.654396 0.0355434
0.773407 0.0387214
0.693189 0.0366002
0.719795 0.0372212
0.75893 0.0382846
0.77886 0.0388985
0.762749 0.038376
0.746749 0.0378999
0.791813 0.0391544
0.798489 0.0392453
0.796414 0.0393337
0.826595 0.040036
0.78695 0.0391059
0.896915 0.0417754
0.819241 0.0399294
0.902385 0.041985
0.917192 0.0423275
0.876962 0.0414345
0.875982 0.041342
0.855728 0.0407974
0.857988 0.0409049
0.901852 0.0420268
0.855879 0.0410387
0.923399 0.0425953
0.976216 0.0437921
0.903823 0.042189
0.824445 0.040183
0.970612 0.0436719
0.918119 0.0424633
0.942703 0.0430302
0.935667 0.0428885
1.01748 0.0447591
0.966903 0.0437702
1.0361 0.0452645
0.916798 0.0425634
1.06605 0.0459633
1.02618 0.0450801
1.00792 0.0447206
1.19102 0.0485853
1.06835 0.0460629
1.08987 0.0465173
1.08765 0.0463381
1.11723 0.0470066
1.14981 0.0477651
1.16803 0.0479394
1.20881 0.0487071
1.19284 0.0483258
1.2778 0.0499491
1.25405 0.0494305
1.23804 0.0491228
1.2788 0.0497855
1.37292 0.0515589
1.43041 0.0526276
1.46844 0.0533474
1.34599 0.0509229
1.37901 0.0515219
1.44257 0.0527157
1.36577 0.051224
1.55832 0.0545927
1.58604 0.0550593
1.59866 0.0553141
1.76175 0.0580344
1.59597 0.0551789
1.71936 0.057331
1.7571 0.0577905
1.8037 0.0586407
1.82838 0.0587561
1.91212 0.0602764
1.97375 0.0613197
2.05131 0.0627461
2.10207 0.0636266
2.11643 0.0637553
2.28048 0.0662327
2.29264 0.0665451
2.36497 0.0674911
2.44875 0.0685067
2.4962 0.0694509
2.71763 0.0725735
2.97553 0.0759507
2.96731 0.0756714
3.08168 0.0773292
3.17197 0.0784811
3.44737 0.0816319
3.72589 0.0850023
4.13842 0.0895267
4.04721 0.0887984
4.30293 0.0913477
4.50495 0.0933531
4.97675 0.0985373
5.40271 0.102527
5.92318 0.107349
6.61513 0.113427
7.36949 0.119501
8.82989 0.130728
10.5454 0.143099
13.2648 0.16083
17.5655 0.185089
23.3195 0.213556
33.3145 0.255055
49.5611 0.310987
74.2698 0.381661
118.457 0.48312
183.654 0.603389
254.065 0.710703
271.536 0.735577
186.68 0.607295
79.3389 0.393522
26.7016 0.228923
12.0582 0.153532
9.17818 0.134479
7.81161 0.123687
7.26095 0.119044
6.577 0.113121
6.27112 0.11059
5.92787 0.107648
4.94189 0.0985029
4.7309 0.0963653
4.30587 0.0920673
4.18556 0.090709
3.87192 0.0871975
3.78993 0.0861465
3.53076 0.083231
3.29294 0.0803395
3.26583 0.0798271
2.92885 0.0757239
2.94988 0.0762757
2.9042 0.0754978
2.66012 0.0721949
2.51439 0.0699505
2.54877 0.0705817
2.50125 0.0699997
2.2939 0.067128
2.23758 0.0662481
2.1339 0.0645556
2.11749 0.0644941
1.9753 0.0621333
1.88542 0.06073
1.76947 0.0588237
1.96304 0.0620863
1.83147 0.05998
1.772 0.0589726
1.6043 0.0562693
1.75492 0.0587581
1.61581 0.0562995
1.61854 0.0563889
1.59539 0.0559221
1.46228 0.053433
1.51651 0.0544087
1.45781 0.0533778
1.4211 0.052757
1.36448 0.0517589
1.42593 0.0529975
1.37733 0.0520617
1.24265 0.049355
1.31609 0.0508862
1.30117 0.0505263
1.26956 0.049992
1.31362 0.0508289
1.27663 0.0501534
1.22361 0.0491045
1.05589 0.0455259
1.24139 0.0494371
1.16495 0.0479223
1.11402 0.0469529
1.20656 0.0487752
1.13065 0.0472772
1.07712 0.046102
1.11554 0.0470055
1.02272 0.044982
1.08188 0.0462603
1.06827 0.0459733
1.01007 0.0447288
1.04698 0.0454812
1.01297 0.0447194
0.972658 0.0439445
1.01779 0.0448081
0.943103 0.0431841
0.939423 0.0431514
0.950775 0.043399
0.99231 0.0443352
0.975956 0.0439123
0.898317 0.0422558
0.918571 0.042784
0.933268 0.0430964
0.932248 0.0429124
0.877866 0.0417146
0.85075 0.0410285
0.902542 0.0423608
0.905213 0.0424391
0.791917 0.0396471
0.790172 0.0397095
0.80378 0.0399422
0.841843 0.0410976
0.700399 0.0375769
0.777348 0.0396104
0.809876 0.0404452
0.725927 0.0383969
0.785194 0.0399669
0.841877 0.0412829
0.721186 0.0382576
0.827772 0.0411376
0.790259 0.0402181
0.739227 0.0388568
0.707266 0.038125
0.797295 0.0404281
0.710662 0.0382222
0.784418 0.0402417
0.772381 0.040058
0.751327 0.0395439
0.682132 0.0374967
0.714267 0.0384005
0.726356 0.0388824
0.687956 0.0378745
0.7156 0.0385755
0.71863 0.0387476
0.758322 0.0398606
0.651574 0.0368625
0.708008 0.038512
0.729346 0.039155
0.655045 0.0370507
0.679206 0.0377943
0.721656 0.0390242
0.701326 0.0383358
0.693259 0.0382804
0.71932 0.039012
0.69848 0.0384516
0.690819 0.0382037
0.702844 0.0386528
0.676528 0.0378797
0.677925 0.0378997
0.6577 0.0373911
0.62072 0.0363889
0.702752 0.0387456
0.648433 0.0371611
0.69556 0.0385843
0.640754 0.0369182
0.661687 0.0373425
0.665645 0.0374696
0.629204 0.036416
0.670936 0.0377703
0.625327 0.0364153
0.521559 0.0332877
0.64743 0.037266
0.669626 0.0380341
0.654095 0.0376239
0.675213 0.0383095
0.618194 0.0367758
0.644539 0.0377869
0.682016 0.039183
0.686067 0.0395994
0.733107 0.0412427
0.687435 0.0401094
0.68999 0.0405894
0.613181 0.0384765
# Group 8
0.533447 0.0317119
0.533849 0.0316243
0.511706 0.0309036
0.503968 0.0306722
0.484789 0.0300212
0.536697 0.0314355
0.572246 0.0323954
0.522916 0.0309826
0.509837 0.0307276
0.499344 0.0303347
0.537293 0.0314402
0.532934 0.0312967
0.553594 0.0318802
0.543651 0.0314949
0.611088 0.0334395
0.548867 0.0316385
0.549184 0.0316026
0.606334 0.0331938
0.631634 0.0338127
0.593106 0.0327507
0.587804 0.0325602
0.686379 0.0352127
0.64396 0.034107
0.641758 0.0340524
0.657806 0.0345287
0.686678 0.03521
0.687638 0.035232
0.630582 0.0336603
0.697687 0.0354186
0.709149 0.0356383
0.624643 0.0334134
0.692363 0.0351971
0.726107 0.0360401
0.737348 0.0362857
0.778685 0.037252
0.762172 0.0368438
0.730914 0.0360186
0.718011 0.0357252
0.738266 0.0361995
0.814041 0.0379961
0.713156 0.0354024
0.789223 0.0373319
0.821393 0.0381353
0.784827 0.0372423
0.807342 0.0377275
0.886964 0.0395906
0.789237 0.0373324
0.828808 0.0383565
0.853653 0.0388154
0.845981 0.0384965
0.83714 0.0383733
0.891241 0.0396929
0.883861 0.0393262
0.884912 0.0391893
0.930903 0.0403257
0.854015 0.0385443
0.944383 0.0406811
0.989573 0.0415564
0.938227 0.0404535
0.929303 0.0402182
0.886122 0.0392416
0.960116 0.0409423
0.921944 0.0400553
0.998978 0.0417001
0.976671 0.0411655
1.0357 0.0423219
0.990199 0.0414052
1.0142 0.0418686
1.04779 0.0426389
1.10225 0.043677
1.07575 0.0431386
1.09462 0.0435804
1.12694 0.0440381
1.01444 0.0418021
1.10853 0.0436227
1.05225 0.0424693
1.14918 0.0444016
1.14922 0.0444063
1.1798 0.0450504
1.18483 0.0451104
1.15958 0.0446041
1.27768 0.046879
1.35134 0.0481144
1.25784 0.0463765
1.17778 0.0448096
1.27954 0.0467593
1.2601 0.0463906
1.29487 0.0468833
1.35626 0.0480094
1.28853 0.046808
1.40298 0.048763
1.40775 0.0488995
1.39444 0.0487321
1.48674 0.0503253
1.50645 0.050674
1.45254 0.0497116
1.51335 0.0507059
1.6234 0.0525118
1.60308 0.0522385
1.60471 0.0523194
1.55677 0.0514037
1.61137 0.0522321
1.66891 0.0532379
1.77583 0.0548383
1.7677 0.0546387
1.86529 0.0561731
1.79435 0.0551598
1.88075 0.0563842
1.90401 0.0566757
1.85523 0.0560239
2.05882 0.0589065
2.09956 0.0595861
2.10806 0.059518
2.17627 0.0605345
2.29639 0.0621338
2.25747 0.0616308
2.40258 0.0635494
2.42586 0.0636809
2.62132 0.0661227
2.62843 0.0662482
2.67726 0.0665936
2.79392 0.0677964
2.86971 0.0689702
3.07928 0.0714426
3.21876 0.0730401
3.22295 0.0728879
3.49971 0.0759619
3.72752 0.0783449
3.70598 0.0778766
3.83185 0.0792995
4.15973 0.0824912
4.43368 0.085436
4.80374 0.0886645
4.92381 0.0893998
5.50115 0.0949336
5.97491 0.0987111
6.66455 0.104191
7.53102 0.110795
8.46454 0.117158
10.0477 0.127423
12.3209 0.141203
15.3832 0.158051
18.8345 0.174639
24.7708 0.20079
34.2957 0.236212
50.1113 0.285276
76.1484 0.352808
118.469 0.441472
181.837 0.549842
248.205 0.644299
258.831 0.659229
181.714 0.548327
82.3806 0.365228
28.7316 0.215462
13.2037 0.145498
9.99534 0.127014
8.49271 0.116662
7.98745 0.112844
7.51398 0.109311
6.99064 0.10557
6.78231 0.104106
6.0549 0.0983717
5.21961 0.0912069
4.90218 0.0885116
4.63698 0.0860514
4.47554 0.084475
4.2093 0.0817214
3.84931 0.0782254
3.64013 0.0760324
3.48876 0.0741941
3.41074 0.0733448
3.36364 0.0730745
3.22347 0.0714067
3.16019 0.0706835
3.06116 0.0693135
2.87134 0.0671571
2.68341 0.0649552
2.63596 0.0644218
2.58121 0.063714
2.48893 0.0623952
2.48872 0.0625062
2.48119 0.062297
2.26607 0.059563
2.28495 0.059792
2.14427 0.057945
2.20855 0.0587259
2.02504 0.0562181
2.03604 0.0565236
2.01696 0.0561894
1.90357 0.0545294
1.90429 0.0545297
1.89199 0.0542661
1.83564 0.0533341
1.79304 0.052746
1.82688 0.0533047
1.6275 0.0503243
1.77309 0.0525229
1.70135 0.0515171
1.60445 0.0500244
1.62666 0.0502555
1.63283 0.050445
1.61888 0.0500982
1.58649 0.0496341
1.55046 0.0490374
1.59819 0.049829
1.51788 0.048568
1.50938 0.0483177
1.438 0.0471634
1.48045 0.0478631
1.38545 0.0463944
1.39729 0.0465053
1.38219 0.0463109
1.24597 0.0439294
1.3924 0.0464469
1.33793 0.0454712
1.42591 0.046941
1.2361 0.0437078
1.3285 0.0453337
1.19779 0.0429941
1.32447 0.0451225
1.3064 0.0449227
1.31045 0.0448225
1.18243 0.0426449
1.29155 0.0446214
1.22109 0.0433673
1.22729 0.0434235
1.27063 0.0440832
1.23819 0.0436461
1.22305 0.0434372
1.12405 0.0416076
1.18908 0.0426357
1.1419 0.0418297
1.15578 0.0419844
1.14032 0.0417832
1.13084 0.0416314
1.17407 0.0423706
1.14542 0.04197
1.10507 0.0411013
1.09807 0.0410191
1.05309 0.0400678
1.05689 0.0400548
1.05536 0.0399506
0.99102 0.0387576
1.03288 0.039526
0.993698 0.03863
1.01553 0.0389788
1.05232 0.0397686
1.02028 0.0391019
1.01929 0.0390265
1.01692 0.0390302
0.963406 0.0379313
1.03046 0.0392018
0.962495 0.0378728
0.94505 0.0376052
0.946163 0.0376102
1.09047 0.0401717
0.971148 0.0378975
0.954614 0.0376795
0.968067 0.0379648
1.05466 0.0394514
0.994241 0.0383577
0.90356 0.0366055
0.916838 0.0367428
0.987605 0.038187
0.842802 0.0353328
0.894719 0.0362938
0.904861 0.0364296
0.913033 0.0367313
0.929157 0.0369484
0.906697 0.0366245
0.923397 0.036988
0.954183 0.0376048
0.928343 0.0370479
0.865999 0.0358151
0.985018 0.038144
0.855997 0.0355397
0.973902 0.0379423
0.901696 0.0365424
0.882964 0.0362014
0.862174 0.0357723
0.895171 0.0365489
0.876788 0.0361578
0.847929 0.0354264
0.868323 0.0359624
0.876996 0.0362031
0.848603 0.0357362
0.837773 0.0355324
0.865819 0.0362088
0.881142 0.0366541
0.835109 0.0358082
0.901925 0.037262
0.839888 0.0361124
0.83191 0.0360697
0.853437 0.0367295
0.821567 0.0363165
0.858383 0.0374662
0.866139 0.0378777
0.851198 0.0377326
0.909117 0.0393451
0.904346 0.0395106
