# Cluster list (575 data points):
# "Cluster Identifier" "Cluster Size" "Radius of Gyration" "Gyration Tensor.XX" "Gyration Tensor.YY" "Gyration Tensor.ZZ" "Gyration Tensor.XY" "Gyration Tensor.XZ" "Gyration Tensor.YZ"
1 18 5.1269048017 6.7079864628 3.2383685499 16.3387978325 -0.7487031109 0.8731089225 -1.4661357639 
2 14 5.3302170477 2.5686287349 8.0022916989 17.8402933413 -0.9701765961 -1.1962632815 -7.9209411225 
3 12 4.536738269 13.5526927637 1.9334809126 5.0958204455 -1.904011962 -1.3561523094 -0.5984180575 
4 10 3.4866611497 2.6090784505 5.4556805916 4.0920469306 -0.5572034938 -0.568833358 -2.2904600343 
5 10 4.7709373156 3.4163687015 17.4193196499 1.9261545183 -4.5042290202 0.6379475664 -4.2812686574 
6 9 4.8176056561 7.7020632963 1.2713922959 14.2358686656 -0.2079970604 -7.4989868539 -1.1205335038 
7 9 3.8906171497 9.2733213523 2.8229737654 3.0406066877 -0.8461179305 3.0430550627 1.308407777 
8 9 5.0572763229 6.6624266768 5.5774691019 13.336148027 -4.9677797454 -7.8318409524 6.6041790718 
9 8 3.5294712438 3.3945814905 7.4010637639 1.6615220063 2.3976406727 1.1970527469 0.5405272217 
10 8 4.8021822062 0.412194016 7.6309500748 15.0178098505 1.3720915668 2.1056391958 9.8466480458 
11 7 3.2505491339 6.5049497304 2.1197810016 1.9413389397 1.2162532335 0.380207417 -1.4200751611 
12 7 4.0606267695 3.7927319792 1.2249783368 11.4709794452 1.1895124407 -3.7962427871 -0.9258509895 
13 7 4.0947792292 2.5970503594 12.552644096 1.6175224808 0.2230266191 0.750829608 3.612141153 
14 6 2.5601890836 1.6432388005 3.8384908545 1.0728384886 0.0903689585 -0.3531833741 -0.229843372 
15 6 2.9910213805 0.7957340539 3.6583095474 4.4921652972 0.7205186492 -0.4714535941 -2.1965416801 
16 6 2.9589991853 2.664579657 0.8044998279 5.2865966939 0.3054803627 0.0519217119 -1.4596673201 
17 6 3.2225568371 5.7640363939 2.1577364533 2.4630997212 -0.5295402044 -0.9794921101 -1.6038419206 
18 6 3.4567819225 1.127207714 7.4481560178 3.3739775279 1.4607810378 -0.8059987291 -3.6358151066 
19 6 3.4927253449 1.2499478645 8.1745152034 2.7746672669 -0.5808529638 -0.5197922582 4.0798147152 
20 5 2.8007737403 2.9013729742 2.2179441571 2.7250164129 0.1690731572 1.9948242711 -0.8339675572 
21 5 2.6247931437 1.0260794945 2.2212651862 3.6421943665 -0.4611701108 1.1764090282 1.3112029213 
22 5 2.3681703325 2.7869626268 1.1940220536 1.6272460436 0.3709619013 0.0309628543 -0.1559644143 
23 5 2.6409309261 2.6805797135 2.8731616091 1.4207748339 0.0544141795 -1.5507869647 0.6424257516 
24 5 2.3087344252 0.2297664941 1.997463195 3.1030249571 0.0860664176 0.3450508095 -0.1685868829 
25 5 3.0042527036 2.0329124589 5.4155544206 1.5770674273 -2.9771234045 1.4656139524 -1.6816978815 
26 5 2.7710900716 0.7363777194 1.3248068638 5.617755602 0.1799046076 1.0005866374 0.8025834762 
27 5 2.8555393706 0.6119943263 0.8349104698 6.7072003008 0.0200579649 -0.1607074004 -1.8050429622 
28 5 2.6437739691 0.2517191082 5.0970231963 1.6407984954 0.3408103864 -0.0936934971 -1.8135424452 
29 5 2.6067507225 2.7727837362 1.6444977844 2.3778678089 0.7919504927 1.4074639291 -0.1157172459 
30 5 2.7412516151 1.3615536823 5.20128706 0.9516196748 -1.0187989862 0.5283248246 -1.8275943763 
31 4 3.2950778693 4.2077245717 3.0130603496 3.6367532436 2.4936121968 3.8086481554 2.3705814491 
32 4 2.6502961611 1.9492195979 4.092197323 0.9826528208 0.5184672759 -0.805889825 -1.813456906 
33 4 2.4487387211 0.5498131769 0.897147184 4.5493609633 -0.3162422865 0.7459595165 0.7477184348 
34 4 1.9487501488 0.4130151937 1.5356594287 1.8489525201 0.2697331057 -0.6285221905 0.6558727211 
35 4 2.1014215529 1.7394293339 1.831776258 0.8447669512 0.838662718 -0.9665127652 -0.1669031681 
36 4 2.6804903334 0.9314258221 2.3057056038 3.9478970016 -1.3366735146 0.8871660572 -2.1502622056 
37 4 2.2568606619 0.9976875796 0.3877447535 3.7079877143 -0.0039565076 0.4618544705 1.0808946776 
38 4 2.9487228481 5.2846036652 0.4905682096 2.9197945599 -1.4110038549 3.0043998477 -1.1727104442 
39 4 2.1735535758 0.1287387385 3.2372380393 1.3583583693 0.5928158599 -0.089741483 -1.0776129422 
40 4 2.3613682243 1.3150474063 1.3925896002 2.8684228841 -0.329303087 0.5899847825 -1.9911986885 
41 4 2.4892719717 0.9946755476 0.7848543245 4.416945077 -0.4939825312 1.0325521078 0.7755259194 
42 4 2.1527522066 0.7317095051 2.1425224007 1.7601101574 0.3942848122 -0.8274131088 -0.666488692 
43 4 2.6157333434 3.8230348671 1.6114316124 1.4075944441 2.2889154076 1.4835771383 1.2946908888 
44 4 2.589510773 0.0595906589 3.561879954 3.0840954305 -0.0840328744 -0.2538615517 1.1749006856 
45 4 2.3146345998 0.5402918217 3.8538165555 0.9634249532 -0.3382232593 0.1737967208 0.953308762 
46 4 3.0164824075 2.9929063307 2.5007783333 3.6054814505 2.1161503459 2.9107134735 2.9037626551 
47 4 2.119153739 1.2146080136 2.3174280367 0.958776519 1.1154076582 0.5034996045 1.160539655 
48 4 2.7649939506 1.2828303662 5.9699202869 0.3924408936 0.8956691837 -0.3601487002 -0.9164340984 
49 4 2.3514770738 1.7541772942 0.2854032795 3.4898638549 0.6070818349 -1.2355775374 -0.7821286896 
50 4 2.299101672 0.3882874193 1.5252126342 3.3723684449 0.698757399 0.1191899347 0.5924415891 
51 4 2.6931700072 4.1399276755 0.2865171625 2.8267198498 -0.1937470559 2.569449871 -0.7037854985 
52 4 2.4905457265 0.5715550167 3.5269267936 2.1043362054 -1.2465275021 0.4663965711 0.0834959088 
53 4 2.8599560429 5.6647695319 0.8198121348 1.6947669008 1.5196893815 2.8947863797 1.0132204555 
54 3 1.5903858918 0.743962814 1.3508333959 0.4345310749 -0.3642848212 0.5277276212 -0.5240532727 
55 3 2.2008689368 1.5189158763 1.1976259746 2.1272822261 -1.0108680131 -1.5812046983 1.5549030032 
56 3 1.5336599405 0.2824199531 1.7102055771 0.3594872829 0.0183015441 0.2666190906 0.4464707125 
57 3 1.5245184989 1.566782882 0.4261017206 0.331272051 0.5239887 0.1890644365 -0.2149425912 
58 3 2.6539349496 1.1123186426 0.3145162126 5.6165358617 0.5564905886 -2.4596182946 -1.1504431386 
59 3 1.5650490655 1.5197237838 0.5393623016 0.390292492 -0.4465653989 -0.7613013372 0.1633656756 
60 3 2.7330836339 3.7927864926 3.5063003309 0.1706593261 3.6030103366 0.3716051755 0.2470898799 
61 3 2.5137806508 2.2999713215 3.8719298765 0.1471919623 2.9526313279 -0.5459825765 -0.6630755583 
62 3 2.1423999584 3.1332085735 0.0871662436 1.3695027647 0.5180731488 1.3318064402 0.2549660504 
63 3 1.8929800501 2.5046995001 0.9536093894 0.1250645808 1.3703740313 -0.0345093486 0.1404846392 
64 3 1.6618372077 1.42952461 0.6238732452 0.7083050499 -0.7030974383 0.936072948 -0.6232279224 
65 3 2.3072499557 0.461476806 1.3897546107 3.4721709416 -0.7408442996 -1.2413871096 2.1560382947 
66 3 1.670510119 0.018742115 0.970211105 1.8016508378 0.1059112087 0.125453208 0.1109768147 
67 3 1.8794053477 1.3091474239 0.336204851 1.8868121863 -0.5895236368 0.6760555797 0.0253673374 
68 3 1.7155073397 1.1306415601 0.3179655007 1.4943583719 0.4460838886 0.0880731157 0.4942874213 
69 3 2.4075924173 4.606290996 1.11996535 0.0702449017 -2.0936790782 -0.1299540866 -0.0467976128 
70 3 1.5457065875 0.5475875627 1.2795277323 0.5620935596 0.1602697092 0.0199068543 -0.8260121838 
71 3 2.2657385941 0.1761034527 1.743574685 3.213893239 0.1327186508 -0.0919403286 -2.3503667434 
72 3 1.9218465938 0.7935770897 0.5616593926 2.3382578478 0.6556017773 -0.7273171125 -0.7839103381 
73 3 1.3209942234 0.6274560141 0.9583873783 0.1591823458 0.0435995311 -0.2804690286 -0.1992242104 
74 3 1.8566761277 0.6581556472 0.2031316723 2.5859589235 -0.1680137744 -1.2478361873 0.1307412482 
75 3 1.6484281899 1.685512049 0.1195992595 0.9122041889 -0.420979333 -0.5660737363 0.0392224496 
76 3 2.5426554703 4.3178066015 0.7709886394 1.3763015996 1.8245148751 -2.4358161972 -1.0290172261 
77 3 2.4805214647 3.3502975511 2.3728606411 0.4298285447 -2.6609063891 1.1982143669 -0.969983116 
78 3 1.8548985749 1.0691442104 2.3136656301 0.0578388826 0.841576108 0.157742812 -0.1147364645 
79 3 2.1260959423 3.3458449537 1.1209850531 0.0534539491 0.1029347606 -0.1980861771 0.2098750413 
80 3 1.8154910066 0.3770395725 2.0137901044 0.905177918 0.1814516563 -0.2394157949 1.0893220666 
81 3 1.7743247618 1.0851788716 1.8369606347 0.2260888542 0.8297672458 -0.034617294 0.4936666623 
82 3 1.9364223374 0.0304378423 2.3600632297 1.3592303965 0.17568668 0.083107741 -0.7548462885 
83 3 1.7465739974 0.9141693052 0.8629142238 1.2734371994 0.0275254742 -1.062832907 -0.2124358389 
84 3 1.8108504681 2.0791794412 0.3035180493 0.8964819272 0.1214087603 -1.2858267032 0.0981936971 
85 3 2.5537586386 0.6517705095 0.1613341661 5.7085785084 -0.1937544742 -1.5010571394 0.9295155655 
86 2 1.4889193497 0.0014515558 0.0098059056 2.2056233685 -0.0037727734 -0.0565825541 0.147065069 
87 2 1.6398853746 0.313512707 1.4422592053 0.9334521296 0.6724333332 -0.5409705205 -1.1602930348 
88 2 1.4530461621 0.0548367426 0.0824794771 1.9740269295 -0.0672525528 -0.3290124719 0.4035055252 
89 2 1.6908646573 0.1847731594 1.229527178 1.444722952 -0.4766378303 0.5166681956 -1.3327888558 
90 2 1.1927184854 0.9555210909 0.4502378055 0.016818489 -0.6559052669 0.126769164 -0.0870190759 
91 2 1.5924656384 0.8809906667 1.2221665852 0.4327895576 -1.0376499192 -0.617481628 0.7272832569 
92 2 1.0189480544 0.0405729735 0.5632985086 0.4343836556 -0.151177695 0.1327563051 -0.4946591405 
93 2 1.4003014193 0.5394971539 0.7830853071 0.6382616038 -0.6499786877 -0.5868051795 0.7069747407 
94 2 0.966508592 0.3001878363 0.0824665706 0.5514844515 -0.1573386837 -0.4068770383 0.2132581334 
95 2 1.7424674943 0.351674337 1.0589809346 1.6255376971 -0.6102593039 -0.7560819346 1.3120264592 
96 2 1.2536012138 0.6245671368 0.7869476458 0.1600012207 0.701071778 -0.3161194463 -0.3548416322 
97 2 1.0239543766 0.0672165814 0.9489091183 0.0323568656 0.2525518304 -0.0466360149 -0.1752247836 
98 2 1.2825507342 0.0158523185 1.1599590903 0.4691249771 0.1356025107 -0.0862364107 -0.7376759327 
99 2 1.6539846174 1.9167806605 0.640994038 0.177890416 1.1084425901 -0.5839322812 -0.3376783915 
100 2 1.1584268322 0.2942522082 0.7775538883 0.2701466292 -0.4783272401 0.2819419128 -0.4583160066 
101 2 1.2469022134 0.2509593613 1.1586596334 0.145146135 -0.5392369438 -0.1908553938 0.4100914137 
102 2 1.5132906976 0.0047899654 0.1897368038 2.0955219662 0.0301468525 0.1001872129 0.6305534396 
103 2 1.614165721 0.0452392972 1.4870164289 1.0732752488 0.2593676507 0.2203502167 1.2633201999 
104 2 1.4005807206 0.0325007817 0.6550644257 1.2740611476 -0.1459112946 -0.2034895162 0.9135601425 
105 2 1.3623054981 0.6768400365 0.1571588366 1.0218773971 0.326146275 -0.8316534944 -0.4007456336 
106 2 1.0647313046 0.1169620483 7.988562802e-04 1.0158918464 0.009666223 -0.3447039182 -0.0284877444 
107 2 1.6856377397 0.0968971756 1.1275326618 1.616944752 0.3305370331 -0.3958249354 -1.3502436892 
108 2 1.405651905 0.0562859081 1.3167453942 0.6028259758 -0.2722392519 -0.1842026261 0.8909367695 
109 2 1.0853752509 0.1608602994 0.826049411 0.1911297248 0.3645251097 0.1753430488 0.3973444307 
110 2 1.7159231824 0.4501389444 0.0104917799 2.4837616435 -0.0687223307 1.0573730866 -0.161428252 
111 2 1.548104108 4.0026821807e-05 1.803465278 0.5931210243 -0.0084962923 0.004872448 -1.0342500534 
112 2 1.4434113025 0.5584211651 0.0085915228 1.5164235003 -0.0692653462 0.9202189836 -0.1141419604 
113 2 1.2913511657 0.6845477052 0.3345616097 0.6484785183 -0.4785638747 0.666269076 -0.4657853765 
114 2 1.5189825576 2.1850159103 0.0927467405 0.0295453595 0.4501700829 0.2540808543 0.0523472615 
115 2 1.2915251405 1.0410310053 0.0803299183 0.546676265 -0.2891814925 0.7543917694 -0.2095577718 
116 2 1.6585254504 0.6356878302 0.0070263295 2.1079925098 -0.066832269 1.1575945683 -0.1217023009 
117 2 1.3435178072 0.1134070061 0.5548287523 1.1368043397 -0.2508415191 -0.3590565091 0.7941862083 
118 2 1.6589167824 2.0860153912 0.0802188653 0.5857706344 -0.4090694167 -1.10540787 0.2167714363 
119 2 1.7478863477 2.9747150068 1.6957107641e-04 0.0802221066 0.0224594218 -0.4885057875 -0.0036882718 
120 2 1.1900689104 0.0072132572 0.0177863916 1.3912643628 -0.0113268626 0.1001775809 -0.1573072558 
121 2 1.2954832451 0.2255175623 1.0004983569 0.452260919 0.4750052111 -0.3193630849 -0.6726710239 
122 2 1.5830342292 1.6882032976 0.1699917738 0.6478022994 -0.535705771 -1.0457638252 0.3318449366 
123 2 1.5494197058 0.7717111181 1.2841896332 0.3448006736 0.995501591 0.5158357426 0.6654242635 
124 2 1.6273048178 1.9574282886 0.6888310103 0.0018616711 -1.1611792736 -0.0603662797 0.035810289 
125 2 1.6779412068 1.437917471 0.8652524186 0.5123168039 1.1154199073 -0.8582944035 -0.6657952791 
126 2 1.2921887182 0.4661901937 1.1856608281 0.0179006616 -0.7434671822 -0.0913515894 0.1456849794 
127 2 1.7125624026 0.0072654319 2.9233043624 0.0023001886 0.145736299 -0.0040880146 -0.0820009228 
128 2 1.5741250489 0.9042334026 0.2618741359 1.3117621309 -0.4866162153 1.0891001493 -0.5861028703 
129 2 1.7418766042 1.1227488665 0.0296364899 1.8817487478 0.1824125418 -1.4535237438 -0.2361533987 
130 2 1.3675990802 1.6075208095 0.2061969695 0.0566094652 -0.5757307699 -0.3016635432 0.1080402711 
131 2 1.5507396583 2.1118383491 0.0324354818 0.2605196569 0.2617221702 0.7417380954 0.0919243199 
132 2 1.5298345676 0.3099369134 1.1140380375 0.9164188534 0.5876065952 -0.5329465553 -1.0104085614 
133 2 1.5608486405 0.5824208128 1.5735493047 0.280278361 0.9573232814 -0.404029641 -0.6641022662 
134 2 1.3682637107 1.5838345017 0.0074477544 0.2808633259 -0.1086094396 0.6669640364 -0.0457362118 
135 2 1.6593623733 0.8511833382 0.4445364258 1.4577637219 -0.6151276281 1.1139228839 -0.8050025308 
136 2 0.9941903889 0.1636542049 0.8245886857 1.7163884536e-04 0.3673518827 -0.0052999452 -0.0118966991 
137 2 1.6353325325 0.3049492838 2.3458745096 0.0234886984 0.8457971102 -0.0846336916 -0.2347371698 
138 2 1.6581419693 0.1230189348 0.5336540422 2.0927618135 0.2562216849 -0.5073946482 -1.0567926955 
139 2 1.6153201929 0.0026230915 1.1875395858 1.4190966482 -0.0558124091 0.0610116413 -1.2981654154 
140 2 0.933031492 0.0960641955 0.7403541488 0.0341294207 -0.2666861933 0.0572591944 -0.1589586683 
141 2 1.3043108129 0.5364208484 0.6583222687 0.5064835796 0.5942539776 0.5212373274 0.577433476 
142 2 1.5941056303 2.0254103898 0.2168079617 0.2989544091 0.6626651479 -0.7781422532 -0.2545892693 
143 2 1.5702766851 0.005194996 1.4916229144 0.9689509575 -0.0880282629 -0.0709485472 1.2022102358 
144 2 1.7023579704 0.081867484 0.0421269855 2.7740281899 0.0587267427 -0.4765529439 -0.3418500332 
145 2 1.2480383817 0.0177563245 0.9355206556 0.6043228223 -0.1288852525 -0.1035883783 0.7519019104 
146 2 1.7080987643 0.6473531535 1.4076025137 0.8626457213 -0.9545763071 -0.7472860416 1.1019356995 
147 2 1.1295088779 0.5296100906 0.0532279979 0.6929522168 0.1678990315 0.6058006985 0.1920532715 
148 2 1.27889003 0.7444602543 0.861262165 0.0298372895 -0.8007343194 0.1490391765 -0.1603051108 
149 2 1.4897263729 1.5153268235 0.0185474393 0.6854104034 -0.1676467487 -1.0191274549 0.1127502012 
150 2 1.5446740617 0.4122655898 0.7581946808 1.2155576863 0.5590863773 0.7079072019 0.9600152978 
151 2 1.5475126811 0.0668422713 1.4966506748 0.8313025521 -0.3162902629 -0.235724735 1.1154234736 
152 2 1.3446915587 0.6716161511 0.0122220704 1.1243571664 -0.0906009929 -0.8689858644 0.1172261596 
153 2 1.5103078096 0.2818517738 1.4281291195 0.5710487863 0.6344452108 0.4011871301 0.9030677718 
154 2 1.637926052 2.0411703205 0.0399640736 0.6016673577 -0.2856107158 -1.108199239 0.1550647561 
155 2 1.642291044 0.5021991738 2.1451693445 0.0497513549 1.0379317282 -0.1580667243 -0.3266880491 
156 2 1.6074666876 0.2251630908 0.1858092947 2.1729767661 0.2045419152 -0.6994813543 -0.6354205538 
157 2 1.0429318896 0.4999572469 0.1421182846 0.4456313948 -0.2665578104 0.4720133952 -0.2516592327 
158 2 1.4641217409 0.6903055903 0.9540785532 0.4992683286 -0.8115452907 0.5870670475 -0.6901747638 
159 2 0.9875271461 0.5468335188 0.0066284309 0.4217479146 0.0602050514 0.4802352509 0.0528727428 
160 2 1.2413154054 0.3312718906 1.0207025582 0.1888894868 0.5814895237 -0.2501475113 -0.4390899479 
161 2 1.7344250182 2.2406641729 0.631069429 0.1364965417 1.189123484 -0.5530306599 -0.2934941135 
162 2 1.2087165445 0.1070878837 0.199224153 1.1546836482 -0.1460633182 0.3516427565 -0.4796257622 
163 2 1.4954044199 0.0168574083 0.195135102 2.0242418688 0.0573539196 -0.1847253954 -0.6284907664 
164 2 1.5734506024 0.0813516198 2.2639260534 0.130469125 0.4291550438 0.1030236607 0.5434817856 
165 2 1.5409735945 0.8384352438 0.3480079086 1.1881564666 0.5401685808 -0.9980943125 -0.6430302069 
166 2 1.2290128301 0.4071480652 0.0240382228 1.0792862485 -0.0989298534 0.6628946431 -0.1610717955 
167 2 1.3479648586 0.043836453 0.6074011677 1.1657716392 -0.1631757112 -0.2260603761 0.8414814644 
168 2 1.4967862041 1.9677169697 0.0407122184 0.2319397527 -0.2830373172 0.6755677518 -0.0971739773 
169 2 1.5045237351 0.7447833031 1.4481143595 0.0706940067 1.0385236617 -0.229459617 -0.3199578195 
170 2 1.1328868169 0.4099484139 0.6409917474 0.2324923786 -0.5126144264 -0.3087229856 0.3860384644 
171 2 1.7343891991 0.8114891596 1.88957086 0.3070458744 -1.2382916737 0.4991636992 -0.761698718 
172 2 1.7022624623 1.593283956 1.1201745492 0.1842389852 -1.3359476551 -0.5417979506 0.4542904602 
173 2 1.3491703491 1.4924547286 0.2719310338 0.0558748685 0.6370594613 -0.2887744997 -0.1232643937 
174 2 1.3750967541 0.6522396488 0.0565591034 1.1820923309 0.1920679301 0.8780703199 0.258569299 
175 2 1.1710047966 0.8233490374 0.2980405066 0.2498626898 -0.4953699266 0.4535683026 -0.272890459 
176 2 1.4643392744 0.6564158881 0.9616453291 0.5262282933 0.7945056782 -0.5877283492 -0.7113683858 
177 2 1.4907196157 0.2571599472 1.9633502387 0.0017347868 0.7105596694 -0.0211214982 -0.0583608954 
178 2 1.2951645825 1.0603337296 0.3282355103 0.2888820558 -0.5899484578 0.553454052 -0.3079307536 
179 2 1.43044776 1.4437487745 0.5992800049 0.0031520148 -0.9301665295 -0.0674590059 0.0434619308 
180 2 1.7136802632 2.1120491837 0.1669300712 0.6577207896 -0.593771438 -1.1786172648 0.3313508386 
181 2 1.388061275 0.2733761498 1.2119142611 0.4414236921 0.5755940016 0.3473826556 0.7314148396 
182 2 1.2053442253 0.001050943 0.4311811687 1.0206225896 -0.0212872457 -0.0327508193 0.6633801633 
183 2 1.2022627999 0.6625216893 4.7853231445e-04 0.7824356185 0.017805562 0.7199865052 0.0193499542 
184 2 1.442581267 1.2997635265 0.7758393156 0.0054378697 -1.0041950233 0.0840710694 -0.0649531609 
185 2 1.3593663031 0.0057971432 0.6586074387 1.183472164 0.061790304 0.0828296907 0.8828610144 
186 2 1.2237809249 0.2472448385 0.6256468794 0.6247480342 0.393303905 -0.3930212804 -0.6251972953 
187 2 1.7010775221 0.4041741919 2.4890434063 4.4713816729e-04 1.0029990565 -0.0134432774 -0.0333608499 
188 2 1.4083702439 0.1744926542 1.7095409876 0.0994731022 -0.5461706183 -0.1317472034 0.4123752482 
189 1 0.0 0.0 0.0 0.0 0.0 0.0 0.0 
190 1 0.0 0.0 0.0 0.0 0.0 0.0 0.0 
191 1 0.0 0.0 0.0 0.0 0.0 0.0 0.0 
192 1 0.0 0.0 0.0 0.0 0.0 0.0 0.0 
193 1 0.0 0.0 0.0 0.0 0.0 0.0 0.0 
194 1 0.0 0.0 0.0 0.0 0.0 0.0 0.0 
195 1 0.0 0.0 0.0 0.0 0.0 0.0 0.0 
196 1 0.0 0.0 0.0 0.0 0.0 0.0 0.0 
197 1 0.0 0.0 0.0 0.0 0.0 0.0 0.0 
198 1 0.0 0.0 0.0 0.0 0.0 0.0 0.0 
199 1 0.0 0.0 0.0 0.0 0.0 0.0 0.0 
200 1 0.0 0.0 0.0 0.0 0.0 0.0 0.0 
201 1 0.0 0.0 0.0 0.0 0.0 0.0 0.0 
202 1 0.0 0.0 0.0 0.0 0.0 0.0 0.0 
203 1 0.0 0.0 0.0 0.0 0.0 0.0 0.0 
204 1 0.0 0.0 0.0 0.0 0.0 0.0 0.0 
205 1 0.0 0.0 0.0 0.0 0.0 0.0 0.0 
206 1 0.0 0.0 0.0 0.0 0.0 0.0 0.0 
207 1 0.0 0.0 0.0 0.0 0.0 0.0 0.0 
208 1 0.0 0.0 0.0 0.0 0.0 0.0 0.0 
209 1 0.0 0.0 0.0 0.0 0.0 0.0 0.0 
210 1 0.0 0.0 0.0 0.0 0.0 0.0 0.0 
211 1 0.0 0.0 0.0 0.0 0.0 0.0 0.0 
212 1 0.0 0.0 0.0 0.0 0.0 0.0 0.0 
213 1 0.0 0.0 0.0 0.0 0.0 0.0 0.0 
214 1 0.0 0.0 0.0 0.0 0.0 0.0 0.0 
215 1 0.0 0.0 0.0 0.0 0.0 0.0 0.0 
216 1 0.0 0.0 0.0 0.0 0.0 0.0 0.0 
217 1 0.0 0.0 0.0 0.0 0.0 0.0 0.0 
218 1 0.0 0.0 0.0 0.0 0.0 0.0 0.0 
219 1 0.0 0.0 0.0 0.0 0.0 0.0 0.0 
220 1 0.0 0.0 0.0 0.0 0.0 0.0 0.0 
221 1 0.0 0.0 0.0 0.0 0.0 0.0 0.0 
222 1 0.0 0.0 0.0 0.0 0.0 0.0 0.0 
223 1 0.0 0.0 0.0 0.0 0.0 0.0 0.0 
224 1 0.0 0.0 0.0 0.0 0.0 0.0 0.0 
225 1 0.0 0.0 0.0 0.0 0.0 0.0 0.0 
226 1 0.0 0.0 0.0 0.0 0.0 0.0 0.0 
227 1 0.0 0.0 0.0 0.0 0.0 0.0 0.0 
228 1 0.0 0.0 0.0 0.0 0.0 0.0 0.0 
229 1 0.0 0.0 0.0 0.0 0.0 0.0 0.0 
230 1 0.0 0.0 0.0 0.0 0.0 0.0 0.0 
231 1 0.0 0.0 0.0 0.0 0.0 0.0 0.0 
232 1 0.0 0.0 0.0 0.0 0.0 0.0 0.0 
233 1 0.0 0.0 0.0 0.0 0.0 0.0 0.0 
234 1 0.0 0.0 0.0 0.0 0.0 0.0 0.0 
235 1 0.0 0.0 0.0 0.0 0.0 0.0 0.0 
236 1 0.0 0.0 0.0 0.0 0.0 0.0 0.0 
237 1 0.0 0.0 0.0 0.0 0.0 0.0 0.0 
238 1 0.0 0.0 0.0 0.0 0.0 0.0 0.0 
239 1 0.0 0.0 0.0 0.0 0.0 0.0 0.0 
240 1 0.0 0.0 0.0 0.0 0.0 0.0 0.0 
241 1 0.0 0.0 0.0 0.0 0.0 0.0 0.0 
242 1 0.0 0.0 0.0 0.0 0.0 0.0 0.0 
243 1 0.0 0.0 0.0 0.0 0.0 0.0 0.0 
244 1 0.0 0.0 0.0 0.0 0.0 0.0 0.0 
245 1 0.0 0.0 0.0 0.0 0.0 0.0 0.0 
246 1 0.0 0.0 0.0 0.0 0.0 0.0 0.0 
247 1 0.0 0.0 0.0 0.0 0.0 0.0 0.0 
248 1 0.0 0.0 0.0 0.0 0.0 0.0 0.0 
249 1 0.0 0.0 0.0 0.0 0.0 0.0 0.0 
250 1 0.0 0.0 0.0 0.0 0.0 0.0 0.0 
251 1 0.0 0.0 0.0 0.0 0.0 0.0 0.0 
252 1 0.0 0.0 0.0 0.0 0.0 0.0 0.0 
253 1 0.0 0.0 0.0 0.0 0.0 0.0 0.0 
254 1 0.0 0.0 0.0 0.0 0.0 0.0 0.0 
255 1 0.0 0.0 0.0 0.0 0.0 0.0 0.0 
256 1 0.0 0.0 0.0 0.0 0.0 0.0 0.0 
257 1 0.0 0.0 0.0 0.0 0.0 0.0 0.0 
258 1 0.0 0.0 0.0 0.0 0.0 0.0 0.0 
259 1 0.0 0.0 0.0 0.0 0.0 0.0 0.0 
260 1 0.0 0.0 0.0 0.0 0.0 0.0 0.0 
261 1 0.0 0.0 0.0 0.0 0.0 0.0 0.0 
262 1 0.0 0.0 0.0 0.0 0.0 0.0 0.0 
263 1 0.0 0.0 0.0 0.0 0.0 0.0 0.0 
264 1 0.0 0.0 0.0 0.0 0.0 0.0 0.0 
265 1 0.0 0.0 0.0 0.0 0.0 0.0 0.0 
266 1 0.0 0.0 0.0 0.0 0.0 0.0 0.0 
267 1 0.0 0.0 0.0 0.0 0.0 0.0 0.0 
268 1 0.0 0.0 0.0 0.0 0.0 0.0 0.0 
269 1 0.0 0.0 0.0 0.0 0.0 0.0 0.0 
270 1 0.0 0.0 0.0 0.0 0.0 0.0 0.0 
271 1 0.0 0.0 0.0 0.0 0.0 0.0 0.0 
272 1 0.0 0.0 0.0 0.0 0.0 0.0 0.0 
273 1 0.0 0.0 0.0 0.0 0.0 0.0 0.0 
274 1 0.0 0.0 0.0 0.0 0.0 0.0 0.0 
275 1 0.0 0.0 0.0 0.0 0.0 0.0 0.0 
276 1 0.0 0.0 0.0 0.0 0.0 0.0 0.0 
277 1 0.0 0.0 0.0 0.0 0.0 0.0 0.0 
278 1 0.0 0.0 0.0 0.0 0.0 0.0 0.0 
279 1 0.0 0.0 0.0 0.0 0.0 0.0 0.0 
280 1 0.0 0.0 0.0 0.0 0.0 0.0 0.0 
281 1 0.0 0.0 0.0 0.0 0.0 0.0 0.0 
282 1 0.0 0.0 0.0 0.0 0.0 0.0 0.0 
283 1 0.0 0.0 0.0 0.0 0.0 0.0 0.0 
284 1 0.0 0.0 0.0 0.0 0.0 0.0 0.0 
285 1 0.0 0.0 0.0 0.0 0.0 0.0 0.0 
286 1 0.0 0.0 0.0 0.0 0.0 0.0 0.0 
287 1 0.0 0.0 0.0 0.0 0.0 0.0 0.0 
288 1 0.0 0.0 0.0 0.0 0.0 0.0 0.0 
289 1 0.0 0.0 0.0 0.0 0.0 0.0 0.0 
290 1 0.0 0.0 0.0 0.0 0.0 0.0 0.0 
291 1 0.0 0.0 0.0 0.0 0.0 0.0 0.0 
292 1 0.0 0.0 0.0 0.0 0.0 0.0 0.0 
293 1 0.0 0.0 0.0 0.0 0.0 0.0 0.0 
294 1 0.0 0.0 0.0 0.0 0.0 0.0 0.0 
295 1 0.0 0.0 0.0 0.0 0.0 0.0 0.0 
296 1 0.0 0.0 0.0 0.0 0.0 0.0 0.0 
297 1 0.0 0.0 0.0 0.0 0.0 0.0 0.0 
298 1 0.0 0.0 0.0 0.0 0.0 0.0 0.0 
299 1 0.0 0.0 0.0 0.0 0.0 0.0 0.0 
300 1 0.0 0.0 0.0 0.0 0.0 0.0 0.0 
301 1 0.0 0.0 0.0 0.0 0.0 0.0 0.0 
302 1 0.0 0.0 0.0 0.0 0.0 0.0 0.0 
303 1 0.0 0.0 0.0 0.0 0.0 0.0 0.0 
304 1 0.0 0.0 0.0 0.0 0.0 0.0 0.0 
305 1 0.0 0.0 0.0 0.0 0.0 0.0 0.0 
306 1 0.0 0.0 0.0 0.0 0.0 0.0 0.0 
307 1 0.0 0.0 0.0 0.0 0.0 0.0 0.0 
308 1 0.0 0.0 0.0 0.0 0.0 0.0 0.0 
309 1 0.0 0.0 0.0 0.0 0.0 0.0 0.0 
310 1 0.0 0.0 0.0 0.0 0.0 0.0 0.0 
311 1 0.0 0.0 0.0 0.0 0.0 0.0 0.0 
312 1 0.0 0.0 0.0 0.0 0.0 0.0 0.0 
313 1 0.0 0.0 0.0 0.0 0.0 0.0 0.0 
314 1 0.0 0.0 0.0 0.0 0.0 0.0 0.0 
315 1 0.0 0.0 0.0 0.0 0.0 0.0 0.0 
316 1 0.0 0.0 0.0 0.0 0.0 0.0 0.0 
317 1 0.0 0.0 0.0 0.0 0.0 0.0 0.0 
318 1 0.0 0.0 0.0 0.0 0.0 0.0 0.0 
319 1 0.0 0.0 0.0 0.0 0.0 0.0 0.0 
320 1 0.0 0.0 0.0 0.0 0.0 0.0 0.0 
321 1 0.0 0.0 0.0 0.0 0.0 0.0 0.0 
322 1 0.0 0.0 0.0 0.0 0.0 0.0 0.0 
323 1 0.0 0.0 0.0 0.0 0.0 0.0 0.0 
324 1 0.0 0.0 0.0 0.0 0.0 0.0 0.0 
325 1 0.0 0.0 0.0 0.0 0.0 0.0 0.0 
326 1 0.0 0.0 0.0 0.0 0.0 0.0 0.0 
327 1 0.0 0.0 0.0 0.0 0.0 0.0 0.0 
328 1 0.0 0.0 0.0 0.0 0.0 0.0 0.0 
329 1 0.0 0.0 0.0 0.0 0.0 0.0 0.0 
330 1 0.0 0.0 0.0 0.0 0.0 0.0 0.0 
331 1 0.0 0.0 0.0 0.0 0.0 0.0 0.0 
332 1 0.0 0.0 0.0 0.0 0.0 0.0 0.0 
333 1 0.0 0.0 0.0 0.0 0.0 0.0 0.0 
334 1 0.0 0.0 0.0 0.0 0.0 0.0 0.0 
335 1 0.0 0.0 0.0 0.0 0.0 0.0 0.0 
336 1 0.0 0.0 0.0 0.0 0.0 0.0 0.0 
337 1 0.0 0.0 0.0 0.0 0.0 0.0 0.0 
338 1 0.0 0.0 0.0 0.0 0.0 0.0 0.0 
339 1 0.0 0.0 0.0 0.0 0.0 0.0 0.0 
340 1 0.0 0.0 0.0 0.0 0.0 0.0 0.0 
341 1 0.0 0.0 0.0 0.0 0.0 0.0 0.0 
342 1 0.0 0.0 0.0 0.0 0.0 0.0 0.0 
343 1 0.0 0.0 0.0 0.0 0.0 0.0 0.0 
344 1 0.0 0.0 0.0 0.0 0.0 0.0 0.0 
345 1 0.0 0.0 0.0 0.0 0.0 0.0 0.0 
346 1 0.0 0.0 0.0 0.0 0.0 0.0 0.0 
347 1 0.0 0.0 0.0 0.0 0.0 0.0 0.0 
348 1 0.0 0.0 0.0 0.0 0.0 0.0 0.0 
349 1 0.0 0.0 0.0 0.0 0.0 0.0 0.0 
350 1 0.0 0.0 0.0 0.0 0.0 0.0 0.0 
351 1 0.0 0.0 0.0 0.0 0.0 0.0 0.0 
352 1 0.0 0.0 0.0 0.0 0.0 0.0 0.0 
353 1 0.0 0.0 0.0 0.0 0.0 0.0 0.0 
354 1 0.0 0.0 0.0 0.0 0.0 0.0 0.0 
355 1 0.0 0.0 0.0 0.0 0.0 0.0 0.0 
356 1 0.0 0.0 0.0 0.0 0.0 0.0 0.0 
357 1 0.0 0.0 0.0 0.0 0.0 0.0 0.0 
358 1 0.0 0.0 0.0 0.0 0.0 0.0 0.0 
359 1 0.0 0.0 0.0 0.0 0.0 0.0 0.0 
360 1 0.0 0.0 0.0 0.0 0.0 0.0 0.0 
361 1 0.0 0.0 0.0 0.0 0.0 0.0 0.0 
362 1 0.0 0.0 0.0 0.0 0.0 0.0 0.0 
363 1 0.0 0.0 0.0 0.0 0.0 0.0 0.0 
364 1 0.0 0.0 0.0 0.0 0.0 0.0 0.0 
365 1 0.0 0.0 0.0 0.0 0.0 0.0 0.0 
366 1 0.0 0.0 0.0 0.0 0.0 0.0 0.0 
367 1 0.0 0.0 0.0 0.0 0.0 0.0 0.0 
368 1 0.0 0.0 0.0 0.0 0.0 0.0 0.0 
369 1 0.0 0.0 0.0 0.0 0.0 0.0 0.0 
370 1 0.0 0.0 0.0 0.0 0.0 0.0 0.0 
371 1 0.0 0.0 0.0 0.0 0.0 0.0 0.0 
372 1 0.0 0.0 0.0 0.0 0.0 0.0 0.0 
373 1 0.0 0.0 0.0 0.0 0.0 0.0 0.0 
374 1 0.0 0.0 0.0 0.0 0.0 0.0 0.0 
375 1 0.0 0.0 0.0 0.0 0.0 0.0 0.0 
376 1 0.0 0.0 0.0 0.0 0.0 0.0 0.0 
377 1 0.0 0.0 0.0 0.0 0.0 0.0 0.0 
378 1 0.0 0.0 0.0 0.0 0.0 0.0 0.0 
379 1 0.0 0.0 0.0 0.0 0.0 0.0 0.0 
380 1 0.0 0.0 0.0 0.0 0.0 0.0 0.0 
381 1 0.0 0.0 0.0 0.0 0.0 0.0 0.0 
382 1 0.0 0.0 0.0 0.0 0.0 0.0 0.0 
383 1 0.0 0.0 0.0 0.0 0.0 0.0 0.0 
384 1 0.0 0.0 0.0 0.0 0.0 0.0 0.0 
385 1 0.0 0.0 0.0 0.0 0.0 0.0 0.0 
386 1 0.0 0.0 0.0 0.0 0.0 0.0 0.0 
387 1 0.0 0.0 0.0 0.0 0.0 0.0 0.0 
388 1 0.0 0.0 0.0 0.0 0.0 0.0 0.0 
389 1 0.0 0.0 0.0 0.0 0.0 0.0 0.0 
390 1 0.0 0.0 0.0 0.0 0.0 0.0 0.0 
391 1 0.0 0.0 0.0 0.0 0.0 0.0 0.0 
392 1 0.0 0.0 0.0 0.0 0.0 0.0 0.0 
393 1 0.0 0.0 0.0 0.0 0.0 0.0 0.0 
394 1 0.0 0.0 0.0 0.0 0.0 0.0 0.0 
395 1 0.0 0.0 0.0 0.0 0.0 0.0 0.0 
396 1 0.0 0.0 0.0 0.0 0.0 0.0 0.0 
397 1 0.0 0.0 0.0 0.0 0.0 0.0 0.0 
398 1 0.0 0.0 0.0 0.0 0.0 0.0 0.0 
399 1 0.0 0.0 0.0 0.0 0.0 0.0 0.0 
400 1 0.0 0.0 0.0 0.0 0.0 0.0 0.0 
401 1 0.0 0.0 0.0 0.0 0.0 0.0 0.0 
402 1 0.0 0.0 0.0 0.0 0.0 0.0 0.0 
403 1 0.0 0.0 0.0 0.0 0.0 0.0 0.0 
404 1 0.0 0.0 0.0 0.0 0.0 0.0 0.0 
405 1 0.0 0.0 0.0 0.0 0.0 0.0 0.0 
406 1 0.0 0.0 0.0 0.0 0.0 0.0 0.0 
407 1 0.0 0.0 0.0 0.0 0.0 0.0 0.0 
408 1 0.0 0.0 0.0 0.0 0.0 0.0 0.0 
409 1 0.0 0.0 0.0 0.0 0.0 0.0 0.0 
410 1 0.0 0.0 0.0 0.0 0.0 0.0 0.0 
411 1 0.0 0.0 0.0 0.0 0.0 0.0 0.0 
412 1 0.0 0.0 0.0 0.0 0.0 0.0 0.0 
413 1 0.0 0.0 0.0 0.0 0.0 0.0 0.0 
414 1 0.0 0.0 0.0 0.0 0.0 0.0 0.0 
415 1 0.0 0.0 0.0 0.0 0.0 0.0 0.0 
416 1 0.0 0.0 0.0 0.0 0.0 0.0 0.0 
417 1 0.0 0.0 0.0 0.0 0.0 0.0 0.0 
418 1 0.0 0.0 0.0 0.0 0.0 0.0 0.0 
419 1 0.0 0.0 0.0 0.0 0.0 0.0 0.0 
420 1 0.0 0.0 0.0 0.0 0.0 0.0 0.0 
421 1 0.0 0.0 0.0 0.0 0.0 0.0 0.0 
422 1 0.0 0.0 0.0 0.0 0.0 0.0 0.0 
423 1 0.0 0.0 0.0 0.0 0.0 0.0 0.0 
424 1 0.0 0.0 0.0 0.0 0.0 0.0 0.0 
425 1 0.0 0.0 0.0 0.0 0.0 0.0 0.0 
426 1 0.0 0.0 0.0 0.0 0.0 0.0 0.0 
427 1 0.0 0.0 0.0 0.0 0.0 0.0 0.0 
428 1 0.0 0.0 0.0 0.0 0.0 0.0 0.0 
429 1 0.0 0.0 0.0 0.0 0.0 0.0 0.0 
430 1 0.0 0.0 0.0 0.0 0.0 0.0 0.0 
431 1 0.0 0.0 0.0 0.0 0.0 0.0 0.0 
432 1 0.0 0.0 0.0 0.0 0.0 0.0 0.0 
433 1 0.0 0.0 0.0 0.0 0.0 0.0 0.0 
434 1 0.0 0.0 0.0 0.0 0.0 0.0 0.0 
435 1 0.0 0.0 0.0 0.0 0.0 0.0 0.0 
436 1 0.0 0.0 0.0 0.0 0.0 0.0 0.0 
437 1 0.0 0.0 0.0 0.0 0.0 0.0 0.0 
438 1 0.0 0.0 0.0 0.0 0.0 0.0 0.0 
439 1 0.0 0.0 0.0 0.0 0.0 0.0 0.0 
440 1 0.0 0.0 0.0 0.0 0.0 0.0 0.0 
441 1 0.0 0.0 0.0 0.0 0.0 0.0 0.0 
442 1 0.0 0.0 0.0 0.0 0.0 0.0 0.0 
443 1 0.0 0.0 0.0 0.0 0.0 0.0 0.0 
444 1 0.0 0.0 0.0 0.0 0.0 0.0 0.0 
445 1 0.0 0.0 0.0 0.0 0.0 0.0 0.0 
446 1 0.0 0.0 0.0 0.0 0.0 0.0 0.0 
447 1 0.0 0.0 0.0 0.0 0.0 0.0 0.0 
448 1 0.0 0.0 0.0 0.0 0.0 0.0 0.0 
449 1 0.0 0.0 0.0 0.0 0.0 0.0 0.0 
450 1 0.0 0.0 0.0 0.0 0.0 0.0 0.0 
451 1 0.0 0.0 0.0 0.0 0.0 0.0 0.0 
452 1 0.0 0.0 0.0 0.0 0.0 0.0 0.0 
453 1 0.0 0.0 0.0 0.0 0.0 0.0 0.0 
454 1 0.0 0.0 0.0 0.0 0.0 0.0 0.0 
455 1 0.0 0.0 0.0 0.0 0.0 0.0 0.0 
456 1 0.0 0.0 0.0 0.0 0.0 0.0 0.0 
457 1 0.0 0.0 0.0 0.0 0.0 0.0 0.0 
458 1 0.0 0.0 0.0 0.0 0.0 0.0 0.0 
459 1 0.0 0.0 0.0 0.0 0.0 0.0 0.0 
460 1 0.0 0.0 0.0 0.0 0.0 0.0 0.0 
461 1 0.0 0.0 0.0 0.0 0.0 0.0 0.0 
462 1 0.0 0.0 0.0 0.0 0.0 0.0 0.0 
463 1 0.0 0.0 0.0 0.0 0.0 0.0 0.0 
464 1 0.0 0.0 0.0 0.0 0.0 0.0 0.0 
465 1 0.0 0.0 0.0 0.0 0.0 0.0 0.0 
466 1 0.0 0.0 0.0 0.0 0.0 0.0 0.0 
467 1 0.0 0.0 0.0 0.0 0.0 0.0 0.0 
468 1 0.0 0.0 0.0 0.0 0.0 0.0 0.0 
469 1 0.0 0.0 0.0 0.0 0.0 0.0 0.0 
470 1 0.0 0.0 0.0 0.0 0.0 0.0 0.0 
471 1 0.0 0.0 0.0 0.0 0.0 0.0 0.0 
472 1 0.0 0.0 0.0 0.0 0.0 0.0 0.0 
473 1 0.0 0.0 0.0 0.0 0.0 0.0 0.0 
474 1 0.0 0.0 0.0 0.0 0.0 0.0 0.0 
475 1 0.0 0.0 0.0 0.0 0.0 0.0 0.0 
476 1 0.0 0.0 0.0 0.0 0.0 0.0 0.0 
477 1 0.0 0.0 0.0 0.0 0.0 0.0 0.0 
478 1 0.0 0.0 0.0 0.0 0.0 0.0 0.0 
479 1 0.0 0.0 0.0 0.0 0.0 0.0 0.0 
480 1 0.0 0.0 0.0 0.0 0.0 0.0 0.0 
481 1 0.0 0.0 0.0 0.0 0.0 0.0 0.0 
482 1 0.0 0.0 0.0 0.0 0.0 0.0 0.0 
483 1 0.0 0.0 0.0 0.0 0.0 0.0 0.0 
484 1 0.0 0.0 0.0 0.0 0.0 0.0 0.0 
485 1 0.0 0.0 0.0 0.0 0.0 0.0 0.0 
486 1 0.0 0.0 0.0 0.0 0.0 0.0 0.0 
487 1 0.0 0.0 0.0 0.0 0.0 0.0 0.0 
488 1 0.0 0.0 0.0 0.0 0.0 0.0 0.0 
489 1 0.0 0.0 0.0 0.0 0.0 0.0 0.0 
490 1 0.0 0.0 0.0 0.0 0.0 0.0 0.0 
491 1 0.0 0.0 0.0 0.0 0.0 0.0 0.0 
492 1 0.0 0.0 0.0 0.0 0.0 0.0 0.0 
493 1 0.0 0.0 0.0 0.0 0.0 0.0 0.0 
494 1 0.0 0.0 0.0 0.0 0.0 0.0 0.0 
495 1 0.0 0.0 0.0 0.0 0.0 0.0 0.0 
496 1 0.0 0.0 0.0 0.0 0.0 0.0 0.0 
497 1 0.0 0.0 0.0 0.0 0.0 0.0 0.0 
498 1 0.0 0.0 0.0 0.0 0.0 0.0 0.0 
499 1 0.0 0.0 0.0 0.0 0.0 0.0 0.0 
500 1 0.0 0.0 0.0 0.0 0.0 0.0 0.0 
501 1 0.0 0.0 0.0 0.0 0.0 0.0 0.0 
502 1 0.0 0.0 0.0 0.0 0.0 0.0 0.0 
503 1 0.0 0.0 0.0 0.0 0.0 0.0 0.0 
504 1 0.0 0.0 0.0 0.0 0.0 0.0 0.0 
505 1 0.0 0.0 0.0 0.0 0.0 0.0 0.0 
506 1 0.0 0.0 0.0 0.0 0.0 0.0 0.0 
507 1 0.0 0.0 0.0 0.0 0.0 0.0 0.0 
508 1 0.0 0.0 0.0 0.0 0.0 0.0 0.0 
509 1 0.0 0.0 0.0 0.0 0.0 0.0 0.0 
510 1 0.0 0.0 0.0 0.0 0.0 0.0 0.0 
511 1 0.0 0.0 0.0 0.0 0.0 0.0 0.0 
512 1 0.0 0.0 0.0 0.0 0.0 0.0 0.0 
513 1 0.0 0.0 0.0 0.0 0.0 0.0 0.0 
514 1 0.0 0.0 0.0 0.0 0.0 0.0 0.0 
515 1 0.0 0.0 0.0 0.0 0.0 0.0 0.0 
516 1 0.0 0.0 0.0 0.0 0.0 0.0 0.0 
517 1 0.0 0.0 0.0 0.0 0.0 0.0 0.0 
518 1 0.0 0.0 0.0 0.0 0.0 0.0 0.0 
519 1 0.0 0.0 0.0 0.0 0.0 0.0 0.0 
520 1 0.0 0.0 0.0 0.0 0.0 0.0 0.0 
521 1 0.0 0.0 0.0 0.0 0.0 0.0 0.0 
522 1 0.0 0.0 0.0 0.0 0.0 0.0 0.0 
523 1 0.0 0.0 0.0 0.0 0.0 0.0 0.0 
524 1 0.0 0.0 0.0 0.0 0.0 0.0 0.0 
525 1 0.0 0.0 0.0 0.0 0.0 0.0 0.0 
526 1 0.0 0.0 0.0 0.0 0.0 0.0 0.0 
527 1 0.0 0.0 0.0 0.0 0.0 0.0 0.0 
528 1 0.0 0.0 0.0 0.0 0.0 0.0 0.0 
529 1 0.0 0.0 0.0 0.0 0.0 0.0 0.0 
530 1 0.0 0.0 0.0 0.0 0.0 0.0 0.0 
531 1 0.0 0.0 0.0 0.0 0.0 0.0 0.0 
532 1 0.0 0.0 0.0 0.0 0.0 0.0 0.0 
533 1 0.0 0.0 0.0 0.0 0.0 0.0 0.0 
534 1 0.0 0.0 0.0 0.0 0.0 0.0 0.0 
535 1 0.0 0.0 0.0 0.0 0.0 0.0 0.0 
536 1 0.0 0.0 0.0 0.0 0.0 0.0 0.0 
537 1 0.0 0.0 0.0 0.0 0.0 0.0 0.0 
538 1 0.0 0.0 0.0 0.0 0.0 0.0 0.0 
539 1 0.0 0.0 0.0 0.0 0.0 0.0 0.0 
540 1 0.0 0.0 0.0 0.0 0.0 0.0 0.0 
541 1 0.0 0.0 0.0 0.0 0.0 0.0 0.0 
542 1 0.0 0.0 0.0 0.0 0.0 0.0 0.0 
543 1 0.0 0.0 0.0 0.0 0.0 0.0 0.0 
544 1 0.0 0.0 0.0 0.0 0.0 0.0 0.0 
545 1 0.0 0.0 0.0 0.0 0.0 0.0 0.0 
546 1 0.0 0.0 0.0 0.0 0.0 0.0 0.0 
547 1 0.0 0.0 0.0 0.0 0.0 0.0 0.0 
548 1 0.0 0.0 0.0 0.0 0.0 0.0 0.0 
549 1 0.0 0.0 0.0 0.0 0.0 0.0 0.0 
550 1 0.0 0.0 0.0 0.0 0.0 0.0 0.0 
551 1 0.0 0.0 0.0 0.0 0.0 0.0 0.0 
552 1 0.0 0.0 0.0 0.0 0.0 0.0 0.0 
553 1 0.0 0.0 0.0 0.0 0.0 0.0 0.0 
554 1 0.0 0.0 0.0 0.0 0.0 0.0 0.0 
555 1 0.0 0.0 0.0 0.0 0.0 0.0 0.0 
556 1 0.0 0.0 0.0 0.0 0.0 0.0 0.0 
557 1 0.0 0.0 0.0 0.0 0.0 0.0 0.0 
558 1 0.0 0.0 0.0 0.0 0.0 0.0 0.0 
559 1 0.0 0.0 0.0 0.0 0.0 0.0 0.0 
560 1 0.0 0.0 0.0 0.0 0.0 0.0 0.0 
561 1 0.0 0.0 0.0 0.0 0.0 0.0 0.0 
562 1 0.0 0.0 0.0 0.0 0.0 0.0 0.0 
563 1 0.0 0.0 0.0 0.0 0.0 0.0 0.0 
564 1 0.0 0.0 0.0 0.0 0.0 0.0 0.0 
565 1 0.0 0.0 0.0 0.0 0.0 0.0 0.0 
566 1 0.0 0.0 0.0 0.0 0.0 0.0 0.0 
567 1 0.0 0.0 0.0 0.0 0.0 0.0 0.0 
568 1 0.0 0.0 0.0 0.0 0.0 0.0 0.0 
569 1 0.0 0.0 0.0 0.0 0.0 0.0 0.0 
570 1 0.0 0.0 0.0 0.0 0.0 0.0 0.0 
571 1 0.0 0.0 0.0 0.0 0.0 0.0 0.0 
572 1 0.0 0.0 0.0 0.0 0.0 0.0 0.0 
573 1 0.0 0.0 0.0 0.0 0.0 0.0 0.0 
574 1 0.0 0.0 0.0 0.0 0.0 0.0 0.0 
575 1 0.0 0.0 0.0 0.0 0.0 0.0 0.0 
