# Cluster list (36 data points):
# "Cluster Identifier" "Cluster Size" "Radius of Gyration" "Gyration Tensor.XX" "Gyration Tensor.YY" "Gyration Tensor.ZZ" "Gyration Tensor.XY" "Gyration Tensor.XZ" "Gyration Tensor.YZ"
1 76 4.0976987951 6.5350412689 4.9892796415 5.2668145052 2.0503079733 -1.9981546786 -1.1866697505 
2 74 3.9316426425 6.2054806559 4.6021841127 4.6501490999 0.419322517 0.8550798853 1.0455060498 
3 70 3.9369638491 4.0169154516 6.8576471189 4.6251217785 0.0561208893 -0.3975587526 2.0395872231 
4 58 3.5550486437 4.9234356406 3.8071031389 3.9078320793 0.398167366 -0.2990188749 0.0122992969 
5 53 3.4626577342 4.049576637 3.8957747209 4.044647226 0.0712383007 0.145928945 0.5282836268 
6 47 3.3388296623 3.6259645531 4.3561091497 3.1657098107 0.5989154376 0.2157012586 -0.4082557895 
7 43 3.3043112729 5.0692842442 3.0821860154 2.7670027287 0.6141103676 0.308933173 0.4626642127 
8 43 3.3612673499 4.0330261384 4.6290167158 2.6360753433 -1.6827232814 0.1609047278 -0.0138789215 
9 39 3.1454220608 2.9914675606 3.8482585632 3.0539538165 0.5609282842 -0.2999530731 -0.5413261724 
10 36 3.0938990375 2.9970978574 4.1014409935 2.473672403 -0.6861207484 0.122876304 -0.5431975423 
11 34 3.6659832724 4.0791973219 2.533810567 6.8264254646 -0.7187064244 3.2564427093 -1.3674665274 
12 31 2.93278508 2.3981897501 2.8079558589 3.3950827165 -0.5305449995 -0.3996924741 -0.2433906469 
13 31 2.9919217897 4.1682513039 2.2815924125 2.5017522792 0.738379727 -0.7050306964 -0.2618624291 
14 31 2.954084158 3.7469278438 2.0765783063 2.9031070624 0.2458566423 0.0317105371 0.0999964661 
15 27 2.8228500653 1.8764703276 2.4070588371 3.6849533262 -0.0264919304 -0.4724433955 -0.7422713729 
16 23 2.6061417161 2.0709885057 2.6489987689 2.07198737 -0.097183725 0.1754764555 0.0799560357 
17 21 2.5865040633 2.7195344053 1.6567939674 2.3136748968 0.1852780165 0.0026081065 0.3142886022 
18 20 2.5131456193 2.2518805736 2.4717743791 1.592245951 -0.1958433795 -0.2306386836 0.0147789253 
19 20 2.5370086669 1.642234223 2.3766266333 2.4175521195 0.1008972834 0.5314413766 0.4118020594 
20 20 2.4889408377 2.148723009 2.5264459771 1.5196575074 -0.4361013997 -0.1572496197 0.2509563249 
21 18 2.4600555085 1.7561433154 2.0162688128 2.2794609766 0.6067072702 0.4300310571 0.1618308098 
22 17 2.4134892434 2.1576854678 1.7934921707 1.8737526896 0.1961336734 0.1841105424 0.6745039577 
23 16 2.3125462624 1.8998273493 1.8762633955 1.5717794711 -0.6031129452 0.2445602966 -0.0464212857 
24 15 2.2596199077 1.8303986414 1.5494100208 1.7260734649 -0.410234016 -0.3977532384 0.24746147 
25 15 2.2603445642 2.1473442276 1.2493138504 1.712499471 0.0360276268 0.5118165807 -0.0893036298 
26 14 2.1815435927 1.3308898059 1.4453925822 1.9828500588 -0.0372807087 0.0783675723 -0.2568655797 
27 14 2.1790346441 1.4040058894 1.4704589505 1.8737271402 -0.1094011381 -0.2097016739 0.2137275131 
28 14 2.1797506839 1.4746124786 1.9462411876 1.3304593778 -0.3029813125 0.0679561719 -0.0838592797 
29 13 2.0657047357 1.3721091957 1.4348473133 1.4601795462 -0.0367628116 0.0220507649 0.020487144 
30 13 2.0678537131 1.4239718733 1.4411611602 1.4108859453 -0.0199943592 -1.1108052679e-05 0.0198859707 
31 12 2.0510869405 1.4731841252 1.187524451 1.5462490612 -0.1573393649 0.0566916847 0.0432196451 
32 12 2.0607292784 1.4596047266 1.372989818 1.4140106141 0.0711378076 -0.039719891 0.236444621 
33 11 2.0489846594 1.4514572603 1.7038001824 1.0430806918 -0.1062889809 -0.1971580223 0.1066962299 
34 7 1.7189688556 1.1540112572 1.2215059186 0.5793367507 -0.0020415604 -0.3492467244 0.0225966278 
35 7 1.7379700207 0.9431864883 1.0750876918 1.0022656127 0.3459220708 0.2231459447 -0.3381003159 
36 5 1.5253848841 1.0276370604 0.8045164398 0.4946455444 0.3560499306 -0.0694982978 0.0018865212 
