# Cluster list (49 data points):
# "Cluster Identifier" "Cluster Size" "Radius of Gyration" "Gyration Tensor.XX" "Gyration Tensor.YY" "Gyration Tensor.ZZ" "Gyration Tensor.XY" "Gyration Tensor.XZ" "Gyration Tensor.YZ"
1 76 4.1554804995 8.7020523707 3.4668945968 5.0990712139 1.0274411603 -2.0786913113 -0.4887453294 
2 53 3.4768104689 3.9296093206 4.0912759251 4.0673257911 0.3400909997 0.008649447 0.4774085418 
3 53 3.486296921 4.4333919666 3.5217726496 4.1991016055 -0.6005949667 -0.6063061612 0.4654290673 
4 47 3.4323773297 3.3260257767 4.9927525848 3.462435772 0.8197198039 0.8954844909 0.8358341425 
5 40 3.1726377994 4.0584098939 2.9069933345 3.1002273776 -0.3127509758 0.3268310056 -0.1150543442 
6 40 3.1836715662 2.8152378426 3.704330808 3.6161959906 0.502233545 -0.5332028537 -0.3153383814 
7 39 3.1472335806 2.7481273214 4.1972507757 2.9597011135 -0.2608563225 0.1410119208 -0.5994934269 
8 36 3.102112238 3.2894076468 2.7603459038 3.5733467869 0.6813968712 -0.6858152744 -0.6784146228 
9 33 3.0177023521 2.9099508951 3.5485817763 2.6479948143 -0.8039554054 0.3247511317 -0.2162297062 
10 31 2.9231749843 2.2191634056 3.1026794501 3.2231091332 0.3260658646 0.4192908298 -0.3371041883 
11 31 2.8902889394 2.6430678221 3.1068556536 2.6038466776 -0.3453653195 0.3518831555 -0.456024741 
12 28 2.7984900454 1.9169410271 2.5404640737 3.3741414333 0.0321143582 0.2024905345 0.1069004572 
13 27 2.8124680574 2.4855930721 3.579802821 1.8445806809 0.6473812161 -0.2655646332 -0.1504824646 
14 23 2.6000116228 1.9074513055 2.5866674293 2.265941704 -0.1626760883 0.0840468662 0.1625208096 
15 23 2.6740332778 3.2471723865 2.1873318031 1.7159497811 -0.1354213635 -0.210793058 -0.3737903829 
16 22 2.5947359073 2.6787269318 2.0798408952 1.9740866017 0.0571564847 -0.1525303224 0.1431225141 
17 21 2.5496869024 1.7144245625 2.6654671564 2.1210115813 0.5241662449 -0.3075203307 -0.0875951336 
18 21 2.5830589467 2.4208182654 2.4391965797 1.812178677 0.3451473185 0.2737912187 -0.2683963001 
19 21 2.5524766583 1.7427318188 2.4050770622 2.3673282101 -0.1850700133 0.0105161885 0.5162702089 
20 20 2.4964657816 2.0617741661 1.516296561 2.6542706717 0.146526376 0.5117065314 -0.0916606493 
21 18 2.3939233656 2.2160958132 1.792085042 1.7226882252 0.4033017581 0.3129666379 0.1952966017 
22 17 2.4023185488 1.7967671518 1.9361068225 2.0382604357 0.1179745851 0.6506398024 -0.1737805667 
23 16 2.2905402677 2.053442072 1.6399829597 1.5531496864 -0.0487903804 -0.0117319218 -0.0331167424 
24 15 2.2485945862 2.0806760399 1.4378955086 1.5376060644 -0.3313346398 0.4094182036 -0.1075352126 
25 15 2.3048046321 1.5575616397 1.7760924557 1.9784702968 0.0669447178 -0.3024499297 0.3862692379 
26 15 2.2650098721 1.5718636511 1.748553377 1.8098526924 0.3293385746 -0.2561345647 -0.4470495678 
27 14 2.1918469898 2.0611057557 1.3201089742 1.4229784969 -0.019810991 0.2259053653 0.0063589308 
28 14 2.1887169717 1.9441348355 1.5199170905 1.3264300562 -0.2487530367 -0.0991544453 -0.002083459 
29 14 2.1815378581 1.3802800137 1.7944268778 1.5844005347 -0.0933011214 -0.0709672995 0.3060455177 
30 13 2.0782035298 1.4296654256 1.4344573172 1.4548071683 0.0137122839 -0.0017834693 -0.0061701221 
31 13 2.0624061254 1.4355482665 1.4038520655 1.4141186942 0.0116049415 -2.8276819712e-04 0.0105388668 
32 13 2.0634120398 1.4094967232 1.4341045934 1.4140679293 -0.0118890206 0.0233880842 0.032115327 
33 12 2.063787771 1.3488262551 1.4436997875 1.4666939213 0.1088246044 -0.1422851115 0.153325733 
34 12 2.0871775935 1.2376453911 1.5456702051 1.5729947105 -0.1013807475 -0.1016090831 0.026580327 
35 11 2.0405387513 1.5973446484 1.521781554 1.0446721931 0.190005155 0.1859952849 -0.1477379644 
36 11 2.0970701883 2.0166211046 1.3728640695 1.0082182004 -0.1426753959 -0.0593553822 -0.2551276916 
37 10 1.9710594585 1.446590753 0.8602535235 1.5782311125 0.2858341336 -0.1066896717 0.1880139373 
38 10 1.9858449443 0.881013867 1.4727817634 1.5897845125 0.2853553382 0.0010185534 -0.0041531344 
39 9 1.9073531739 1.4851605235 0.6838400889 1.4689955178 -0.0623344487 -0.2718967118 -0.2146247214 
40 9 1.891366646 0.9940062789 1.2099678179 1.3732936926 -0.2742041354 -0.0221732216 -0.0631581337 
41 8 1.821044982 1.0884685583 1.0393889178 1.1883473501 0.2228863029 -0.3137437365 -0.2014845346 
42 7 1.7387449982 1.0382705033 1.1667045473 0.8182591181 0.2100993734 0.330816262 -0.2619197658 
43 7 1.7104360538 0.6303487921 1.0478138736 1.2474288284 0.3752371492 -0.1205540324 0.0877311289 
44 7 1.7438575775 0.5377569153 1.2353623574 1.267919978 0.190731642 0.2796622961 -0.1321741607 
45 7 1.7375188368 1.2260170846 1.2114894281 0.5814651957 0.0622352525 -0.0658476385 0.340523038 
46 6 1.6120805635 0.9233583362 0.8993264861 0.776118921 -0.0456697719 0.1140523887 -0.0769501345 
47 5 1.5170342552 0.5253257045 0.7239890477 1.0520781792 -0.0348006354 -0.0290667195 0.3247576123 
48 4 1.3969653268 0.6039584526 0.6981411435 0.6494125281 -0.0867172 -0.0308877454 0.0493438455 
49 3 1.2534783051 0.8022031337 0.6803165938 0.0886881337 -0.0088008643 -0.0927682594 0.2313004389 
