# Cluster list (115 data points):
# "Cluster Identifier" "Cluster Size" "Radius of Gyration" "Gyration Tensor.XX" "Gyration Tensor.YY" "Gyration Tensor.ZZ" "Gyration Tensor.XY" "Gyration Tensor.XZ" "Gyration Tensor.YZ"
1 53 5.532238513 7.2537704118 5.0278609644 18.3240315885 -3.5821000894 -9.2046246567 6.5251024833 
2 40 3.5907305431 6.9162249292 3.5159992385 2.4611216653 0.9329062953 0.5710477782 0.1064172159 
3 37 4.0448064509 10.7393896545 2.7031571255 2.9179124453 2.686770756 -2.6082245978 -0.7611139025 
4 35 4.7156429647 2.0702661706 2.2256357998 17.9413865999 0.2713772833 -0.358653198 -1.4788170698 
5 32 7.0054042954 19.2985687149 26.9620071338 2.8151134935 20.5575971285 4.5401921791 5.2757103218 
6 31 3.3487687125 4.4025106595 4.1660218517 2.6457193789 0.570744557 -0.4466234382 -1.1911957716 
7 26 2.9500156552 2.5196332992 3.2594395234 2.923519543 0.5954958506 0.0414368079 -0.2179751501 
8 23 2.9105846176 2.5777009291 4.0814672039 1.8123346833 0.2344071075 -0.0788752785 0.7473423575 
9 22 2.7403700937 2.3109755699 3.3585395647 1.8401131156 -0.3417239937 -0.0409974137 -0.008230114 
10 21 2.7395169077 2.5065132383 2.2128888698 2.7855507795 0.6962713101 0.4277197784 0.0697375414 
11 21 4.4729166275 9.02790649 1.6054462852 9.3736303811 1.3562172036 -7.9833281079 -1.6942100088 
12 20 2.822462937 3.4866243755 1.9560382614 2.523634394 -0.2129455312 -0.430469437 0.1023367041 
13 20 3.0863051713 2.2169200024 2.6237896334 4.6845699744 0.9588116225 1.4494283632 1.8774887618 
14 20 3.0093755423 2.1161937342 2.3253565958 4.6147908248 -0.4807400273 0.4770776545 0.0111734426 
15 20 2.7384102254 3.5863223503 1.9802256805 1.932342532 0.4940225397 -0.5386403113 -0.1732075845 
16 20 2.6619995429 2.2796617417 2.460910492 2.3456693329 0.0439272287 0.0983768746 -0.065541918 
17 19 2.5941564747 2.3216296297 2.2681213394 2.1398968461 0.2014342136 0.5982668356 -0.0584834018 
18 17 2.4487424745 2.0024986102 2.2403325355 1.7535085607 -0.1595834468 0.2592658106 0.0617306396 
19 15 2.5019137727 2.0715110998 2.0510370376 2.1370243887 0.0765984113 0.63629809 0.4043970358 
20 14 2.2623759896 1.8996936707 1.7098623193 1.5087891284 -0.2250633785 0.0579497259 0.0275644827 
21 14 2.7290253823 3.1470693828 2.8675505948 1.4329595597 -1.341933974 0.1395267095 -0.4334636571 
22 14 2.2191132908 1.594574703 1.3932176339 1.9366714606 -0.0083082768 0.3457784874 0.1245814407 
23 14 3.3645422776 2.1740665256 2.4428767446 6.7032014679 1.3607045657 2.9041843406 2.6978569499 
24 14 2.4399286266 1.218321563 2.3529507196 2.3819794205 0.0302216026 -0.0921699704 0.0194126594 
25 13 2.4512496848 2.2861784887 1.2647531951 2.4576933334 -0.1299563544 0.8422833937 0.6657381124 
26 13 2.6204819648 3.7998549209 1.1416579096 1.9254128972 -0.74343351 0.0011686238 0.2905617947 
27 13 2.3886746774 2.7343304454 1.3989208277 1.5725154416 0.3957722296 -0.1724884182 0.1206909078 
28 13 2.1441500147 1.5669823997 1.4791876694 1.5512092164 0.0094043706 -0.0525838137 0.0269427561 
29 13 2.7203582798 4.5975395576 1.8303449733 0.9724646399 -0.78131683 0.661704082 -0.2031564783 
30 13 2.5258512333 1.9873880023 1.7521224736 2.6404139772 0.1330689175 0.5244206692 1.0254749348 
31 12 2.2467386997 0.93988802 2.5992261414 1.5087206232 -0.1878663757 0.0842866132 0.0316670293 
32 12 2.2518345192 1.6956316176 1.6582661785 1.716860906 -0.2963111428 0.1064437132 -0.1263149184 
33 11 2.0697056456 1.4652107312 1.3666188644 1.4518518639 0.2444049105 -0.3110891744 -0.1314858157 
34 11 2.322259082 1.1559818424 1.4298824314 2.8070229701 -0.3249923749 -0.0309851562 -0.5946092088 
35 10 2.1391895931 1.4089312787 1.6286887137 1.5385121226 -0.2923171802 -0.0084040406 -0.0923652703 
36 10 2.1000877169 1.8581597548 1.2125802911 1.3396283728 -0.3611228917 0.1907517321 -0.3919882269 
37 10 2.0939833791 1.5758181547 1.3048832395 1.5040649977 0.010555382 0.0976086288 -0.0074427503 
38 10 2.2918068853 1.2542801908 1.6935292201 2.3045693885 0.4804095666 -0.0565477287 0.0295524176 
39 10 2.1439522879 1.6092124579 1.002648004 1.9846709508 -0.4588507711 -0.7109427205 0.0887245159 
40 9 1.9254588716 1.0066895147 1.5501506086 1.150551743 -0.1253922026 -0.2630541543 -0.0993259046 
41 9 1.9921194066 1.7542232739 1.0313397661 1.1829766903 0.1756216232 0.0095829727 0.3026548975 
42 9 3.0850199855 0.7558883027 7.5391643042 1.2222957038 0.7161620712 0.2292848718 -1.4537142149 
43 9 2.2528893189 1.9317647227 2.2141854766 0.9295600837 0.3879884184 -0.6597159531 -0.3963754753 
44 8 2.0356486526 1.0352444613 1.3595919897 1.749028986 -0.5071831574 -0.1920435235 -0.2437329024 
45 8 2.0806397718 2.3166371896 1.3755028013 0.6369218689 0.5774191769 0.0324388499 -0.0889920961 
46 8 1.9733560098 1.4389900546 0.969788913 1.485354974 0.2218778139 -0.3497100129 0.3126088346 
47 8 1.9848497939 1.1461718729 1.5312517031 1.2622051282 -0.589590539 -0.3030164619 -0.0293476285 
48 8 2.0272390156 1.217440224 1.3750170683 1.5172407341 -0.2997371094 0.2296192741 0.2695810147 
49 7 1.8628045398 1.2513885466 1.3807984313 0.8378537755 0.369408522 0.0334139601 -0.3604136724 
50 7 2.05033261 1.8525539617 1.3259076344 1.0254022153 0.2786451867 0.3872996763 0.2896541003 
51 7 1.8349241194 0.6200948878 1.2528059223 1.494045714 0.0453994239 0.3390440928 0.2850308224 
52 7 1.7907168781 0.9522339545 0.7990607491 1.4553722338 0.2096893072 -0.279241505 -0.1662476732 
53 7 1.9766941435 1.6414760363 0.7956100976 1.4702336031 -0.47943879 0.6249729448 0.0550764993 
54 7 2.7403800627 1.5284698859 1.2360007718 4.7452122302 -0.5450027903 -1.3488802893 -0.9645735137 
55 7 1.9302576287 1.0647729657 1.285713696 1.3754078516 -0.2052158271 0.2754493537 0.547680173 
56 7 1.9384953379 2.0651625924 0.7088203695 0.9837812133 -0.1794171776 0.133720909 -0.1157735838 
57 7 2.2606958571 0.8851787224 3.3294215521 0.8961454839 1.1019231747 0.18970782 0.0749459675 
58 6 1.7731078202 1.0187005973 0.7512630181 1.3739477268 -0.1139779449 0.0508473981 -0.1987517973 
59 6 2.0002387469 0.6981490964 1.3641369104 1.9386690379 -0.4349924167 0.005573557 0.2797458906 
60 6 1.611893059 0.8459536481 0.8555061667 0.8967394187 0.0947472024 0.0336416368 -0.0224473783 
61 6 2.1160347184 1.5551212011 1.0779164827 1.8445652458 -0.7723708372 -0.9214896366 0.8029246783 
62 5 2.0137853887 0.9810230931 0.9443322908 2.1299762079 0.2922601083 0.8159316328 0.8929456954 
63 5 1.5638625829 0.6860428164 0.6919452727 1.0676780892 -0.1201715483 0.2156718263 0.0588684901 
64 4 1.6506585669 0.6178125651 1.4135522053 0.693308934 -0.0261702715 0.0207089695 0.3062795859 
65 4 1.4458482629 0.7542551788 0.7043992804 0.6318227401 -0.0652117111 9.4708094673e-04 -0.0967666158 
66 4 1.5608276724 0.6534873379 1.1788267227 0.6038689625 -0.485693122 -0.0238666223 0.1495052368 
67 4 1.481664601 0.5942804764 0.9298875415 0.6711619721 -0.1154655598 0.0014494104 -0.1575887021 
68 4 1.6232097587 0.3822253173 0.8837866802 1.3687979233 0.3556455488 -0.2008358751 0.1011789985 
69 4 1.4448911888 0.652710504 0.7830172548 0.6519827885 0.2190755215 -0.1676595403 -0.1148964159 
70 4 1.5867523979 0.9310063192 0.7353559294 0.8514209236 -0.1117187195 -0.0303611123 0.7694492608 
71 3 1.3601311 0.6240098827 0.5602034736 0.6657432528 0.4498885094 0.2913584532 -0.1433966413 
72 3 1.3328047791 0.1794893387 0.8014042727 0.7954749677 0.1201771902 -0.3326600665 0.1364327381 
73 3 1.3117232703 0.7554771879 0.2047256583 0.7604150916 0.2562982298 0.1060377333 -0.2603461888 
74 3 1.5739832083 1.2956332318 0.4359421955 0.7458477125 0.0692390278 0.7286736824 -0.3421749275 
75 3 1.3301845026 0.7641629678 0.7004403512 0.3047874918 0.2101783361 0.1936196265 -0.3521345221 
76 2 1.1684756775 0.6504691024 0.0684220957 0.6464442107 0.2109655402 0.6484535338 0.2103118343 
77 2 1.347106716 0.2332657777 0.1878840554 1.393546671 0.2093488006 0.5701462514 0.5116885772 
78 2 1.5838559299 0.4368772074 1.1622897693 0.9094326298 -0.7125853694 0.6303256203 -1.0281168424 
79 2 1.5664444433 0.2316716044 0.2419027208 1.9801738688 0.2367318978 0.6773109015 0.6921050834 
80 2 1.3189270536 0.4099279587 0.8844528409 0.4451877732 0.6021311714 -0.4271942358 -0.6274931002 
81 2 1.1629105547 1.015091186 0.137106769 0.2001630032 0.3730628268 -0.4507590269 -0.1656614096 
82 2 1.1256232574 1.1356180235 0.0147592412 0.116650453 0.1294637414 -0.3639647742 -0.0414930376 
83 2 1.1235185335 0.1610408872 0.22695232 0.8743006879 0.1911768892 -0.375230807 -0.4454487283 
84 1 0.0 0.0 0.0 0.0 0.0 0.0 0.0 
85 1 0.0 0.0 0.0 0.0 0.0 0.0 0.0 
86 1 0.0 0.0 0.0 0.0 0.0 0.0 0.0 
87 1 0.0 0.0 0.0 0.0 0.0 0.0 0.0 
88 1 0.0 0.0 0.0 0.0 0.0 0.0 0.0 
89 1 0.0 0.0 0.0 0.0 0.0 0.0 0.0 
90 1 0.0 0.0 0.0 0.0 0.0 0.0 0.0 
91 1 0.0 0.0 0.0 0.0 0.0 0.0 0.0 
92 1 0.0 0.0 0.0 0.0 0.0 0.0 0.0 
93 1 0.0 0.0 0.0 0.0 0.0 0.0 0.0 
94 1 0.0 0.0 0.0 0.0 0.0 0.0 0.0 
95 1 0.0 0.0 0.0 0.0 0.0 0.0 0.0 
96 1 0.0 0.0 0.0 0.0 0.0 0.0 0.0 
97 1 0.0 0.0 0.0 0.0 0.0 0.0 0.0 
98 1 0.0 0.0 0.0 0.0 0.0 0.0 0.0 
99 1 0.0 0.0 0.0 0.0 0.0 0.0 0.0 
100 1 0.0 0.0 0.0 0.0 0.0 0.0 0.0 
101 1 0.0 0.0 0.0 0.0 0.0 0.0 0.0 
102 1 0.0 0.0 0.0 0.0 0.0 0.0 0.0 
103 1 0.0 0.0 0.0 0.0 0.0 0.0 0.0 
104 1 0.0 0.0 0.0 0.0 0.0 0.0 0.0 
105 1 0.0 0.0 0.0 0.0 0.0 0.0 0.0 
106 1 0.0 0.0 0.0 0.0 0.0 0.0 0.0 
107 1 0.0 0.0 0.0 0.0 0.0 0.0 0.0 
108 1 0.0 0.0 0.0 0.0 0.0 0.0 0.0 
109 1 0.0 0.0 0.0 0.0 0.0 0.0 0.0 
110 1 0.0 0.0 0.0 0.0 0.0 0.0 0.0 
111 1 0.0 0.0 0.0 0.0 0.0 0.0 0.0 
112 1 0.0 0.0 0.0 0.0 0.0 0.0 0.0 
113 1 0.0 0.0 0.0 0.0 0.0 0.0 0.0 
114 1 0.0 0.0 0.0 0.0 0.0 0.0 0.0 
115 1 0.0 0.0 0.0 0.0 0.0 0.0 0.0 
