# Cluster list (43 data points):
# "Cluster Identifier" "Cluster Size" "Radius of Gyration" "Gyration Tensor.XX" "Gyration Tensor.YY" "Gyration Tensor.ZZ" "Gyration Tensor.XY" "Gyration Tensor.XZ" "Gyration Tensor.YZ"
1 76 4.1023650463 7.0408462474 4.849125761 4.9394269645 2.1053707906 -1.8593991068 -1.0321094875 
2 74 3.9232037489 5.8309353511 5.303108306 4.2574839983 1.0901141312 0.0068240614 0.9300764237 
3 58 3.5639184766 4.9963306934 3.7025677264 4.0026164882 0.082997981 -0.1681876491 0.0979984462 
4 53 3.4570429788 4.1683463937 3.8880479179 3.8947518457 0.338402976 -0.0761555304 0.3902595582 
5 47 3.3881214761 3.2767295079 3.7282987108 4.4743389184 0.7379232997 -0.4794297219 0.6994742378 
6 47 3.3534038088 4.003059824 3.8554189083 3.3868383725 0.5206802738 0.75900889 0.1390045894 
7 39 3.1392648009 2.7164694111 4.3449806054 2.7935334738 0.1080025953 -0.0312821816 -0.3413713159 
8 36 3.1093684838 2.7331806226 4.3531135178 2.5818782276 0.3111063272 0.0449955251 -0.7592817284 
9 33 3.0180297974 2.7473491997 3.8337484954 2.5274061628 -0.6567686471 0.3129700149 -0.3607467856 
10 31 2.9305291158 2.2337047816 3.0684280916 3.2858680253 0.4275704948 -0.5765786258 0.0496906042 
11 31 2.9367024042 3.6333826837 2.2517145652 2.7391237619 -0.0029071262 0.1389600014 0.3314319607 
12 31 2.9086416492 3.0667050806 2.413615699 2.9798754636 0.1314685849 0.6986967545 -0.079431122 
13 28 2.8181084879 1.9380156314 2.5437418216 3.4599779968 -0.0535076272 0.2829404948 0.1098933268 
14 27 2.8113300869 2.2381586408 2.6822998852 2.9831183314 0.351920901 0.749892823 0.7049267044 
15 23 2.6759428516 2.4386627921 2.9968371399 1.7251702128 -0.364510856 0.489558904 -0.0795428096 
16 23 2.6146345953 1.9157198179 2.6445178663 2.2760763828 -0.0666506758 0.1515014485 0.0277840982 
17 21 2.5482571952 2.5632911987 1.7586229492 2.1717005848 -0.1875603141 -0.4336252911 0.0171013558 
18 21 2.5779391276 2.6944159953 2.3274950844 1.6238590659 0.0894559212 -0.0251248438 -0.3361574732 
19 20 2.498259541 1.5291722943 2.4077297765 2.3043986634 -0.02366069 0.1078989809 -0.1528655018 
20 20 2.4955387485 2.1700747556 2.19435802 1.8632808694 -0.4612924488 0.5476162801 -0.1663792583 
21 18 2.4612642818 2.0056493345 1.8229040099 2.2292685205 0.1778218342 0.3208082291 -0.6286422048 
22 17 2.3995559101 1.9245931901 2.5911252736 1.242150102 0.0237390872 -0.0723177012 -0.1174105409 
23 16 2.3151079485 1.8754688846 2.1311541066 1.3531018218 0.387841772 0.2417723363 0.2178197749 
24 15 2.2400661288 1.2867728432 2.3465219402 1.3846014779 -0.1677839692 0.0511467738 -0.0278579918 
25 15 2.2468643599 1.7285497469 1.6938109418 1.626038763 0.3500225556 0.3805826682 0.3052220719 
26 14 2.1740526373 2.0136741875 1.3342514671 1.3785792153 -0.1091681073 0.1177455634 -0.0129466738 
27 14 2.1870665593 1.7341392496 1.3706314072 1.6784894782 -0.1632202427 0.3286633638 -0.1694895259 
28 14 2.180490563 1.679452367 1.3355499509 1.7395367773 -0.0386362683 -0.3508113315 0.0127524095 
29 13 2.0916768033 1.4927497471 1.4566479266 1.4257141757 -0.011456343 0.0211342762 0.013995992 
30 13 2.0582910978 1.3912953899 1.4452738292 1.3999930243 0.0226175845 0.0091542888 -0.0252606307 
31 12 2.0409127357 1.4857633479 1.3001151385 1.3794463084 -0.0931809604 -0.1159715672 -0.1837723271 
32 12 2.0597554668 1.4798419245 1.4785803514 1.2841703072 -0.0540656424 -0.177632112 -0.081013649 
33 11 2.0488727278 1.4738753141 1.6814051677 1.042598973 -0.1032173525 -0.2347355449 0.1216413496 
34 11 2.0512315865 1.3721098569 1.4001907142 1.4352504505 -0.2392325878 0.0396910623 0.0040482458 
35 10 1.9848394198 1.5596363962 0.7169577667 1.6629933594 0.1944775426 0.0290286208 -0.0431116434 
36 10 1.9739894236 1.5513160831 0.7695627156 1.5757554458 -0.115811446 0.0713467912 0.2283734131 
37 9 1.8967195025 1.3856241978 1.3865434269 0.8253772464 -0.0136503305 0.0345450546 0.0092173281 
38 8 1.8395726538 1.0874300251 1.198885642 1.0977118815 -0.2501976681 0.2811555477 -0.3591265567 
39 7 1.7404462648 0.7138619938 0.9680803886 1.3472108181 -0.4020728799 -0.0937824399 -0.0674034452 
40 7 1.74472146 1.3589641351 1.1851915499 0.4998972881 -0.0878104253 -0.1244854896 -0.0717959205 
41 6 1.6074794029 0.8951866828 0.8191954154 0.8696079325 -0.0020682745 -0.0562405521 0.0098854063 
42 5 1.5682137381 0.8798314262 0.7201676768 0.8592952253 0.0941577851 -0.3472960192 -0.246309969 
43 4 1.375502079 0.5856279388 0.6829355299 0.6234425006 0.0033791299 0.0091354029 -0.0405291029 
