# Cluster list (49 data points):
# "Cluster Identifier" "Cluster Size" "Radius of Gyration" "Gyration Tensor.XX" "Gyration Tensor.YY" "Gyration Tensor.ZZ" "Gyration Tensor.XY" "Gyration Tensor.XZ" "Gyration Tensor.YZ"
1 76 4.1513990012 8.6054673481 3.4707706414 5.1578756774 0.988469123 -2.1047987096 -0.4162532852 
2 53 3.486504828 4.0133388491 4.0201454983 4.122231568 0.3436647608 0.0020397574 0.6094533465 
3 53 3.4755400711 4.5346789973 3.4072113626 4.1374884255 -0.5469740948 -0.6648553595 0.4671091349 
4 47 3.4300362199 3.3939253349 5.2838200041 3.0874031308 0.8901482286 0.6892450618 0.6527003697 
5 40 3.1685528565 4.003267061 2.950107301 3.0863528422 -0.2911371465 0.2927857371 -0.1000900057 
6 40 3.1881507252 2.9101877869 3.5569133453 3.6972039141 0.5555849104 -0.407903694 -0.2811725235 
7 39 3.1389913911 2.7816951719 4.1847863364 2.8867854453 0.1273952591 -0.0754140199 -0.5472349614 
8 36 3.086429484 3.1095576836 2.9692594122 3.4472298639 0.6943128901 -0.5583396526 -0.7098181334 
9 33 3.0106907451 2.9440508515 3.5811634328 2.5390444784 -0.796720645 0.2860012969 -0.1631220826 
10 31 2.9179683056 2.3103186847 3.0533027923 3.1509175552 0.3949581453 0.4622819532 -0.430512145 
11 31 2.895786085 2.9362254633 2.9267895946 2.5225619924 -0.4828172762 0.4426391004 -0.3405237723 
12 28 2.8124833489 1.8871231049 2.552183785 3.470755698 0.1334026225 0.0688091234 0.1656569691 
13 27 2.8140779955 2.783688835 3.3610817079 1.774264422 0.7725742038 -0.2988538463 -0.2410150289 
14 23 2.5997014593 1.9730723867 2.4736074289 2.3117678619 -0.2684665369 -0.0752430122 0.1205420225 
15 23 2.6650147224 3.1029041422 2.3162549739 1.6831443547 0.1361749239 -0.4569300894 -0.3653865986 
16 22 2.5945570918 2.6677468384 2.0137917739 2.0501878902 0.0989660638 -0.1962935146 0.1227140755 
17 21 2.5509259892 1.9436646869 2.5120466889 2.0515120268 0.633890284 -0.2130820176 0.0826376116 
18 21 2.5776947298 2.2874545193 2.5151451867 1.8419104141 0.3215844282 0.452314243 -0.1866949221 
19 21 2.5519815885 1.7888384902 2.3408966711 2.3828748667 -0.1487628685 -0.0268964182 0.514553601 
20 20 2.4974222703 2.3107650165 1.4228156449 2.5035373348 0.1211528417 0.511433824 0.0164030938 
21 18 2.398996968 1.9924119403 2.0031143458 1.7596601667 0.3456072493 0.2927159985 0.2686692047 
22 17 2.398966384 1.6659329644 1.9347375709 2.1543691764 0.1091971653 0.5655074384 -0.3436672378 
23 16 2.2863486716 1.698551822 1.6042354993 1.9246029267 -0.012253587 0.0206767817 -0.09544481 
24 15 2.259039941 2.3856198469 1.2876060709 1.4300355372 0.0445601406 0.2822499269 0.1037864949 
25 15 2.2650613375 1.6108784033 1.3848306861 2.1347937735 0.0730561514 -0.197766533 0.2679132717 
26 15 2.2386189956 1.3455880463 1.8107984502 1.8550285108 0.0782208529 -0.001324494 -0.5037408058 
27 14 2.1839720431 2.0903439157 1.3552449555 1.3241450141 0.0542533006 0.0742812804 -0.0010010963 
28 14 2.1793582576 1.9979693432 1.3912419731 1.3603910989 -0.1384871954 0.0224007794 0.0222097742 
29 14 2.1660539799 1.2994959841 1.783214859 1.609079001 -0.0104867264 6.0443320132e-04 0.3697399579 
30 13 2.0534346071 1.464397006 1.4114372958 1.3407593837 -0.0250464929 0.0256952765 0.0184167269 
31 13 2.0712906529 1.4511507893 1.4014205686 1.4376736107 0.0382951435 0.0397752037 -0.020423845 
32 13 2.062390223 1.413050032 1.4303461825 1.4100572172 0.0235683037 -0.0226890697 -0.0062704092 
33 12 2.0747978558 1.2101561848 1.5280024141 1.5666275437 0.1115257688 -0.1497167221 0.0096128954 
34 12 2.0631108649 1.1745772098 1.5554287292 1.5264205018 0.0640280476 -0.0096469909 -0.0086285428 
35 11 2.046740563 1.5004737079 1.4198373643 1.2688358603 0.2944248232 0.1365939069 -0.1296779993 
36 11 2.0957709464 1.8980021332 1.3366676559 1.1575860705 -0.1982600842 -0.3363495622 -0.2315544454 
37 10 1.9763260234 1.3089420682 1.1330994934 1.4638229891 0.3432695079 -0.1169849211 0.2809877293 
38 10 1.9820057006 1.053172901 1.5404483281 1.3347253682 -0.1907259654 -0.4101011568 -0.1108264802 
39 9 1.9075094223 1.2715175417 0.7613151235 1.6057595308 0.3195990907 -0.2612792293 0.0209748926 
40 9 1.8802180589 0.8666376582 1.2765306503 1.3920516407 -0.1189678561 -0.071374604 -0.0263534635 
41 8 1.8246785739 0.8090110521 1.1665923168 1.3538485291 0.1538024296 -0.2153912675 -0.3549973536 
42 7 1.7524806311 1.3673674899 1.0693345966 0.6344862758 0.0167732751 -0.0204148965 -0.2648046416 
43 7 1.7251462367 1.110111021 1.0455250967 0.8204934202 -0.226532409 -0.3762347772 -0.2473856577 
44 7 1.7248305213 0.7537586011 0.9443315894 1.2769501367 0.4564832623 -0.0840654935 0.0507725645 
45 7 1.7297108962 1.3452331695 1.2071210735 0.4395455416 -0.0755464073 0.0074807911 0.1579902132 
46 6 1.6063045664 0.8365118905 0.8590718827 0.8846305869 -0.0139954537 0.0092533098 -0.0188929785 
47 5 1.527165391 0.5225061211 0.8197534358 0.9899745746 0.052904074 0.1196926666 0.3507798273 
48 4 1.3769890774 0.5893001023 0.6035965913 0.7032022256 0.0199940095 -0.0082993005 -0.0184521339 
49 3 1.3796262791 0.207599839 0.8524897648 0.8432790661 -0.3407693128 -0.2572942475 0.0302775208 
