# Cluster list (135 data points):
# "Cluster Identifier" "Cluster Size" "Radius of Gyration" "Gyration Tensor.XX" "Gyration Tensor.YY" "Gyration Tensor.ZZ" "Gyration Tensor.XY" "Gyration Tensor.XZ" "Gyration Tensor.YZ"
1 53 7.6084189798 14.2202224295 8.0525145897 35.6153023522 -6.7379377732 -18.0034351413 14.3446011572 
2 40 5.0494512335 17.1236539024 4.0900906706 4.2832131864 2.3293527294 4.9578177324 0.0903127314 
3 36 5.4131932672 20.611542183 3.0270167029 5.6641024621 3.4024205964 -6.8369638561 -1.8587990364 
4 26 3.3071982114 6.275927499 2.3697211072 2.2919114035 0.9339837246 -0.1333823529 -0.0687018679 
5 26 3.2169072298 3.9097109076 3.7566540266 2.6821271912 0.5855817316 0.060725088 0.8983282026 
6 23 3.7908564309 1.5160168676 8.3060421014 4.5485335106 1.4506425065 1.3519447123 4.4653113781 
7 23 3.885020457 2.8652096266 8.5468562395 3.6813180853 -1.2068257291 0.7723592769 -3.8981008633 
8 22 4.1468506582 5.9853466113 2.7102107126 8.5008130578 2.1395009741 -3.0993990654 -2.8342428286 
9 21 5.7212600312 13.9031837854 1.9114502382 16.9181823205 1.989192042 -13.2620268861 -2.5535940495 
10 21 2.9766258942 2.8527127568 2.9119786682 3.0956102893 0.5815655242 -0.5033132703 0.1256876556 
11 20 4.7608505543 5.7044695042 4.7624743026 12.1987541934 3.6384477608 6.2363351861 5.6303796033 
12 20 4.2759944862 14.8329661591 1.7600657803 1.691096907 -3.2329369419 -1.4705267467 0.3216688433 
13 20 3.3009941865 1.6775366016 4.2551466235 4.9638793939 0.4696178724 0.5405687706 2.0091559456 
14 20 4.6999575496 1.8624464697 5.1784523944 15.0487021042 -2.0146875008 0.9377034732 0.7706929853 
15 20 3.4882239307 6.5580884682 4.2148402554 1.3947774669 3.6226717969 -0.0374063272 -0.2361706872 
16 19 2.93811356 2.5978708703 3.0542289997 2.9804114217 0.6840282371 0.7508247979 1.1067755329 
17 19 2.8686962589 2.8059622311 3.0912313522 2.3322246428 1.0352337146 0.4767902271 0.3472861404 
18 17 2.7340096326 2.6536461589 3.104701952 1.7164605604 0.5934698156 0.5469690773 0.2840971019 
19 14 2.5638268197 1.7982867099 2.6971462929 2.0777749585 0.1776194431 -0.5219154827 -0.2603244874 
20 14 2.9566314569 1.1492693015 5.6075024921 1.9848977782 0.4046017378 0.2259321014 1.0530931644 
21 14 2.3519554932 1.7062691818 1.5786241389 2.2468013212 0.2039263716 0.3422924044 -0.1574616002 
22 13 2.6541738877 1.4384231925 3.2322028528 2.3740129806 -0.1034619601 -0.9662414753 -0.6017663068 
23 13 4.2908555689 15.1566088772 0.8145079187 2.4403247169 1.0086054718 -4.320776593 -0.5669934617 
24 13 2.9597229716 2.077197483 1.8910615577 4.791701028 0.9363347579 1.1595368358 1.9209266507 
25 13 2.4623255744 1.3907350242 2.2129736999 2.4593385102 -0.0029236493 -0.0621426139 0.2638134632 
26 12 4.0360080298 9.6094634344 0.9865517545 5.6933456276 0.2545241119 6.5255696502 0.6386032194 
27 12 2.7770819918 2.7230214844 4.1678627387 0.8213001662 1.7158836345 0.0597670881 -0.2918811674 
28 12 2.2960918621 1.7375140557 2.1941180911 1.3404056924 -0.140252902 0.0230723883 0.4667372958 
29 11 2.6061783597 0.9942590354 2.1260381586 3.6718684484 -0.1550499191 0.3581732858 -1.1911180055 
30 11 2.2803788456 1.3579273718 1.9293937078 1.9128065997 0.0838398836 -0.4050463124 0.1576962053 
31 11 2.6358260979 0.9303880154 3.3566107108 2.660580492 0.3159962381 0.2032628859 0.5410087437 
32 11 2.2736368353 1.3271729074 2.3593370105 1.482914541 -0.1079164245 -0.0463464752 -0.0586769386 
33 10 2.1462787781 1.3823872118 1.6352496944 1.5888756871 -0.2555640931 -0.0233368379 -0.0025578214 
34 10 2.4235397187 1.9256978468 2.1282623451 1.8195845764 0.7884962987 0.1655538791 -0.0836233352 
35 10 2.6445838108 1.7241987184 3.1135143076 2.1561105062 0.0932161128 -0.5387977216 1.5010894597 
36 9 2.0082875902 1.5938335522 1.2009843642 1.2384011287 -0.5381437326 0.0294423822 -0.1363504972 
37 9 2.2034325733 1.8868167101 1.1667391557 1.8015592392 0.6353627467 0.5301481279 -0.0303151763 
38 9 4.0902497576 0.9326891382 13.5272922606 2.270161681 0.2463678256 -0.1587430567 -4.1130944621 
39 9 2.3019834825 1.2094693079 2.5066448117 1.583013834 0.0969974126 0.1920436577 -0.8544361128 
40 9 2.0749575661 1.726088268 1.2017694767 1.3775911562 -0.0129216856 -0.3247214394 0.4323403882 
41 9 2.3050125266 2.1999754963 1.3058462308 1.8072610207 0.2904273609 -0.9291277149 -0.3360585073 
42 9 2.127360071 1.2310024707 1.3202391815 1.9744192195 -0.3456058168 0.6692023602 0.17652291 
43 8 2.081716909 1.6941753273 1.2002028674 1.4391670944 0.8412169053 -0.2957198405 0.3166921094 
44 8 2.5171044177 3.3633790003 2.5411413272 0.431294322 1.9804502856 -0.1221930702 -0.2206475906 
45 8 2.2912494236 1.7671246885 0.9313521506 2.551347082 0.1225773443 -0.6441180063 -0.0436134081 
46 8 1.9578466448 1.1332075138 1.3837403291 1.3162156416 -0.4680389068 -0.2304950393 0.4274809698 
47 8 2.0038854259 1.104019229 1.6840663001 1.2274712711 -0.3999908742 0.2820076861 0.0976433693 
48 7 2.5022562258 0.8502226791 0.6100523404 4.8010111999 0.2454784003 0.5665953774 -0.5715530398 
49 7 2.0097381202 1.8025160737 0.8684843562 1.3680468818 0.0408258639 -0.4756423726 -0.322670925 
50 7 2.1949996793 1.9539010892 1.1156197794 1.7485027236 -0.3189703211 -0.7817290069 0.5408166606 
51 7 1.9986489878 1.4010315611 1.223248722 1.3703174932 -0.2051983403 0.7375224199 -0.3512044708 
52 7 1.9672853992 1.5471355109 1.7143795117 0.6086968192 -0.1613551379 0.2007560362 -0.110308196 
53 7 2.7215871033 2.0798895319 4.2781848752 1.0489619536 2.2957074019 -0.038300672 -0.544775916 
54 7 3.1737988699 1.4988375955 2.8486556906 5.7255059807 -1.671551229 -2.3582188702 3.5043240569 
55 7 2.299917865 2.5189622805 1.3278060828 1.4428538224 -0.8879516043 1.2819753381 -0.3234444199 
56 7 2.1404161218 1.750996568 1.1893404315 1.6410441749 0.7616700879 0.8264880672 -0.0643774119 
57 7 2.0185782615 1.516055197 0.6703485853 1.8882544155 0.2295885641 1.0662506523 0.3010474533 
58 7 2.2786682807 1.6094563147 2.3494364206 1.2334363982 -1.0949716707 0.6986850155 -0.9508897308 
59 7 2.0772184318 1.0806724919 1.7869161276 1.4472477939 -0.3585074663 0.3145590657 0.2878627224 
60 6 2.0264089916 1.0733103736 1.7542042764 1.2788187514 0.5478628327 -0.0924554469 -0.4838317923 
61 6 1.6962899808 1.0335205231 0.8671423974 0.9767367784 -0.0113797386 -0.1734372627 -0.0948996473 
62 6 1.8091316236 1.05891298 0.693239538 1.5208047134 -0.5107073542 -0.2505881841 -0.2031568655 
63 6 1.8773676786 1.6931970514 0.8897378697 0.9415744797 0.092702281 -0.255146215 0.0595092965 
64 5 1.7784390662 0.5193306117 0.813819046 1.8296958547 -0.0805623606 -0.0211996179 -0.6622757774 
65 5 1.6426205439 0.7852430971 0.6407706094 1.2721885449 -0.3370337448 0.1651792391 -0.0116542749 
66 5 2.2987603265 0.6330045171 2.4647197276 2.1865747938 0.0702784809 -0.0671240116 -2.0903413827 
67 5 1.6526337669 0.4947035695 1.1632509979 1.0732438001 0.1108289861 -0.0290918779 -0.0136891169 
68 4 1.6821546311 0.728912726 1.0786774257 1.0220540514 0.2242204155 0.5753628362 0.0013175233 
69 4 1.6392124893 0.9103824449 1.0415172389 0.7351179014 0.3525279823 0.0035198141 -0.0403960545 
70 4 1.7887361914 1.1381968524 0.9091783103 1.1522019999 0.3333160383 0.0028606557 -0.265829329 
71 4 2.2048749573 0.3400181746 0.4483117898 4.0731436129 -0.1637679163 -0.2061260208 -0.9259298567 
72 4 1.9495212625 0.7575939187 0.7475063665 2.2955328676 0.2838808332 -0.7886784895 -1.2545572389 
73 4 1.5588360165 0.7222534202 0.8487992201 0.8589170861 -0.1129774768 -0.010534436 -0.2883998738 
74 4 1.7877413976 1.5707740265 0.6395618515 0.9856834268 -0.3858355323 -0.7220992533 0.7530470385 
75 4 1.597185089 0.5607409446 1.5410786348 0.4491806292 0.0229003106 -0.0610279732 -0.6037747097 
76 4 1.5378996184 0.824766821 0.9100148582 0.6303535571 0.230685329 -0.02069668 -0.1210916387 
77 3 1.4842510301 0.0299067283 1.3286710755 0.8444233166 -0.0119406315 0.1566918806 0.1136715008 
78 3 1.487513675 0.0075953972 0.8964818997 1.3086196363 -0.0500158287 -0.0624493312 -0.2603035842 
79 3 1.38758437 1.0033704376 0.4561097221 0.4659102243 0.3648687624 0.1385416469 -0.3297535807 
80 3 1.4050837264 0.0660144158 0.5961747624 1.3120710998 -0.1460744426 0.2127053464 -0.0570746335 
81 3 1.6703199153 0.2189372483 0.1150233386 2.4560080324 -0.1586348252 0.6942517064 -0.4984723014 
82 3 1.3752750409 0.8776321864 0.1587310464 0.8550182054 0.1152116395 -0.0292319307 0.3463716639 
83 3 1.4869637051 0.6573656072 1.3017189901 0.2519764629 -0.0226741713 -0.3498534981 0.304606126 
84 2 1.4186046249 0.284930356 0.4959302534 1.2315784724 0.3759063496 0.5923800238 0.7815222479 
85 2 1.1640519334 0.7020894664 0.5818569414 0.0710704958 0.6391522741 0.2233782588 0.2033540295 
86 2 1.5638159203 0.0212020912 2.1424562414 0.2818618999 0.2131303653 0.0773049915 0.777095095 
87 2 1.077833371 9.7866469383e-04 0.0528548333 1.1078912775 0.0071921596 0.0329280136 0.2419863815 
88 2 1.1379700608 0.2280175982 0.7475639825 0.3193942785 0.4128652853 0.2698657375 0.4886385769 
89 2 1.7391541435 0.3781977395 0.3131968521 2.3332625431 -0.3441661539 0.9393799122 -0.854851147 
90 2 1.1540057974 0.849572205 1.3622491883e-04 0.4820209506 -0.0107579229 -0.6399309352 0.0081032873 
91 2 1.1846241378 0.5244839573 0.0012427438 0.8776076468 0.0255303578 0.6784475894 0.0330248609 
92 2 1.2161611874 1.2976967255 0.0081164294 0.1732348787 0.1026287675 0.4741374641 0.0374973155 
93 2 1.5949835587 0.4013960857 0.1507542568 1.9918222101 0.2459922124 -0.8941530286 -0.5479741572 
94 1 0.0 0.0 0.0 0.0 0.0 0.0 0.0 
95 1 0.0 0.0 0.0 0.0 0.0 0.0 0.0 
96 1 0.0 0.0 0.0 0.0 0.0 0.0 0.0 
97 1 0.0 0.0 0.0 0.0 0.0 0.0 0.0 
98 1 0.0 0.0 0.0 0.0 0.0 0.0 0.0 
99 1 0.0 0.0 0.0 0.0 0.0 0.0 0.0 
100 1 0.0 0.0 0.0 0.0 0.0 0.0 0.0 
101 1 0.0 0.0 0.0 0.0 0.0 0.0 0.0 
102 1 0.0 0.0 0.0 0.0 0.0 0.0 0.0 
103 1 0.0 0.0 0.0 0.0 0.0 0.0 0.0 
104 1 0.0 0.0 0.0 0.0 0.0 0.0 0.0 
105 1 0.0 0.0 0.0 0.0 0.0 0.0 0.0 
106 1 0.0 0.0 0.0 0.0 0.0 0.0 0.0 
107 1 0.0 0.0 0.0 0.0 0.0 0.0 0.0 
108 1 0.0 0.0 0.0 0.0 0.0 0.0 0.0 
109 1 0.0 0.0 0.0 0.0 0.0 0.0 0.0 
110 1 0.0 0.0 0.0 0.0 0.0 0.0 0.0 
111 1 0.0 0.0 0.0 0.0 0.0 0.0 0.0 
112 1 0.0 0.0 0.0 0.0 0.0 0.0 0.0 
113 1 0.0 0.0 0.0 0.0 0.0 0.0 0.0 
114 1 0.0 0.0 0.0 0.0 0.0 0.0 0.0 
115 1 0.0 0.0 0.0 0.0 0.0 0.0 0.0 
116 1 0.0 0.0 0.0 0.0 0.0 0.0 0.0 
117 1 0.0 0.0 0.0 0.0 0.0 0.0 0.0 
118 1 0.0 0.0 0.0 0.0 0.0 0.0 0.0 
119 1 0.0 0.0 0.0 0.0 0.0 0.0 0.0 
120 1 0.0 0.0 0.0 0.0 0.0 0.0 0.0 
121 1 0.0 0.0 0.0 0.0 0.0 0.0 0.0 
122 1 0.0 0.0 0.0 0.0 0.0 0.0 0.0 
123 1 0.0 0.0 0.0 0.0 0.0 0.0 0.0 
124 1 0.0 0.0 0.0 0.0 0.0 0.0 0.0 
125 1 0.0 0.0 0.0 0.0 0.0 0.0 0.0 
126 1 0.0 0.0 0.0 0.0 0.0 0.0 0.0 
127 1 0.0 0.0 0.0 0.0 0.0 0.0 0.0 
128 1 0.0 0.0 0.0 0.0 0.0 0.0 0.0 
129 1 0.0 0.0 0.0 0.0 0.0 0.0 0.0 
130 1 0.0 0.0 0.0 0.0 0.0 0.0 0.0 
131 1 0.0 0.0 0.0 0.0 0.0 0.0 0.0 
132 1 0.0 0.0 0.0 0.0 0.0 0.0 0.0 
133 1 0.0 0.0 0.0 0.0 0.0 0.0 0.0 
134 1 0.0 0.0 0.0 0.0 0.0 0.0 0.0 
135 1 0.0 0.0 0.0 0.0 0.0 0.0 0.0 
