# Cluster list (616 data points):
# "Cluster Identifier" "Cluster Size" "Radius of Gyration" "Gyration Tensor.XX" "Gyration Tensor.YY" "Gyration Tensor.ZZ" "Gyration Tensor.XY" "Gyration Tensor.XZ" "Gyration Tensor.YZ"
1 9 3.6753746035 4.7753255349 4.3946748893 4.3383780516 1.4250900465 -3.5859028905 -2.8155333713 
2 7 3.6414824929 9.3719032001 1.2952333008 2.5932582454 2.5443350909 2.400395583 -0.2265526388 
3 7 4.2804060384 14.7812869296 1.4894461016 2.0511428223 1.7465474327 5.0707258544 0.3678033944 
4 7 3.6454580339 2.7980636106 0.9853537047 9.5059469613 0.4063741821 1.0958667747 -1.797532705 
5 7 3.3090339665 1.2477776761 6.5751480082 3.1267801071 -1.1774272992 0.3752218201 1.2223365537 
6 6 3.5294507777 8.215085637 2.4605357695 1.7814013854 -1.6263246143 1.9424569728 0.7716545205 
7 6 2.4931264573 3.6178042746 2.2262382028 0.3716370547 -1.56809294 -0.1663306233 -0.1471717017 
8 6 2.5503851936 2.296987202 3.4971340514 0.7103433822 -1.5074074149 0.725724518 -0.6066202503 
9 6 2.8193016116 1.994024898 4.1058276194 1.8486090595 -2.7879911108 -1.2519513372 2.0924140638 
10 5 2.7891248618 5.8855074357 0.7136981659 1.1800118933 0.8036693471 -1.378075335 0.052626539 
11 5 2.8455507617 1.9616173328 2.4159129156 3.7196288888 -0.5896414536 -0.6834962809 -2.4814046725 
12 5 3.6521189505 1.0640093146 11.2153930388 1.0585704751 -1.376982689 -0.6156971096 3.1686595634 
13 5 2.5169867871 1.8024573256 3.176447327 1.3563178338 1.0618918627 -0.9333790167 -0.4677880292 
14 5 2.2791954551 4.3606382386 0.3805553939 0.45353829 1.2399036564 -0.5800380216 -0.1010193457 
15 5 2.7385235438 0.6567755866 2.5470263646 4.295709249 0.0965982548 -0.7774960517 -0.5265416504 
16 5 3.0340875547 1.0435088102 3.0805680049 5.0816104748 -0.7958538172 1.8468231842 -3.3625294663 
17 5 2.8033350021 4.3583316535 0.9653745834 2.5349808974 -1.5465722323 -2.7815233656 0.4790018439 
18 5 2.5797326105 1.8580377477 3.4207791234 1.3762034705 -1.5432978016 0.9096710267 -0.8621128106 
19 4 2.6402852586 2.1551258506 1.6184012034 3.1975791927 -0.4388919448 1.8127133292 -1.6649248767 
20 4 2.9503654431 1.0989636539 6.6586438091 0.9470487846 -2.3922351183 0.580178749 -0.2987594074 
21 4 2.5393253804 3.5469750337 1.7834005089 1.117797845 0.5661374067 -1.327465146 -0.0462970919 
22 4 2.6567693267 1.0251311701 2.6346537901 3.3986382952 -1.2868056705 -1.5691567431 1.7167890361 
23 4 2.1872794265 2.1562573802 0.4418544374 2.1860794721 -0.2756046398 1.1809033168 -0.633533583 
24 4 2.0460336087 2.4281602034 0.4964042054 1.261689119 -0.1223958561 0.4227990828 -0.069234783 
25 4 2.845739565 0.4304388268 3.0253241689 4.6424706761 -0.6911215218 0.0838796465 -2.4838956567 
26 4 2.7707205199 0.6163363418 5.9222018077 1.1383540499 -0.5066243245 0.0462845175 -2.3709215382 
27 4 2.0639742631 0.9469670098 2.0641389048 1.2488838441 1.3958094815 0.0297007175 -0.0309865626 
28 4 2.2580763045 1.1383926379 1.7729456626 2.1875702963 -1.0939574712 -1.4764920491 0.9765362209 
29 4 2.0410688036 0.4069801429 1.5812940969 2.1776876213 -0.1951546749 0.8320438111 -0.5071335721 
30 4 2.2135716514 0.4013485288 0.4258398121 4.072711115 -0.1763478746 -1.0543446607 0.2666796252 
31 4 2.2535115079 3.0638993019 1.409959652 0.6044551625 -0.8553489934 -0.2175232702 -0.7646892699 
32 4 3.5070421344 5.027618796 7.1853449539 0.0863807827 -5.5118260036 -0.5311617317 0.6294731579 
33 4 2.187973646 2.5296931766 2.0326699808 0.2248655183 -2.1311377352 0.160407258 0.0565434826 
34 4 2.0488863328 1.0373633461 0.7837227682 2.3768490903 0.6069197117 0.6350194714 1.0142017382 
35 4 2.2334759916 1.6305832176 1.4877484773 1.87008331 0.5944869202 1.7341239493 0.5256007478 
36 4 2.3009851805 0.309487879 4.1468634616 0.8381814603 -0.8590617086 -0.2533786447 1.7130007065 
37 4 1.519775177 0.7664842355 1.0899214495 0.4533109037 -0.7698521015 -0.1540196308 0.324433437 
38 4 1.7369592147 1.287839735 1.3114283782 0.4177592004 -0.627501862 0.2147300937 -0.2238062422 
39 4 2.1214182574 3.5511288152 0.6863613278 0.2629252797 -0.3613136286 -0.4536932298 -0.3167753923 
40 4 2.7366845691 2.0904343503 1.8844821627 3.5145259177 0.6036339908 -0.7291630919 -2.4596941212 
41 4 2.2924104057 1.3594057699 1.8881112879 2.0076284104 -1.3315789848 -1.1462381423 0.8187215344 
42 4 1.9345365362 1.5546559903 1.2581034819 0.9296721377 0.9174308799 -0.1701746217 0.341263524 
43 4 2.5200585282 5.8516454238 0.4093015782 0.0897479837 1.0151815653 -0.0872337807 0.0630995353 
44 3 1.6508505659 0.0608520233 0.1987599849 2.4656955829 -0.1070888698 0.3701249103 -0.6983592274 
45 3 2.0265585848 0.1519262817 0.782224065 3.1727893508 0.1228671652 -0.3676619624 -1.5459365383 
46 3 1.8638259423 0.7998493009 1.1747593315 1.4992385108 0.6254842093 0.3075474861 -0.7325556876 
47 3 2.0458675786 2.1501958871 0.6160561149 1.419322147 0.7484306758 1.2608830527 -0.0527962975 
48 3 1.6724372332 0.5353302797 0.7608076801 1.500908339 0.6300639583 0.4490428007 0.3814120621 
49 3 2.0629310659 1.7802139486 1.3896911044 1.0857795298 0.8968944692 1.3888560738 0.7456201874 
50 3 2.2941270038 1.5660422246 2.4560829124 1.2408935726 1.9445160946 -0.9535645042 -1.0182354648 
51 3 2.1750219659 0.6394848593 3.9891445583 0.1020911347 -1.244568731 0.0311166085 0.3364294096 
52 3 1.9873506071 0.5204993166 0.3941926238 3.0348704951 0.4507162892 -0.2265654356 -0.0891295533 
53 3 1.2456611996 1.1434956111 0.0071151325 0.4010610806 -0.0815037727 -0.4145116257 0.0476421234 
54 3 1.2012796457 0.0855388297 0.4124706044 0.9450633529 -0.0764896706 -0.2412445529 0.5175017281 
55 3 1.5488875659 0.7765301009 1.4094638126 0.2130587784 -1.0150700328 -0.1116539602 0.2734992184 
56 3 2.2859881975 2.4184708163 0.4648766509 2.3423945718 -0.8445474872 -2.0647058895 0.4071253455 
57 3 1.9603051246 2.9834140878 0.4070469853 0.4523351085 0.0935595749 0.9720960882 0.264568518 
58 3 1.0391146226 0.0416733349 0.7525794236 0.2855064405 -0.1661722495 -0.1088548357 0.4238118606 
59 3 2.0242023476 0.9841591683 1.1362541958 1.9769817802 0.0828970505 1.1241693498 -0.7898740748 
60 3 2.1069527046 0.596195471 2.9206237328 0.9224304956 0.9886881467 -0.7336051201 -1.3756042722 
61 3 2.0211068159 2.0649739652 0.6563968875 1.3635019086 0.1417506554 0.5726856929 0.9219356498 
62 3 1.8240217601 1.2421273914 0.8902738848 1.1946541053 0.1135604514 1.1255982636 0.4949217072 
63 3 1.2054205971 0.1265262459 1.1460268012 0.1804857688 -0.2667463247 -0.1046578219 0.4547704901 
64 3 2.0309919527 1.0387041859 2.6527452223 0.4334789037 -1.2395502576 -0.65532047 0.9353723564 
65 3 1.8216387303 1.043533368 0.6984167678 1.5764175278 -0.8498756526 0.4335017029 -0.2595589722 
66 3 1.0999215353 0.9646876537 0.1934651817 0.0516745483 0.1777468587 -0.0916060326 0.0662286261 
67 3 1.5579311136 1.9609598169 0.3331505358 0.133039002 -0.0650154132 -0.0499819426 0.2104957503 
68 3 1.862225383 2.4429512384 0.6964319292 0.3285002094 -0.9634276704 0.5818317058 0.0157139479 
69 3 1.8023520746 2.7196665588 0.1703296641 0.358476778 -0.1759165564 -0.3675185151 -0.1977814181 
70 3 1.8461977094 0.6865018117 0.4854967924 2.2364473782 0.3418137297 -0.5986590796 0.4371494893 
71 3 1.3986703711 0.3871115255 0.8155632444 0.753604037 0.3603702565 0.4297201742 0.7644323524 
72 3 2.2614184118 0.4242021757 1.6658352521 3.0239758056 0.7076037703 1.006839449 2.2344012585 
73 3 2.3882121136 2.436952523 0.4082493175 2.8583552589 -0.959416479 2.3586044404 -1.0611359828 
74 3 1.7451722922 2.4979206937 0.3030275594 0.2446780762 0.8550020607 0.0633166126 0.0718852565 
75 3 2.5395645162 5.030836776 1.1920496099 0.2265015459 2.3386378472 -0.7708365307 -0.4649679047 
76 3 2.1496731504 0.3222141741 3.350215121 0.9486653583 -0.1793367656 -0.3891179515 -1.0308777398 
77 3 1.8603021145 1.3508045498 1.8791570185 0.230762389 0.2656776818 -0.5578562141 -0.1360171014 
78 3 1.8746163506 0.7830492448 1.2941728485 1.4369643687 0.9990405412 -1.0119868063 -1.3413836314 
79 3 1.5497423673 1.0497729146 0.5158557379 0.8360727525 0.1505370956 0.2804148135 -0.5731578351 
80 3 2.1136267653 2.2019066131 1.0619286194 1.2035828705 -1.5178253417 -1.1975513509 0.7325130969 
81 3 1.3557363605 0.3440115348 0.9163981114 0.5776114329 -0.0402216287 0.4402511 -0.1652430842 
82 3 1.7521823446 0.7144766859 1.3263432431 1.0293230397 0.9731660542 0.8480158751 1.1593923853 
83 3 2.1814785771 0.4305229677 1.4640431153 2.8642826993 -0.6883304087 1.014091752 -2.0371576803 
84 3 1.8862032809 1.5202634808 1.4187905475 0.6187087884 1.1276003177 0.9693765833 0.7376656737 
85 3 2.2323804286 2.3081132713 2.5915792652 0.0838298413 -2.0846721195 -0.1204284495 0.3432023758 
86 3 1.9586315582 0.5891703946 2.7191484591 0.5279187271 1.1758377593 0.3438555613 0.3371301757 
87 3 1.8700577573 0.8682751754 0.3212436173 2.3075972228 0.4362711124 -0.8966240686 -0.0750380759 
88 3 1.4739564716 1.0583974929 1.105887675 0.0082625122 1.0382530896 0.0413647835 0.0646776994 
89 3 1.4696139783 0.7803538104 0.8425049033 0.5369065316 -0.7909795555 0.3892656654 -0.512751837 
90 3 1.8080027864 2.9351652206 0.1236556331 0.210053222 -0.0640736424 -0.4002156553 0.1466092492 
91 3 1.913014726 3.2082527769 0.1699425259 0.281430039 0.1435617944 0.0925281872 0.2176413529 
92 3 2.3788321903 0.2548139205 0.8172335915 4.5867950775 -0.405929042 -1.0799601009 1.679796358 
93 3 1.5038145191 0.5691350047 0.3615159871 1.3308071159 0.291361606 -0.1679911879 -0.6076103801 
94 3 1.232245085 0.0745885427 1.0392057996 0.4046336072 -0.1399533704 0.1426855779 0.0520607259 
95 3 2.1136835404 3.3620618525 0.1234519148 0.9821443418 0.601536824 -0.1325256392 -0.1480507619 
96 3 2.0417220209 2.1983513588 0.7774948613 1.1927825906 -0.7147769242 -0.7237640522 0.9566359738 
97 3 1.9597193241 0.7197730548 3.0127722822 0.1079544922 -0.645255334 -0.0809067303 -0.4180376464 
98 3 1.8245165221 1.0143154867 0.3378086718 1.9767363809 -0.4554097639 1.0957546034 -0.1668017111 
99 2 1.140232655 0.782033785 0.3710090352 0.1470876873 -0.5386479371 -0.3391571035 0.2336040688 
100 2 1.0856775935 0.0748964204 0.9766244307 0.1271749859 0.2704545692 -0.0975958565 -0.3524233224 
101 2 0.7096727224 0.3174349072 0.0294822412 0.1567182245 0.0967403354 0.2230422271 0.0679735573 
102 2 0.7015760355 0.3258549044 0.1661808501 1.7317906986e-04 -0.2327033413 -0.0075120736 0.0053646104 
103 2 1.2697194761 0.2023290614 0.1470503828 1.2628081039 0.1724893212 -0.5054728265 -0.430925069 
104 2 0.9017008993 0.0533836685 0.5063308818 0.2533499615 -0.1644074206 -0.1162959602 0.358160452 
105 2 0.4652626637 4.1019135915e-04 0.0536344953 0.1624246595 -0.0046904591 0.0081624256 -0.093335763 
106 2 0.7150408503 0.472043456 0.030936107 0.0083038546 -0.1208436463 0.0626081483 -0.0160277551 
107 2 1.5005341632 0.5838270634 0.2100315641 1.4577441474 -0.3501744012 -0.9225348149 0.5533283684 
108 2 1.1357599342 0.0337169085 0.3695686722 0.8866650474 -0.1116275643 0.1729034536 -0.5724365678 
109 2 1.6647052757 2.485120341 0.1140534542 0.1720698596 0.5323876023 -0.6539222492 -0.1400898349 
110 2 1.2905006969 0.3972679281 1.2571634099 0.0109607107 0.7067041129 0.0659874141 0.1173857079 
111 2 1.7374968887 1.6098056958 0.2197904931 1.1892992494 -0.5948276958 1.3836692905 -0.5112696632 
112 2 1.7323371663 0.0781130575 2.7328720846 0.1900069157 -0.4620313781 0.121827834 -0.7206001636 
113 2 1.4772510288 1.2621576725 0.3198358464 0.6002770833 0.6353607381 0.8704276686 0.4381667822 
114 2 1.5918275026 1.121018527 0.66637747 0.7465188012 0.8643040494 0.9148012937 0.7053107897 
115 2 0.5085776475 0.2240205446 0.0282154233 0.0064152557 0.0795036759 0.037909749 0.0134539642 
116 2 1.6782017899 0.8830246779 0.4868432127 1.4464933571 0.6556634587 -1.1301722571 -0.8391754722 
117 2 1.6764218641 1.3455310586 0.0024549246 1.4624042831 -0.0574732743 1.4027510054 -0.0599173782 
118 2 1.4025202983 1.118418964 0.2094279796 0.6392162435 -0.4839713049 0.8455244342 -0.3658821756 
119 2 1.4677310538 0.0486924012 1.1636699587 0.9418720863 -0.2380375695 -0.2141541816 1.0469136792 
120 2 1.4378405538 0.2314765598 1.3884794383 0.44742946 -0.5669219027 0.3218220505 -0.7881919851 
121 2 1.2123983141 1.1370229659 7.9617653915e-04 0.3320905296 -0.0300877219 0.6144872325 -0.016260464 
122 2 1.684264703 0.4233206343 1.9948286572 0.4185982983 -0.9189407666 0.4209528444 -0.9138007887 
123 2 0.6992360005 0.4724877627 0.016304086 1.3913571667e-04 0.087769477 -0.008108016 -0.0015061476 
124 2 0.4251287444 0.1457691887 1.5415652342e-05 0.0349498449 -0.0014990421 -0.0713765406 7.3401271038e-04 
125 2 0.4382909786 0.0247267899 0.1671596501 2.1254197145e-04 -0.0642909134 -0.0022924835 0.0059605739 
126 2 0.5042202822 0.014144289 0.007030647 0.233063157 0.0099721363 -0.057415265 -0.0404794365 
127 2 0.2459315823 0.0289134028 0.0249302566 0.0066386839 0.0268480642 -0.0138544917 -0.0128648394 
128 2 1.6527646623 0.479690483 0.7838703554 1.4680701905 -0.6132007415 -0.8391777516 1.0727426075 
129 2 1.5905910829 1.6289700893 0.0667370309 0.8342728729 0.3297159795 1.1657639368 0.2359595187 
130 2 1.5804865895 0.6215560363 1.8649639393 0.0114178838 1.0766520301 0.0842428312 0.145924438 
131 2 1.4758806965 1.5734506115 0.5257915056 0.0789817132 -0.9095641627 -0.3525249281 0.2037839883 
132 2 0.84324766 0.1935106823 0.1008238854 0.4167320484 -0.1396799873 0.2839755324 -0.2049793752 
133 2 1.1469529525 0.0706488791 0.7706177901 0.474234406 -0.2333308448 -0.183041332 0.6045274766 
134 2 0.9006828535 0.0026823275 0.4870015951 0.32154568 -0.0361427414 0.0293681939 -0.3957186615 
135 2 1.2346081244 0.9561383228 0.3814350166 0.1866838814 -0.6039078051 0.4224874119 -0.2668478394 
136 2 1.7225434993 0.0413017883 0.0722035998 2.8536507187 0.0546089534 -0.3433087208 -0.4539205378 
137 2 1.6934315649 0.2776952755 2.024009282 0.5660059075 0.7497051521 -0.3964557559 -1.0703276182 
138 2 1.2634690095 0.4132854503 0.8116107262 0.3714577615 -0.579160517 -0.3918138439 0.549071128 
139 2 1.6310616072 0.3233102291 0.3053687651 2.0316829724 0.3142114661 0.8104713982 0.7876626946 
140 2 1.3464849506 0.1027096392 1.6348419469 0.0754701359 -0.4097731404 -0.0880426626 0.3512573756 
141 2 0.9327362147 0.4304595125 0.3758568849 0.0636804488 0.4022327329 0.1655652589 0.1547085489 
142 2 1.6235562883 0.3564501397 0.2803591488 1.9991257329 0.316123485 0.844149659 0.7486475732 
143 2 1.4267995259 0.4708388963 0.7174100145 0.8475079761 -0.5811923429 0.6316959079 -0.7797504149 
144 2 1.4871518294 1.5129194018 0.633409541 0.0652916208 -0.978926751 0.3142943842 -0.2033625717 
145 2 0.7582322391 0.0025968066 0.456871727 0.1154475947 -0.0344442669 -0.0173145915 0.2296622346 
146 2 1.2584326646 0.361117122 1.0294321064 0.1931035429 0.6097094058 -0.2640700582 -0.445855343 
147 2 1.1076802761 0.263901906 0.8724896434 0.0905640447 -0.479845475 0.154596326 -0.2810981876 
148 2 1.3411729586 0.6928982344 0.4787068251 0.6271398453 -0.5759297821 0.659199584 -0.5479198155 
149 2 1.3957625816 0.3761922683 0.9174829774 0.6544779386 -0.5874946829 0.4961950628 -0.7749015213 
150 2 1.6781851637 2.4629888975 0.0408088732 0.3125076728 0.3170359627 0.8773271502 0.1129295621 
151 2 1.639451264 0.1756302605 0.1506652167 2.36150497 0.1626695154 -0.644012215 -0.5964869303 
152 2 1.2908890057 1.3834125843 0.2801390293 0.0028428116 -0.6225334195 -0.0627118921 0.0282202497 
153 2 1.5957137632 1.5656439368 0.8719730559 0.1086854215 -1.1684174459 -0.4125077832 0.3078485977 
154 2 1.3775464731 0.9351720149 0.293105651 0.6693566196 0.5235496178 -0.791178601 -0.4429358958 
155 2 1.2726602505 0.5104181942 0.1132102211 0.9960356979 0.2403841855 -0.7130180519 -0.3357996748 
156 2 1.7007148255 0.6154314637 2.2767189123 2.8054179802e-04 -1.1837079254 0.0131397964 -0.0252728079 
157 2 0.6036523463 0.1497033773 0.1553750999 0.059317678 0.1525128755 0.0942340529 0.0960025528 
158 2 1.4835935763 0.051647484 0.3983762143 1.7510262014 -0.143440333 0.3007259511 -0.8352048786 
159 2 0.8876427918 2.979884448e-05 0.4494158925 0.3384640344 0.0036595183 0.0031758207 0.3900142511 
160 2 1.0769454718 1.1468818819 0.0067628074 0.0061668601 -0.0880689574 -0.0840991086 0.006457963 
161 2 1.4373425563 1.6078134359 0.0834637024 0.374676486 0.3663250771 0.7761506866 0.1768385895 
162 2 1.0303601325 0.2106666565 0.8224060755 0.0285692706 0.416237358 0.0775795896 0.1532825552 
163 2 0.5095967676 0.0098329569 0.0738809651 0.1759749436 0.0269530768 -0.0415975245 -0.1140227989 
164 2 1.3668326203 0.1902713958 0.5557355441 1.1222244721 0.3251777632 -0.4620900526 -0.7897214874 
165 2 1.6004551934 0.0642085835 0.0346140472 2.4626341952 -0.0471435992 -0.3976458895 0.2919618747 
166 2 1.1552196292 0.230022518 0.8585512915 0.2459585822 -0.4443941155 -0.237857126 0.4595302584 
167 2 1.611258264 0.7042014521 0.005148565 1.8868031762 0.0602131794 -1.1526879614 -0.0985612949 
168 2 1.4799441823 0.1879725283 1.2150667096 0.7871955449 0.4779112485 0.3846701663 0.9780056751 
169 2 1.7493326634 0.1046150244 2.6547152107 0.3008345321 -0.5269943988 -0.1774029648 0.8936610142 
170 2 1.3590555967 0.5381341846 0.0047748625 1.3041230677 -0.0506904009 0.8377309853 -0.0789113955 
171 2 1.6266073043 1.1877261403 0.661614179 0.7965110033 -0.8864628899 0.9726443027 -0.7259359293 
172 2 1.6931786531 0.1200935891 2.701002422 0.0457579401 0.5695375976 -0.074129854 -0.3515569755 
173 2 1.543152882 1.6825489908 0.4911967519 0.2075750744 -0.909099884 0.5909781993 -0.3193120767 
174 2 1.3406524852 1.6076006141 0.0092586586 0.1804898134 0.1220009233 0.5386608718 0.0408790113 
175 2 1.7194982365 0.4191772626 0.6029144629 1.9345824597 0.5027206323 0.9005181729 1.0799943262 
176 2 1.3543086674 1.6844564292 5.6539146408e-04 0.149130146 -0.0308606106 0.5012017889 -0.0091824241 
177 2 1.5726591348 1.561641811 0.1892245354 0.7223904079 -0.5435999872 -1.0621276123 0.3697215023 
178 2 1.6609603899 0.1230829984 0.1615575748 2.4741488437 -0.1410141508 -0.5518384348 0.6322321464 
179 2 1.1526087829 0.6436933816 0.1286826502 0.5561309746 -0.2878057857 0.5983124833 -0.2675152475 
180 2 0.7684329903 0.3226454858 0.2488787853 0.0189649894 0.2833718698 0.0782238342 0.0687021363 
181 2 1.7106629874 0.0334746137 1.3869055105 1.5059877323 0.2154672278 -0.2245269642 -1.4452206353 
182 2 1.7007489543 1.27110047 1.1680689804 0.4533775552 1.2184962166 0.7591366303 0.7277199039 
183 2 1.3356642999 1.0084817688 0.7161936361 0.0593237172 0.8498636508 0.244595354 0.206124401 
184 2 1.5145149976 1.6548300724 0.0120155197 0.626910086 0.1410093731 1.0185429117 0.0867908433 
185 2 1.4070324468 1.8931894648 0.0214046196 0.0651462219 0.2013032545 -0.3511896083 -0.0373420687 
186 2 1.0001362803 0.7586348598 1.6305303711e-04 0.2414746663 -0.0111219476 0.4280082939 -0.006274805 
187 2 1.2203000517 1.0879131221 0.3502782178 0.0509408761 0.6173105131 -0.2354129298 -0.1335794868 
188 2 1.6252942408 1.6207930666 0.5109368248 0.5098514777 -0.910012562 0.9090455104 -0.5103938628 
189 2 1.3115372398 1.3159772818 0.4041256897 2.6959769684e-05 0.7292600542 0.0059563785 0.003300778 
190 2 1.6095110881 1.1377003323 1.1522305989 0.3005950115 1.1449424157 0.5847965838 0.5885191332 
191 2 1.4194720924 0.1495285266 0.7104997662 1.1548727283 0.3259447549 -0.4155555529 -0.9058348655 
192 2 0.9689546142 0.1677938563 0.5908793525 0.1801998354 -0.3148744594 0.1738862424 -0.3263071591 
193 2 1.0368805545 0.9670781139 0.103997171 0.0040459992 0.3171330762 -0.0625523565 -0.0205127393 
194 2 0.8716009333 0.5134792561 0.1099488823 0.1362600485 0.2376057034 0.2645122083 0.12239951 
195 2 1.6687230317 0.3280223211 1.3621879693 1.094426266 0.6684519874 -0.5991629528 -1.2209890633 
196 2 0.4382007624 0.1584448071 3.1194795156e-06 0.0335719816 7.0304006294e-04 0.0729335735 3.2361568083e-04 
197 2 1.3025875938 0.728569508 0.0697349346 0.8984299969 0.2254035204 0.8090542014 0.2503037297 
198 2 1.6585443069 1.7601815282 0.0069032857 0.9836844039 -0.1102317375 1.31585072 -0.0824054274 
199 2 1.25212118 1.0435296954 0.2376834019 0.286594352 0.4980257905 -0.5468726697 -0.2609956332 
200 2 1.2499156224 0.0364037117 0.8237990812 0.7020862701 0.1731743176 -0.1598704043 -0.7605116858 
201 2 0.862321271 0.5752225808 0.0015438876 0.166831506 -0.0298006548 -0.3097825841 0.0160489594 
202 2 0.3398812885 0.0688320693 0.0161041968 0.0305830241 -0.0332939212 -0.0458812907 0.0221926799 
203 2 1.0823529067 0.6533319609 0.5147607066 0.0033951472 0.5799220825 -0.0470973264 -0.0418053628 
204 2 1.6031883127 1.9310088081 0.0700221388 0.5691818191 0.3677137023 -1.0483773682 -0.1996379933 
205 2 1.4456935175 0.2654002292 0.9907764483 0.833853069 0.5127887445 -0.4704304365 -0.9089345312 
206 2 0.924184284 4.0014755541e-05 0.4991234601 0.354953116 -0.0044690383 0.0037687348 -0.4209102368 
207 2 1.6919903451 0.2245096578 0.2238357419 2.414485928 0.2241724466 0.7362577059 0.7351518545 
208 2 0.8911729373 0.0288311235 0.2088505411 0.5565075396 0.077597653 -0.1266678239 -0.3409206664 
209 2 0.7991501683 0.0387419685 0.0382284137 0.5616706093 -0.0384843345 -0.1475134742 0.1465325097 
210 1 0.0 0.0 0.0 0.0 0.0 0.0 0.0 
211 1 0.0 0.0 0.0 0.0 0.0 0.0 0.0 
212 1 0.0 0.0 0.0 0.0 0.0 0.0 0.0 
213 1 0.0 0.0 0.0 0.0 0.0 0.0 0.0 
214 1 0.0 0.0 0.0 0.0 0.0 0.0 0.0 
215 1 0.0 0.0 0.0 0.0 0.0 0.0 0.0 
216 1 0.0 0.0 0.0 0.0 0.0 0.0 0.0 
217 1 0.0 0.0 0.0 0.0 0.0 0.0 0.0 
218 1 0.0 0.0 0.0 0.0 0.0 0.0 0.0 
219 1 0.0 0.0 0.0 0.0 0.0 0.0 0.0 
220 1 0.0 0.0 0.0 0.0 0.0 0.0 0.0 
221 1 0.0 0.0 0.0 0.0 0.0 0.0 0.0 
222 1 0.0 0.0 0.0 0.0 0.0 0.0 0.0 
223 1 0.0 0.0 0.0 0.0 0.0 0.0 0.0 
224 1 0.0 0.0 0.0 0.0 0.0 0.0 0.0 
225 1 0.0 0.0 0.0 0.0 0.0 0.0 0.0 
226 1 0.0 0.0 0.0 0.0 0.0 0.0 0.0 
227 1 0.0 0.0 0.0 0.0 0.0 0.0 0.0 
228 1 0.0 0.0 0.0 0.0 0.0 0.0 0.0 
229 1 0.0 0.0 0.0 0.0 0.0 0.0 0.0 
230 1 0.0 0.0 0.0 0.0 0.0 0.0 0.0 
231 1 0.0 0.0 0.0 0.0 0.0 0.0 0.0 
232 1 0.0 0.0 0.0 0.0 0.0 0.0 0.0 
233 1 0.0 0.0 0.0 0.0 0.0 0.0 0.0 
234 1 0.0 0.0 0.0 0.0 0.0 0.0 0.0 
235 1 0.0 0.0 0.0 0.0 0.0 0.0 0.0 
236 1 0.0 0.0 0.0 0.0 0.0 0.0 0.0 
237 1 0.0 0.0 0.0 0.0 0.0 0.0 0.0 
238 1 0.0 0.0 0.0 0.0 0.0 0.0 0.0 
239 1 0.0 0.0 0.0 0.0 0.0 0.0 0.0 
240 1 0.0 0.0 0.0 0.0 0.0 0.0 0.0 
241 1 0.0 0.0 0.0 0.0 0.0 0.0 0.0 
242 1 0.0 0.0 0.0 0.0 0.0 0.0 0.0 
243 1 0.0 0.0 0.0 0.0 0.0 0.0 0.0 
244 1 0.0 0.0 0.0 0.0 0.0 0.0 0.0 
245 1 0.0 0.0 0.0 0.0 0.0 0.0 0.0 
246 1 0.0 0.0 0.0 0.0 0.0 0.0 0.0 
247 1 0.0 0.0 0.0 0.0 0.0 0.0 0.0 
248 1 0.0 0.0 0.0 0.0 0.0 0.0 0.0 
249 1 0.0 0.0 0.0 0.0 0.0 0.0 0.0 
250 1 0.0 0.0 0.0 0.0 0.0 0.0 0.0 
251 1 0.0 0.0 0.0 0.0 0.0 0.0 0.0 
252 1 0.0 0.0 0.0 0.0 0.0 0.0 0.0 
253 1 0.0 0.0 0.0 0.0 0.0 0.0 0.0 
254 1 0.0 0.0 0.0 0.0 0.0 0.0 0.0 
255 1 0.0 0.0 0.0 0.0 0.0 0.0 0.0 
256 1 0.0 0.0 0.0 0.0 0.0 0.0 0.0 
257 1 0.0 0.0 0.0 0.0 0.0 0.0 0.0 
258 1 0.0 0.0 0.0 0.0 0.0 0.0 0.0 
259 1 0.0 0.0 0.0 0.0 0.0 0.0 0.0 
260 1 0.0 0.0 0.0 0.0 0.0 0.0 0.0 
261 1 0.0 0.0 0.0 0.0 0.0 0.0 0.0 
262 1 0.0 0.0 0.0 0.0 0.0 0.0 0.0 
263 1 0.0 0.0 0.0 0.0 0.0 0.0 0.0 
264 1 0.0 0.0 0.0 0.0 0.0 0.0 0.0 
265 1 0.0 0.0 0.0 0.0 0.0 0.0 0.0 
266 1 0.0 0.0 0.0 0.0 0.0 0.0 0.0 
267 1 0.0 0.0 0.0 0.0 0.0 0.0 0.0 
268 1 0.0 0.0 0.0 0.0 0.0 0.0 0.0 
269 1 0.0 0.0 0.0 0.0 0.0 0.0 0.0 
270 1 0.0 0.0 0.0 0.0 0.0 0.0 0.0 
271 1 0.0 0.0 0.0 0.0 0.0 0.0 0.0 
272 1 0.0 0.0 0.0 0.0 0.0 0.0 0.0 
273 1 0.0 0.0 0.0 0.0 0.0 0.0 0.0 
274 1 0.0 0.0 0.0 0.0 0.0 0.0 0.0 
275 1 0.0 0.0 0.0 0.0 0.0 0.0 0.0 
276 1 0.0 0.0 0.0 0.0 0.0 0.0 0.0 
277 1 0.0 0.0 0.0 0.0 0.0 0.0 0.0 
278 1 0.0 0.0 0.0 0.0 0.0 0.0 0.0 
279 1 0.0 0.0 0.0 0.0 0.0 0.0 0.0 
280 1 0.0 0.0 0.0 0.0 0.0 0.0 0.0 
281 1 0.0 0.0 0.0 0.0 0.0 0.0 0.0 
282 1 0.0 0.0 0.0 0.0 0.0 0.0 0.0 
283 1 0.0 0.0 0.0 0.0 0.0 0.0 0.0 
284 1 0.0 0.0 0.0 0.0 0.0 0.0 0.0 
285 1 0.0 0.0 0.0 0.0 0.0 0.0 0.0 
286 1 0.0 0.0 0.0 0.0 0.0 0.0 0.0 
287 1 0.0 0.0 0.0 0.0 0.0 0.0 0.0 
288 1 0.0 0.0 0.0 0.0 0.0 0.0 0.0 
289 1 0.0 0.0 0.0 0.0 0.0 0.0 0.0 
290 1 0.0 0.0 0.0 0.0 0.0 0.0 0.0 
291 1 0.0 0.0 0.0 0.0 0.0 0.0 0.0 
292 1 0.0 0.0 0.0 0.0 0.0 0.0 0.0 
293 1 0.0 0.0 0.0 0.0 0.0 0.0 0.0 
294 1 0.0 0.0 0.0 0.0 0.0 0.0 0.0 
295 1 0.0 0.0 0.0 0.0 0.0 0.0 0.0 
296 1 0.0 0.0 0.0 0.0 0.0 0.0 0.0 
297 1 0.0 0.0 0.0 0.0 0.0 0.0 0.0 
298 1 0.0 0.0 0.0 0.0 0.0 0.0 0.0 
299 1 0.0 0.0 0.0 0.0 0.0 0.0 0.0 
300 1 0.0 0.0 0.0 0.0 0.0 0.0 0.0 
301 1 0.0 0.0 0.0 0.0 0.0 0.0 0.0 
302 1 0.0 0.0 0.0 0.0 0.0 0.0 0.0 
303 1 0.0 0.0 0.0 0.0 0.0 0.0 0.0 
304 1 0.0 0.0 0.0 0.0 0.0 0.0 0.0 
305 1 0.0 0.0 0.0 0.0 0.0 0.0 0.0 
306 1 0.0 0.0 0.0 0.0 0.0 0.0 0.0 
307 1 0.0 0.0 0.0 0.0 0.0 0.0 0.0 
308 1 0.0 0.0 0.0 0.0 0.0 0.0 0.0 
309 1 0.0 0.0 0.0 0.0 0.0 0.0 0.0 
310 1 0.0 0.0 0.0 0.0 0.0 0.0 0.0 
311 1 0.0 0.0 0.0 0.0 0.0 0.0 0.0 
312 1 0.0 0.0 0.0 0.0 0.0 0.0 0.0 
313 1 0.0 0.0 0.0 0.0 0.0 0.0 0.0 
314 1 0.0 0.0 0.0 0.0 0.0 0.0 0.0 
315 1 0.0 0.0 0.0 0.0 0.0 0.0 0.0 
316 1 0.0 0.0 0.0 0.0 0.0 0.0 0.0 
317 1 0.0 0.0 0.0 0.0 0.0 0.0 0.0 
318 1 0.0 0.0 0.0 0.0 0.0 0.0 0.0 
319 1 0.0 0.0 0.0 0.0 0.0 0.0 0.0 
320 1 0.0 0.0 0.0 0.0 0.0 0.0 0.0 
321 1 0.0 0.0 0.0 0.0 0.0 0.0 0.0 
322 1 0.0 0.0 0.0 0.0 0.0 0.0 0.0 
323 1 0.0 0.0 0.0 0.0 0.0 0.0 0.0 
324 1 0.0 0.0 0.0 0.0 0.0 0.0 0.0 
325 1 0.0 0.0 0.0 0.0 0.0 0.0 0.0 
326 1 0.0 0.0 0.0 0.0 0.0 0.0 0.0 
327 1 0.0 0.0 0.0 0.0 0.0 0.0 0.0 
328 1 0.0 0.0 0.0 0.0 0.0 0.0 0.0 
329 1 0.0 0.0 0.0 0.0 0.0 0.0 0.0 
330 1 0.0 0.0 0.0 0.0 0.0 0.0 0.0 
331 1 0.0 0.0 0.0 0.0 0.0 0.0 0.0 
332 1 0.0 0.0 0.0 0.0 0.0 0.0 0.0 
333 1 0.0 0.0 0.0 0.0 0.0 0.0 0.0 
334 1 0.0 0.0 0.0 0.0 0.0 0.0 0.0 
335 1 0.0 0.0 0.0 0.0 0.0 0.0 0.0 
336 1 0.0 0.0 0.0 0.0 0.0 0.0 0.0 
337 1 0.0 0.0 0.0 0.0 0.0 0.0 0.0 
338 1 0.0 0.0 0.0 0.0 0.0 0.0 0.0 
339 1 0.0 0.0 0.0 0.0 0.0 0.0 0.0 
340 1 0.0 0.0 0.0 0.0 0.0 0.0 0.0 
341 1 0.0 0.0 0.0 0.0 0.0 0.0 0.0 
342 1 0.0 0.0 0.0 0.0 0.0 0.0 0.0 
343 1 0.0 0.0 0.0 0.0 0.0 0.0 0.0 
344 1 0.0 0.0 0.0 0.0 0.0 0.0 0.0 
345 1 0.0 0.0 0.0 0.0 0.0 0.0 0.0 
346 1 0.0 0.0 0.0 0.0 0.0 0.0 0.0 
347 1 0.0 0.0 0.0 0.0 0.0 0.0 0.0 
348 1 0.0 0.0 0.0 0.0 0.0 0.0 0.0 
349 1 0.0 0.0 0.0 0.0 0.0 0.0 0.0 
350 1 0.0 0.0 0.0 0.0 0.0 0.0 0.0 
351 1 0.0 0.0 0.0 0.0 0.0 0.0 0.0 
352 1 0.0 0.0 0.0 0.0 0.0 0.0 0.0 
353 1 0.0 0.0 0.0 0.0 0.0 0.0 0.0 
354 1 0.0 0.0 0.0 0.0 0.0 0.0 0.0 
355 1 0.0 0.0 0.0 0.0 0.0 0.0 0.0 
356 1 0.0 0.0 0.0 0.0 0.0 0.0 0.0 
357 1 0.0 0.0 0.0 0.0 0.0 0.0 0.0 
358 1 0.0 0.0 0.0 0.0 0.0 0.0 0.0 
359 1 0.0 0.0 0.0 0.0 0.0 0.0 0.0 
360 1 0.0 0.0 0.0 0.0 0.0 0.0 0.0 
361 1 0.0 0.0 0.0 0.0 0.0 0.0 0.0 
362 1 0.0 0.0 0.0 0.0 0.0 0.0 0.0 
363 1 0.0 0.0 0.0 0.0 0.0 0.0 0.0 
364 1 0.0 0.0 0.0 0.0 0.0 0.0 0.0 
365 1 0.0 0.0 0.0 0.0 0.0 0.0 0.0 
366 1 0.0 0.0 0.0 0.0 0.0 0.0 0.0 
367 1 0.0 0.0 0.0 0.0 0.0 0.0 0.0 
368 1 0.0 0.0 0.0 0.0 0.0 0.0 0.0 
369 1 0.0 0.0 0.0 0.0 0.0 0.0 0.0 
370 1 0.0 0.0 0.0 0.0 0.0 0.0 0.0 
371 1 0.0 0.0 0.0 0.0 0.0 0.0 0.0 
372 1 0.0 0.0 0.0 0.0 0.0 0.0 0.0 
373 1 0.0 0.0 0.0 0.0 0.0 0.0 0.0 
374 1 0.0 0.0 0.0 0.0 0.0 0.0 0.0 
375 1 0.0 0.0 0.0 0.0 0.0 0.0 0.0 
376 1 0.0 0.0 0.0 0.0 0.0 0.0 0.0 
377 1 0.0 0.0 0.0 0.0 0.0 0.0 0.0 
378 1 0.0 0.0 0.0 0.0 0.0 0.0 0.0 
379 1 0.0 0.0 0.0 0.0 0.0 0.0 0.0 
380 1 0.0 0.0 0.0 0.0 0.0 0.0 0.0 
381 1 0.0 0.0 0.0 0.0 0.0 0.0 0.0 
382 1 0.0 0.0 0.0 0.0 0.0 0.0 0.0 
383 1 0.0 0.0 0.0 0.0 0.0 0.0 0.0 
384 1 0.0 0.0 0.0 0.0 0.0 0.0 0.0 
385 1 0.0 0.0 0.0 0.0 0.0 0.0 0.0 
386 1 0.0 0.0 0.0 0.0 0.0 0.0 0.0 
387 1 0.0 0.0 0.0 0.0 0.0 0.0 0.0 
388 1 0.0 0.0 0.0 0.0 0.0 0.0 0.0 
389 1 0.0 0.0 0.0 0.0 0.0 0.0 0.0 
390 1 0.0 0.0 0.0 0.0 0.0 0.0 0.0 
391 1 0.0 0.0 0.0 0.0 0.0 0.0 0.0 
392 1 0.0 0.0 0.0 0.0 0.0 0.0 0.0 
393 1 0.0 0.0 0.0 0.0 0.0 0.0 0.0 
394 1 0.0 0.0 0.0 0.0 0.0 0.0 0.0 
395 1 0.0 0.0 0.0 0.0 0.0 0.0 0.0 
396 1 0.0 0.0 0.0 0.0 0.0 0.0 0.0 
397 1 0.0 0.0 0.0 0.0 0.0 0.0 0.0 
398 1 0.0 0.0 0.0 0.0 0.0 0.0 0.0 
399 1 0.0 0.0 0.0 0.0 0.0 0.0 0.0 
400 1 0.0 0.0 0.0 0.0 0.0 0.0 0.0 
401 1 0.0 0.0 0.0 0.0 0.0 0.0 0.0 
402 1 0.0 0.0 0.0 0.0 0.0 0.0 0.0 
403 1 0.0 0.0 0.0 0.0 0.0 0.0 0.0 
404 1 0.0 0.0 0.0 0.0 0.0 0.0 0.0 
405 1 0.0 0.0 0.0 0.0 0.0 0.0 0.0 
406 1 0.0 0.0 0.0 0.0 0.0 0.0 0.0 
407 1 0.0 0.0 0.0 0.0 0.0 0.0 0.0 
408 1 0.0 0.0 0.0 0.0 0.0 0.0 0.0 
409 1 0.0 0.0 0.0 0.0 0.0 0.0 0.0 
410 1 0.0 0.0 0.0 0.0 0.0 0.0 0.0 
411 1 0.0 0.0 0.0 0.0 0.0 0.0 0.0 
412 1 0.0 0.0 0.0 0.0 0.0 0.0 0.0 
413 1 0.0 0.0 0.0 0.0 0.0 0.0 0.0 
414 1 0.0 0.0 0.0 0.0 0.0 0.0 0.0 
415 1 0.0 0.0 0.0 0.0 0.0 0.0 0.0 
416 1 0.0 0.0 0.0 0.0 0.0 0.0 0.0 
417 1 0.0 0.0 0.0 0.0 0.0 0.0 0.0 
418 1 0.0 0.0 0.0 0.0 0.0 0.0 0.0 
419 1 0.0 0.0 0.0 0.0 0.0 0.0 0.0 
420 1 0.0 0.0 0.0 0.0 0.0 0.0 0.0 
421 1 0.0 0.0 0.0 0.0 0.0 0.0 0.0 
422 1 0.0 0.0 0.0 0.0 0.0 0.0 0.0 
423 1 0.0 0.0 0.0 0.0 0.0 0.0 0.0 
424 1 0.0 0.0 0.0 0.0 0.0 0.0 0.0 
425 1 0.0 0.0 0.0 0.0 0.0 0.0 0.0 
426 1 0.0 0.0 0.0 0.0 0.0 0.0 0.0 
427 1 0.0 0.0 0.0 0.0 0.0 0.0 0.0 
428 1 0.0 0.0 0.0 0.0 0.0 0.0 0.0 
429 1 0.0 0.0 0.0 0.0 0.0 0.0 0.0 
430 1 0.0 0.0 0.0 0.0 0.0 0.0 0.0 
431 1 0.0 0.0 0.0 0.0 0.0 0.0 0.0 
432 1 0.0 0.0 0.0 0.0 0.0 0.0 0.0 
433 1 0.0 0.0 0.0 0.0 0.0 0.0 0.0 
434 1 0.0 0.0 0.0 0.0 0.0 0.0 0.0 
435 1 0.0 0.0 0.0 0.0 0.0 0.0 0.0 
436 1 0.0 0.0 0.0 0.0 0.0 0.0 0.0 
437 1 0.0 0.0 0.0 0.0 0.0 0.0 0.0 
438 1 0.0 0.0 0.0 0.0 0.0 0.0 0.0 
439 1 0.0 0.0 0.0 0.0 0.0 0.0 0.0 
440 1 0.0 0.0 0.0 0.0 0.0 0.0 0.0 
441 1 0.0 0.0 0.0 0.0 0.0 0.0 0.0 
442 1 0.0 0.0 0.0 0.0 0.0 0.0 0.0 
443 1 0.0 0.0 0.0 0.0 0.0 0.0 0.0 
444 1 0.0 0.0 0.0 0.0 0.0 0.0 0.0 
445 1 0.0 0.0 0.0 0.0 0.0 0.0 0.0 
446 1 0.0 0.0 0.0 0.0 0.0 0.0 0.0 
447 1 0.0 0.0 0.0 0.0 0.0 0.0 0.0 
448 1 0.0 0.0 0.0 0.0 0.0 0.0 0.0 
449 1 0.0 0.0 0.0 0.0 0.0 0.0 0.0 
450 1 0.0 0.0 0.0 0.0 0.0 0.0 0.0 
451 1 0.0 0.0 0.0 0.0 0.0 0.0 0.0 
452 1 0.0 0.0 0.0 0.0 0.0 0.0 0.0 
453 1 0.0 0.0 0.0 0.0 0.0 0.0 0.0 
454 1 0.0 0.0 0.0 0.0 0.0 0.0 0.0 
455 1 0.0 0.0 0.0 0.0 0.0 0.0 0.0 
456 1 0.0 0.0 0.0 0.0 0.0 0.0 0.0 
457 1 0.0 0.0 0.0 0.0 0.0 0.0 0.0 
458 1 0.0 0.0 0.0 0.0 0.0 0.0 0.0 
459 1 0.0 0.0 0.0 0.0 0.0 0.0 0.0 
460 1 0.0 0.0 0.0 0.0 0.0 0.0 0.0 
461 1 0.0 0.0 0.0 0.0 0.0 0.0 0.0 
462 1 0.0 0.0 0.0 0.0 0.0 0.0 0.0 
463 1 0.0 0.0 0.0 0.0 0.0 0.0 0.0 
464 1 0.0 0.0 0.0 0.0 0.0 0.0 0.0 
465 1 0.0 0.0 0.0 0.0 0.0 0.0 0.0 
466 1 0.0 0.0 0.0 0.0 0.0 0.0 0.0 
467 1 0.0 0.0 0.0 0.0 0.0 0.0 0.0 
468 1 0.0 0.0 0.0 0.0 0.0 0.0 0.0 
469 1 0.0 0.0 0.0 0.0 0.0 0.0 0.0 
470 1 0.0 0.0 0.0 0.0 0.0 0.0 0.0 
471 1 0.0 0.0 0.0 0.0 0.0 0.0 0.0 
472 1 0.0 0.0 0.0 0.0 0.0 0.0 0.0 
473 1 0.0 0.0 0.0 0.0 0.0 0.0 0.0 
474 1 0.0 0.0 0.0 0.0 0.0 0.0 0.0 
475 1 0.0 0.0 0.0 0.0 0.0 0.0 0.0 
476 1 0.0 0.0 0.0 0.0 0.0 0.0 0.0 
477 1 0.0 0.0 0.0 0.0 0.0 0.0 0.0 
478 1 0.0 0.0 0.0 0.0 0.0 0.0 0.0 
479 1 0.0 0.0 0.0 0.0 0.0 0.0 0.0 
480 1 0.0 0.0 0.0 0.0 0.0 0.0 0.0 
481 1 0.0 0.0 0.0 0.0 0.0 0.0 0.0 
482 1 0.0 0.0 0.0 0.0 0.0 0.0 0.0 
483 1 0.0 0.0 0.0 0.0 0.0 0.0 0.0 
484 1 0.0 0.0 0.0 0.0 0.0 0.0 0.0 
485 1 0.0 0.0 0.0 0.0 0.0 0.0 0.0 
486 1 0.0 0.0 0.0 0.0 0.0 0.0 0.0 
487 1 0.0 0.0 0.0 0.0 0.0 0.0 0.0 
488 1 0.0 0.0 0.0 0.0 0.0 0.0 0.0 
489 1 0.0 0.0 0.0 0.0 0.0 0.0 0.0 
490 1 0.0 0.0 0.0 0.0 0.0 0.0 0.0 
491 1 0.0 0.0 0.0 0.0 0.0 0.0 0.0 
492 1 0.0 0.0 0.0 0.0 0.0 0.0 0.0 
493 1 0.0 0.0 0.0 0.0 0.0 0.0 0.0 
494 1 0.0 0.0 0.0 0.0 0.0 0.0 0.0 
495 1 0.0 0.0 0.0 0.0 0.0 0.0 0.0 
496 1 0.0 0.0 0.0 0.0 0.0 0.0 0.0 
497 1 0.0 0.0 0.0 0.0 0.0 0.0 0.0 
498 1 0.0 0.0 0.0 0.0 0.0 0.0 0.0 
499 1 0.0 0.0 0.0 0.0 0.0 0.0 0.0 
500 1 0.0 0.0 0.0 0.0 0.0 0.0 0.0 
501 1 0.0 0.0 0.0 0.0 0.0 0.0 0.0 
502 1 0.0 0.0 0.0 0.0 0.0 0.0 0.0 
503 1 0.0 0.0 0.0 0.0 0.0 0.0 0.0 
504 1 0.0 0.0 0.0 0.0 0.0 0.0 0.0 
505 1 0.0 0.0 0.0 0.0 0.0 0.0 0.0 
506 1 0.0 0.0 0.0 0.0 0.0 0.0 0.0 
507 1 0.0 0.0 0.0 0.0 0.0 0.0 0.0 
508 1 0.0 0.0 0.0 0.0 0.0 0.0 0.0 
509 1 0.0 0.0 0.0 0.0 0.0 0.0 0.0 
510 1 0.0 0.0 0.0 0.0 0.0 0.0 0.0 
511 1 0.0 0.0 0.0 0.0 0.0 0.0 0.0 
512 1 0.0 0.0 0.0 0.0 0.0 0.0 0.0 
513 1 0.0 0.0 0.0 0.0 0.0 0.0 0.0 
514 1 0.0 0.0 0.0 0.0 0.0 0.0 0.0 
515 1 0.0 0.0 0.0 0.0 0.0 0.0 0.0 
516 1 0.0 0.0 0.0 0.0 0.0 0.0 0.0 
517 1 0.0 0.0 0.0 0.0 0.0 0.0 0.0 
518 1 0.0 0.0 0.0 0.0 0.0 0.0 0.0 
519 1 0.0 0.0 0.0 0.0 0.0 0.0 0.0 
520 1 0.0 0.0 0.0 0.0 0.0 0.0 0.0 
521 1 0.0 0.0 0.0 0.0 0.0 0.0 0.0 
522 1 0.0 0.0 0.0 0.0 0.0 0.0 0.0 
523 1 0.0 0.0 0.0 0.0 0.0 0.0 0.0 
524 1 0.0 0.0 0.0 0.0 0.0 0.0 0.0 
525 1 0.0 0.0 0.0 0.0 0.0 0.0 0.0 
526 1 0.0 0.0 0.0 0.0 0.0 0.0 0.0 
527 1 0.0 0.0 0.0 0.0 0.0 0.0 0.0 
528 1 0.0 0.0 0.0 0.0 0.0 0.0 0.0 
529 1 0.0 0.0 0.0 0.0 0.0 0.0 0.0 
530 1 0.0 0.0 0.0 0.0 0.0 0.0 0.0 
531 1 0.0 0.0 0.0 0.0 0.0 0.0 0.0 
532 1 0.0 0.0 0.0 0.0 0.0 0.0 0.0 
533 1 0.0 0.0 0.0 0.0 0.0 0.0 0.0 
534 1 0.0 0.0 0.0 0.0 0.0 0.0 0.0 
535 1 0.0 0.0 0.0 0.0 0.0 0.0 0.0 
536 1 0.0 0.0 0.0 0.0 0.0 0.0 0.0 
537 1 0.0 0.0 0.0 0.0 0.0 0.0 0.0 
538 1 0.0 0.0 0.0 0.0 0.0 0.0 0.0 
539 1 0.0 0.0 0.0 0.0 0.0 0.0 0.0 
540 1 0.0 0.0 0.0 0.0 0.0 0.0 0.0 
541 1 0.0 0.0 0.0 0.0 0.0 0.0 0.0 
542 1 0.0 0.0 0.0 0.0 0.0 0.0 0.0 
543 1 0.0 0.0 0.0 0.0 0.0 0.0 0.0 
544 1 0.0 0.0 0.0 0.0 0.0 0.0 0.0 
545 1 0.0 0.0 0.0 0.0 0.0 0.0 0.0 
546 1 0.0 0.0 0.0 0.0 0.0 0.0 0.0 
547 1 0.0 0.0 0.0 0.0 0.0 0.0 0.0 
548 1 0.0 0.0 0.0 0.0 0.0 0.0 0.0 
549 1 0.0 0.0 0.0 0.0 0.0 0.0 0.0 
550 1 0.0 0.0 0.0 0.0 0.0 0.0 0.0 
551 1 0.0 0.0 0.0 0.0 0.0 0.0 0.0 
552 1 0.0 0.0 0.0 0.0 0.0 0.0 0.0 
553 1 0.0 0.0 0.0 0.0 0.0 0.0 0.0 
554 1 0.0 0.0 0.0 0.0 0.0 0.0 0.0 
555 1 0.0 0.0 0.0 0.0 0.0 0.0 0.0 
556 1 0.0 0.0 0.0 0.0 0.0 0.0 0.0 
557 1 0.0 0.0 0.0 0.0 0.0 0.0 0.0 
558 1 0.0 0.0 0.0 0.0 0.0 0.0 0.0 
559 1 0.0 0.0 0.0 0.0 0.0 0.0 0.0 
560 1 0.0 0.0 0.0 0.0 0.0 0.0 0.0 
561 1 0.0 0.0 0.0 0.0 0.0 0.0 0.0 
562 1 0.0 0.0 0.0 0.0 0.0 0.0 0.0 
563 1 0.0 0.0 0.0 0.0 0.0 0.0 0.0 
564 1 0.0 0.0 0.0 0.0 0.0 0.0 0.0 
565 1 0.0 0.0 0.0 0.0 0.0 0.0 0.0 
566 1 0.0 0.0 0.0 0.0 0.0 0.0 0.0 
567 1 0.0 0.0 0.0 0.0 0.0 0.0 0.0 
568 1 0.0 0.0 0.0 0.0 0.0 0.0 0.0 
569 1 0.0 0.0 0.0 0.0 0.0 0.0 0.0 
570 1 0.0 0.0 0.0 0.0 0.0 0.0 0.0 
571 1 0.0 0.0 0.0 0.0 0.0 0.0 0.0 
572 1 0.0 0.0 0.0 0.0 0.0 0.0 0.0 
573 1 0.0 0.0 0.0 0.0 0.0 0.0 0.0 
574 1 0.0 0.0 0.0 0.0 0.0 0.0 0.0 
575 1 0.0 0.0 0.0 0.0 0.0 0.0 0.0 
576 1 0.0 0.0 0.0 0.0 0.0 0.0 0.0 
577 1 0.0 0.0 0.0 0.0 0.0 0.0 0.0 
578 1 0.0 0.0 0.0 0.0 0.0 0.0 0.0 
579 1 0.0 0.0 0.0 0.0 0.0 0.0 0.0 
580 1 0.0 0.0 0.0 0.0 0.0 0.0 0.0 
581 1 0.0 0.0 0.0 0.0 0.0 0.0 0.0 
582 1 0.0 0.0 0.0 0.0 0.0 0.0 0.0 
583 1 0.0 0.0 0.0 0.0 0.0 0.0 0.0 
584 1 0.0 0.0 0.0 0.0 0.0 0.0 0.0 
585 1 0.0 0.0 0.0 0.0 0.0 0.0 0.0 
586 1 0.0 0.0 0.0 0.0 0.0 0.0 0.0 
587 1 0.0 0.0 0.0 0.0 0.0 0.0 0.0 
588 1 0.0 0.0 0.0 0.0 0.0 0.0 0.0 
589 1 0.0 0.0 0.0 0.0 0.0 0.0 0.0 
590 1 0.0 0.0 0.0 0.0 0.0 0.0 0.0 
591 1 0.0 0.0 0.0 0.0 0.0 0.0 0.0 
592 1 0.0 0.0 0.0 0.0 0.0 0.0 0.0 
593 1 0.0 0.0 0.0 0.0 0.0 0.0 0.0 
594 1 0.0 0.0 0.0 0.0 0.0 0.0 0.0 
595 1 0.0 0.0 0.0 0.0 0.0 0.0 0.0 
596 1 0.0 0.0 0.0 0.0 0.0 0.0 0.0 
597 1 0.0 0.0 0.0 0.0 0.0 0.0 0.0 
598 1 0.0 0.0 0.0 0.0 0.0 0.0 0.0 
599 1 0.0 0.0 0.0 0.0 0.0 0.0 0.0 
600 1 0.0 0.0 0.0 0.0 0.0 0.0 0.0 
601 1 0.0 0.0 0.0 0.0 0.0 0.0 0.0 
602 1 0.0 0.0 0.0 0.0 0.0 0.0 0.0 
603 1 0.0 0.0 0.0 0.0 0.0 0.0 0.0 
604 1 0.0 0.0 0.0 0.0 0.0 0.0 0.0 
605 1 0.0 0.0 0.0 0.0 0.0 0.0 0.0 
606 1 0.0 0.0 0.0 0.0 0.0 0.0 0.0 
607 1 0.0 0.0 0.0 0.0 0.0 0.0 0.0 
608 1 0.0 0.0 0.0 0.0 0.0 0.0 0.0 
609 1 0.0 0.0 0.0 0.0 0.0 0.0 0.0 
610 1 0.0 0.0 0.0 0.0 0.0 0.0 0.0 
611 1 0.0 0.0 0.0 0.0 0.0 0.0 0.0 
612 1 0.0 0.0 0.0 0.0 0.0 0.0 0.0 
613 1 0.0 0.0 0.0 0.0 0.0 0.0 0.0 
614 1 0.0 0.0 0.0 0.0 0.0 0.0 0.0 
615 1 0.0 0.0 0.0 0.0 0.0 0.0 0.0 
616 1 0.0 0.0 0.0 0.0 0.0 0.0 0.0 
