# Cluster list (37 data points):
# "Cluster Identifier" "Cluster Size" "Radius of Gyration" "Gyration Tensor.XX" "Gyration Tensor.YY" "Gyration Tensor.ZZ" "Gyration Tensor.XY" "Gyration Tensor.XZ" "Gyration Tensor.YZ"
1 76 4.1022039995 6.6023089802 5.1908545319 5.0349141413 2.1796742223 -1.8330437466 -1.1697713794 
2 74 3.926396094 6.2728015671 4.4280031544 4.7157815654 0.5109819671 0.7455037997 0.9925813757 
3 70 3.9316229982 4.0866926996 6.8733809099 4.4975857903 0.2163586419 -0.2789316852 2.0466174277 
4 58 3.5554641889 5.0454289095 3.6543599928 3.9415366962 0.1443209546 -0.3254191066 -0.0011717254 
5 53 3.4608617897 4.1582126501 3.7808187718 4.0385329053 0.1411487251 0.2021102563 0.4575376487 
6 47 3.3587810957 3.5785574515 4.6339183678 3.0689346292 0.4707753211 0.3116026534 -0.1144959781 
7 43 3.3198124965 5.1054490005 3.1087761593 2.8069298523 0.6834558544 0.4198939944 0.4817092214 
8 43 3.3407015684 4.1274703615 4.4477569265 2.5850596813 -1.5540485532 -0.1726721974 0.3294436074 
9 39 3.1376797664 3.1056712504 3.6563451161 3.0830179498 0.6173897934 -0.3854332465 -0.5954101282 
10 36 3.097416232 2.838118548 3.9314192079 2.8244495581 -0.3157157166 0.2714426633 -0.922064397 
11 31 2.9138945263 2.1849386942 2.9057618951 3.4000807212 -0.5387632351 -0.1834177436 -0.1213484334 
12 31 2.9883830664 4.0432976777 2.0701484614 2.8169872124 -0.0255710618 -1.0273243584 0.0528572673 
13 31 2.9427720085 3.6230395026 2.1563434617 2.8805241298 0.1987518688 -0.2107443824 0.1402708267 
14 28 2.8092506136 2.5124024416 2.207621777 3.1718647916 0.4438991699 0.4501871768 0.1596525447 
15 27 2.8132867302 2.2277431077 2.195103195 3.4917359237 -0.0757932016 -0.7334918486 -0.4293914869 
16 23 2.6222583799 2.1410258173 2.742140924 1.9930722699 -0.0439050196 0.1979747005 -0.0667325553 
17 21 2.584207337 2.561700689 1.6644421287 2.4519847427 0.4739216684 0.0390705014 0.1259800046 
18 20 2.4956317754 1.9799359629 2.4590323227 1.7892096729 -0.2307212256 -0.267715443 -0.1659079956 
19 20 2.6678588941 1.5830486177 2.7017600574 2.832662404 0.1014003958 0.330978944 0.3730713093 
20 20 2.4968234699 2.4660352056 2.2830997543 1.4849924799 -0.4932360593 0.244215926 -0.0453578797 
21 18 2.4594067336 1.6379642971 1.9215931369 2.489124047 0.4881773454 0.3446958174 0.1964593986 
22 17 2.3949956592 2.2744771034 1.9106270429 1.5509000614 0.4205085131 0.0260441793 0.4937752957 
23 16 2.3123164199 1.8404617026 1.8279035486 1.6784419747 -0.5755313458 0.3005837547 -0.1080958377 
24 15 2.2737323607 1.4290554828 1.9028790029 1.8379243626 -0.2790576433 -0.1544547961 0.5784720734 
25 15 2.2528118298 2.0043654608 1.4916875702 1.5791081094 0.363934861 0.3226663656 0.1224431222 
26 14 2.1777316093 1.5199761552 1.3058700165 1.9166687902 -0.0378537806 0.298561228 -0.1120686394 
27 14 2.1792494175 1.56742846 1.426549977 1.7551495868 -0.1957961718 -0.308014434 0.1932684129 
28 14 2.1783539494 1.4607818645 1.9318096301 1.3526344345 -0.1998338235 0.0417971217 -0.0866518854 
29 13 2.0685817952 1.4639219304 1.4470308143 1.3680778988 -0.0052406186 -0.0185050085 -0.0105694645 
30 13 2.0614830803 1.4075775921 1.4131600286 1.4289748696 -0.0199867695 -0.0152900276 0.0323247735 
31 12 2.0645977519 1.4566814903 1.2884423293 1.5174400577 -0.2269860923 -0.0223391321 -0.1451300486 
32 12 2.050081291 1.320952087 1.4225411677 1.459340045 0.1306513464 -0.1335098622 0.1263709064 
33 11 2.0195983028 1.3450397014 1.6550886327 1.0786489706 -0.1223390494 -0.2169573084 -0.0827584876 
34 7 1.7484272217 1.2507212792 1.0023998054 0.803876665 -0.1332494536 -0.1804133857 -0.4249018663 
35 7 1.7254110994 0.9143624475 1.0893903357 0.9732906788 -0.2436081186 -0.3560514007 -0.1943652041 
36 6 1.6133154361 0.8919107246 0.7754523652 0.9354236066 -0.057833739 -0.0614120933 -0.0365595772 
37 5 1.5433849431 0.6427018982 1.2342146142 0.5051205704 0.2765991139 0.0335599564 0.1021037471 
