# Cluster list (44 data points):
# "Cluster Identifier" "Cluster Size" "Radius of Gyration" "Gyration Tensor.XX" "Gyration Tensor.YY" "Gyration Tensor.ZZ" "Gyration Tensor.XY" "Gyration Tensor.XZ" "Gyration Tensor.YZ"
1 76 4.114813713 7.7704308809 4.2682613752 4.8929996368 1.724800987 -1.9362021426 -0.6990549675 
2 74 3.926507187 5.8738142382 5.7640951403 3.7795493114 0.9978707219 0.1071418421 0.7172718066 
3 58 3.5696043813 5.0544927267 3.8274549225 3.86012779 0.3311973424 -0.0651582305 -0.0136658465 
4 53 3.4602690067 4.1783421434 3.9619909455 3.83312851 0.3485485121 -0.0518385146 0.2899770656 
5 47 3.3892822576 2.6931731042 4.170093662 4.6239674555 0.5600942254 -0.3927117929 0.542843766 
6 47 3.3356907384 4.089852232 3.7145095833 3.3224708871 0.3288371543 0.7994993364 0.264119884 
7 39 3.1425468974 2.7325746759 4.3713333391 2.7716929871 -0.0605453826 -0.0083553804 -0.2507263452 
8 36 3.1017493702 2.9789153899 3.8181071403 2.8238266253 0.848940132 -0.1354511629 -0.7094674592 
9 33 3.0307718925 2.6143351979 4.2444867931 2.3267562732 -0.4263589226 0.1106209855 0.0813607871 
10 31 2.9379381702 2.1337937403 3.1421416285 3.3555453233 0.3057997278 -0.4937413068 -0.0236770414 
11 31 2.9003640332 3.0458891136 2.5053116495 2.860910762 -0.2422387864 0.6090510095 -0.3365491801 
12 31 2.9384151207 3.6982765693 2.4058927575 2.5301140946 0.0313424765 -0.1351970574 0.3960154542 
13 28 2.8222606022 1.9894457594 2.7205053333 3.2552038139 -0.1536311995 -0.2875466757 0.2919194034 
14 27 2.8038090415 2.2118914775 2.7087522453 2.9407014185 0.1918657424 0.5891288661 0.8630424036 
15 23 2.6888324812 3.0357543152 2.5995670674 1.5944987293 -0.397654978 -0.2098802715 -0.2164992956 
16 23 2.6132800684 1.9888088667 2.6525952095 2.1878286399 -0.1871496841 0.1815587574 0.0246156557 
17 21 2.5550679161 2.5128444136 2.1164273027 1.8991003397 0.5270724122 -0.0583830432 -0.2279181609 
18 21 2.5825978921 2.6575475646 1.9053109255 2.106953382 0.3313512347 0.3365775778 -0.3312416187 
19 20 2.5086431484 2.0749113731 2.2394743057 1.9789047673 -0.1262696715 0.5058541372 -0.0658399238 
20 20 2.4876754358 2.4103167874 2.0750872098 1.7031250767 -0.2817478081 -0.5053659327 0.2464148746 
21 17 2.3942480594 1.9890631797 2.5476386115 1.1957219787 0.0417133455 0.0609619413 0.0463235991 
22 16 2.3017696493 1.7787115343 2.0441494643 1.47528252 0.3073795555 -0.3218815504 -0.3123918222 
23 15 2.2470165947 1.5248560562 1.925368441 1.5988590797 -0.35375727 0.2942125966 -0.3926738943 
24 15 2.2454188831 1.4255879383 1.6808323822 1.9354856399 -0.0871129927 0.0515994074 -0.5420931107 
25 15 2.2566886731 1.4868036544 2.3000121823 1.3058279308 0.2038608012 0.0702385645 -0.1130430746 
26 14 2.168412091 1.3502363471 1.6090022354 1.7427724139 0.0788079667 -0.123877774 -0.3896097649 
27 14 2.1806603127 1.9056743385 1.463938378 1.3856666829 -0.2718420074 0.1945053255 -0.0751949047 
28 14 2.1869348329 1.8788866257 1.3595871443 1.5442101936 -0.0662221585 -0.3400711252 0.0480639189 
29 13 2.0789255769 1.4451035463 1.4822853383 1.3945426697 0.0020239903 0.0064240362 0.0091502563 
30 13 2.0810511767 1.4996496929 1.3914940922 1.439630215 0.0083660266 0.0088672073 -0.0437376197 
31 12 2.0600326759 1.5499303804 1.1261398546 1.5676643907 -0.0226408757 0.0504720123 -0.0444471797 
32 12 2.0409824048 1.5309315423 1.4631738325 1.1715038018 -0.030156509 -0.0354173826 -0.1126179483 
33 11 2.0698673296 1.5209204473 1.9192512668 0.844179048 -0.0963499915 -0.1209936502 0.0524310882 
34 11 2.0226399546 1.5422847993 1.4828164183 1.0659711683 -0.0778943114 0.0078868677 0.2498550009 
35 10 1.9936579196 1.4750255275 0.8691156875 1.6305306855 -0.3722236577 -0.0234315612 0.0652899681 
36 10 1.9647735979 1.4328530468 0.8331918929 1.5942903515 -0.2602041452 -0.0696085536 -0.1516955642 
37 9 1.8946748245 0.9425534411 1.3177073018 1.3295319475 -0.1641560876 0.1203841642 0.0193250844 
38 8 1.7868488994 0.8947110647 0.8710336843 1.4270842405 -0.0106547977 0.1954519865 0.0629985413 
39 7 1.7563251007 1.2886135434 0.5602194073 1.2358449086 0.0563288823 -0.0364324723 -0.32062338 
40 7 1.7379174784 1.3161429708 0.5218954487 1.1823187423 -0.0771603327 0.0040291176 -0.3026937005 
41 6 1.5976365701 0.8312791622 0.8745000914 0.8466633567 -0.0136852987 -0.0295164577 0.0170337184 
42 5 1.5651049104 1.1906808395 0.6277444646 0.6311280764 0.2126442181 0.2692846527 0.0551626133 
43 4 1.3739040817 0.6012245371 0.6466863296 0.6397015589 -0.0021233183 -0.0212428515 -0.0569918993 
44 3 1.4406300169 1.1726013114 0.4225374864 0.4802760478 0.4484435082 0.1633141506 -0.2764487564 
