# Cluster list (39 data points):
# "Cluster Identifier" "Cluster Size" "Radius of Gyration" "Gyration Tensor.XX" "Gyration Tensor.YY" "Gyration Tensor.ZZ" "Gyration Tensor.XY" "Gyration Tensor.XZ" "Gyration Tensor.YZ"
1 76 4.1036567029 5.8472304127 5.5951279125 5.3976400102 2.0719761472 -1.8492544262 -1.4913554493 
2 74 3.930649769 6.5017000826 4.5070661163 4.4412414078 0.7075991724 0.4156928484 0.9045630608 
3 70 3.9254053886 4.3353873839 7.316954275 3.7564658062 -0.6413357904 -0.5115967184 1.4175748148 
4 58 3.5607521148 4.9593531669 3.8427675728 3.8768348831 0.3351784636 -0.2254437344 -0.004128788 
5 53 3.4606444436 4.0987389836 4.0503733134 3.8269476682 0.1922116984 -0.0959736658 0.4688416555 
6 47 3.3464954426 3.7312741163 4.1325758467 3.3351817843 0.5789934741 0.6428485097 0.1681510994 
7 43 3.3041022056 4.2515606785 4.1677253234 2.497805383 1.0837597435 -0.0282679283 0.146909754 
8 39 3.1391781196 2.7315503039 4.273425698 2.8494632644 0.0322777764 -0.022213306 -0.5355977683 
9 36 3.1003430823 2.5918910764 3.2649660636 3.7552700882 0.1874890011 0.1400520168 -1.0334948046 
10 33 3.0235939364 2.5764085648 4.0368385453 2.5288731819 -0.6076960012 0.0345474944 0.2555115091 
11 31 2.9250696306 2.0852676338 2.9777061945 3.4930585154 -0.4331872916 -0.2295134047 -0.1164776955 
12 31 2.9881006256 4.178962315 2.0679836021 2.6817994314 0.2783300287 -0.9144225099 -0.0599587302 
13 31 2.9482188166 3.4824873984 2.4146511726 2.7948556195 0.579131012 -0.2698888001 0.2408970921 
14 28 2.8181212149 2.4602173645 2.280996392 3.2005934253 0.2640610788 0.5073835638 -0.1947167555 
15 27 2.8090537485 2.2589704702 2.1284449631 3.5033675285 -0.4222906581 -0.5354400079 0.5052278088 
16 23 2.6102553559 2.1213031824 2.7103676705 1.9817621699 0.067080163 0.1698003971 0.0178281203 
17 21 2.5816711649 2.4337705839 1.837278842 2.393976578 0.6120684159 0.0511278883 0.1360670725 
18 20 2.5027985831 1.8838633508 2.5566852713 1.8234521256 0.035925059 -0.3366933004 0.1231301336 
19 20 2.4823239285 2.7456836741 1.9119069839 1.5043414281 -0.2338084956 -0.1891882939 0.1772587882 
20 18 2.4711308542 2.2629931275 1.5345640486 2.3089305223 0.0829180854 0.4590050547 -0.5148325276 
21 17 2.3827152808 2.3318138093 1.4442932016 1.9012250984 0.3099196324 0.175178713 0.3437451131 
22 16 2.3106908294 1.7099806151 1.8057207709 1.823590723 -0.4549368043 0.1222335154 -0.346290319 
23 15 2.2661538455 1.3671069034 2.1276706952 1.6406756529 -0.2291186342 -0.057442795 0.4832817906 
24 15 2.2475993951 2.0498941449 1.698363266 1.3034456299 0.4909670025 -0.0640363319 -0.137728363 
25 14 2.190815883 1.4204428256 2.0200134374 1.3592179702 -0.1894794749 -0.0670856271 0.0943257124 
26 14 2.167475678 1.3888186572 1.7136229359 1.5955092215 -0.1121983978 0.0947760773 -0.3590795041 
27 14 2.1697842031 1.8517838858 1.4922720389 1.3639075633 -0.3281622909 -0.0547715282 0.045034774 
28 13 2.0637768809 1.4145776528 1.3983258876 1.4462714738 -0.0287407422 -9.5183707625e-04 0.0214123456 
29 13 2.0810545399 1.4297619741 1.4547990035 1.4462270204 0.007513948 0.0138803605 0.0108443304 
30 12 2.0579943233 1.2055749219 1.5137065141 1.5160591988 -0.0530792305 0.150464695 -0.0012186361 
31 12 2.0556134726 1.2116356087 1.5036573715 1.5102537685 0.1820043535 -0.0444533153 -0.015372573 
32 11 2.0213522429 1.5928732179 1.0383326302 1.4546590418 -0.1696881288 0.0412561335 -0.2106543608 
33 11 2.0284818163 1.7245789327 1.1467834007 1.2433761458 0.0013766646 -0.0756527664 -0.2117754104 
34 10 1.9923011506 1.0155042753 1.2872409602 1.6665186392 -0.3686869355 -0.0337613523 0.0104337572 
35 9 1.8831997288 1.3742685194 0.8707419827 1.3014307164 0.0165855289 0.0178318696 0.105668006 
36 7 1.725787182 0.6752054279 1.2158538476 1.0872821222 0.1744847447 -0.2856881582 0.0872268255 
37 7 1.7328486162 0.7776396209 0.9478334985 1.2772912074 -0.3780268379 -0.1342881779 -0.112719469 
38 6 1.585067643 0.8802875062 0.7898390922 0.8423128346 0.0573501121 -0.0320524301 0.0063147978 
39 5 1.556796799 0.5435535451 1.1856146164 0.6944481118 0.0231862681 -0.1482620913 -0.239165629 
