# Cluster list (49 data points):
# "Cluster Identifier" "Cluster Size" "Radius of Gyration" "Gyration Tensor.XX" "Gyration Tensor.YY" "Gyration Tensor.ZZ" "Gyration Tensor.XY" "Gyration Tensor.XZ" "Gyration Tensor.YZ"
1 76 4.1419765192 8.0043538785 3.5979272394 5.5536883678 1.0859149947 -2.2993373864 -0.6827614156 
2 53 3.4833722457 3.88877313 4.1303374337 4.1147716382 0.1471587399 -0.0775038658 0.5606944989 
3 53 3.4818675024 4.5560277911 3.3911092033 4.1762643099 -0.5828090967 -0.7118137687 0.378494391 
4 47 3.3993858344 4.1239919826 4.0032842342 3.4285478342 0.8195266638 0.8967699513 0.5091616831 
5 40 3.1639064922 3.9231151445 2.8126683434 3.2745208034 -0.0344110504 0.4229884 0.1444123512 
6 40 3.178739945 3.0549073084 3.6188209241 3.4306594052 0.4330040451 -0.7010606173 -0.2008853057 
7 39 3.1407958273 2.8881071814 4.1389144293 2.8375768182 -0.5573787965 0.1834134016 -0.3625188519 
8 36 3.0946616516 3.4718178546 2.4884167783 3.6166961049 0.4211253657 -0.8393490479 -0.443533751 
9 33 3.022491983 3.0071926967 3.4979310029 2.6303340876 -0.6681406995 0.5124944696 -0.4985702075 
10 31 2.9219495215 2.3849721828 2.6885779998 3.4642388236 0.6038861402 0.0796129785 -0.1353395881 
11 31 2.9016153122 2.6125395228 3.3734443361 2.4333875613 -0.3125741416 0.1957894811 -0.4465840177 
12 28 2.8140052798 1.9814202535 2.5323731564 3.4048323048 0.1004204246 -0.3103691529 0.1316046468 
13 27 2.8193371609 2.806574796 3.3144542507 1.8276329799 0.8792204419 -0.3563333462 -0.3210131234 
14 23 2.6049649738 1.9875648088 2.71104761 2.0872300956 -0.02688931 0.190857649 0.0738466006 
15 23 2.6819635018 3.0748201066 2.5772878257 1.5408202924 -0.3224080846 -0.1933368935 0.1085719223 
16 22 2.6071211848 2.7165181676 2.1505990804 1.929963624 -0.0026660008 -0.1667539698 0.1319154247 
17 21 2.5536639669 1.9746291679 2.5032307635 2.0433397243 0.4690187481 -0.4847689601 -0.0742293093 
18 21 2.5819618031 2.5874637672 2.4211205029 1.6579424823 0.2430251913 0.0618559509 -0.3807767805 
19 21 2.5565001469 1.8116316737 2.6956037616 2.0284575659 -0.3288893152 0.0397483437 0.2887534075 
20 20 2.4848438184 1.9565895926 1.8223816119 2.3954775975 0.0385233046 0.6694680773 -0.1882660653 
21 18 2.4013184032 2.4946673025 1.6437361693 1.6279266015 0.2177020092 0.1312022209 0.0711350314 
22 17 2.4070702913 1.8136113279 1.9843679046 1.9960081548 -0.0476729124 0.6928708265 -0.2175866837 
23 16 2.2754509923 1.9272407811 1.6004744678 1.6499619697 0.007545971 -0.0678416464 -0.0464097107 
24 15 2.2459828119 1.5573912827 1.7858117195 1.7012357893 -0.3379358561 0.2440980934 -0.3523321944 
25 15 2.2516745628 1.3717461835 1.4148950455 2.2833971075 -0.0870694914 -0.0053113031 0.2759998237 
26 15 2.2403533111 1.6810905017 1.6075976168 1.7304948401 0.3007793368 -0.2757200138 -0.3736379717 
27 14 2.1805331601 2.0717655595 1.35139429 1.331565013 -0.0436426192 -0.1131948261 0.0325970273 
28 14 2.1737698453 1.7807105039 1.6005715448 1.3439932917 -0.3586136198 -0.1011882551 0.0875781333 
29 14 2.1782660667 1.4275157938 1.6763398483 1.6409874151 0.2948504233 0.1283902825 0.2882068978 
30 13 2.066813038 1.4449289337 1.4442717592 1.3825154411 0.0049331845 0.0080925834 0.0117928291 
31 13 2.089255697 1.4504654671 1.4685531035 1.445970797 -0.0101532322 0.0092792291 0.0266583039 
32 13 2.0623467725 1.393680329 1.4234972445 1.4360966365 -0.0184811605 0.0214230138 0.0535564735 
33 12 2.0294289813 1.4087996237 1.3043073259 1.4054750406 0.162728895 -0.0918822607 0.1176589162 
34 12 2.08351337 1.3007549868 1.5468344135 1.4934385625 -0.0553327075 -0.2210410453 -0.0557966477 
35 11 2.0199367221 1.1407536992 1.6650225116 1.2743681506 0.0144454463 0.2228176983 0.060280539 
36 11 2.1010006965 1.8618446824 1.3073626508 1.2449965936 -0.2048088124 0.4791200962 0.2141613684 
37 10 1.9857821349 1.5466637746 1.302234814 1.0944320987 -0.0655684678 0.0959633953 0.4533074221 
38 10 1.9918084783 1.5865127019 1.5662913508 0.8144969616 0.0861448749 0.0991072397 -0.2484812945 
39 9 1.9189645329 0.7131067286 1.5070590259 1.4622591241 -0.2907434381 -0.0056989285 0.1980354796 
40 9 1.882715986 1.2347623259 1.0534223601 1.2564347979 -0.1040367955 -0.1159452585 -0.1361634824 
41 8 1.8063144191 1.2228902238 0.8254398282 1.2144417285 0.0093338301 -0.379055289 -0.0595387174 
42 7 1.718990538 1.1684432926 0.5814319888 1.2050531882 -0.3933160889 0.0096017091 0.0863983989 
43 7 1.7567620065 1.2773187125 0.7821362424 1.0267577927 0.2461046334 0.0952873647 -0.3451849642 
44 7 1.7420523154 0.4982069304 1.3188886354 1.2176507039 -0.1577443709 0.2369825404 0.1050648622 
45 7 1.7410228768 1.2251818842 1.0958078198 0.7101709535 -0.1102380516 0.2122081784 0.3714181474 
46 6 1.6194488697 0.8896303884 0.8233367812 0.9096474721 -0.0177132515 -0.0156220221 0.0342750597 
47 5 1.5242893742 0.7222710385 0.7122623529 0.888924705 -0.1637859135 -0.2214544763 0.2494193479 
48 4 1.3888977541 0.7006445716 0.6075523606 0.6208400393 -0.03466382 0.047693834 -0.0623920633 
49 3 1.3161909723 0.411312215 0.7005699628 0.6204764976 -0.3419950859 0.2491272377 0.2349492203 
