# Cluster list (65 data points):
# "Cluster Identifier" "Cluster Size" "Radius of Gyration" "Gyration Tensor.XX" "Gyration Tensor.YY" "Gyration Tensor.ZZ" "Gyration Tensor.XY" "Gyration Tensor.XZ" "Gyration Tensor.YZ"
1 53 4.7702218647 3.244537694 14.2045046956 5.3059742488 -2.1758430978 0.4213286177 4.3830368136 
2 53 3.4857948089 4.4007337056 3.546435391 4.2035963534 -0.7190081684 -0.7179055268 0.3906271128 
3 40 3.1697989283 4.1693337375 2.9413509272 2.9369405814 -0.1783239234 -0.0574070333 0.0523184722 
4 39 3.1767030658 2.584918982 3.4178186368 4.0887047493 -0.0344852226 0.0958714845 0.8960758246 
5 37 3.0757372256 3.4857004019 3.065664332 2.9087947469 0.6574097927 -0.2393947173 -0.0209247925 
6 35 3.0401187836 2.7497699896 2.410470532 4.0820816965 -0.1446636881 -0.0222933348 -0.3934052194 
7 33 3.0202054241 4.0123745032 2.8622278599 2.2470384408 -0.6868073562 -0.1847057505 0.0997872447 
8 31 2.8975338077 3.3396786333 2.5288358826 2.5271876511 -0.2906644878 0.4037926337 -0.235626013 
9 28 2.7902237503 2.3944923046 2.9559414956 2.4349147763 4.0025566451e-04 0.0501757433 -0.1050923945 
10 28 2.8172374122 2.4358210228 2.1494629752 3.3515426388 0.2224903581 -0.289808988 0.3386961211 
11 27 2.8277655581 2.6054256794 3.306108577 2.0847237954 0.9120035057 -0.1608925503 0.2145103675 
12 23 2.6202381442 2.4921382841 2.266959922 2.1065497262 -0.1580262176 0.1368946216 -0.2909523225 
13 23 2.6217680642 2.7254172452 1.9526886032 2.195561934 -0.0196838108 -0.0292467745 0.1595416342 
14 23 2.8036427471 3.9208025146 2.5305657621 1.4090443768 1.2290420257 -0.1630253677 0.1069461795 
15 22 2.585388879 1.683852915 2.5368726195 2.4635101213 0.2226028651 -0.4822750516 -0.1247002498 
16 22 2.6066450405 2.5559348744 1.9422145509 2.2964489417 0.1200402162 -0.3171495228 0.0710447274 
17 21 2.5493398974 1.519052571 2.9138083326 2.0662730088 -0.097720543 -0.2146121017 0.1393190717 
18 21 2.579654393 1.626498004 2.3772018714 2.6509169121 -0.1561800371 0.3787661845 0.1789499863 
19 21 2.5564794974 2.0908741203 2.0322341442 2.4124791563 0.3249419038 -0.242543944 -0.4391656177 
20 20 2.4960376382 2.1168868607 2.4562865352 1.6570304954 -0.5241672966 -0.3307793872 0.0735438698 
21 20 2.4846591314 2.2066695326 1.5712517872 2.3956096796 0.0329118046 0.4823370429 -0.3387229892 
22 18 2.387198198 1.5546070208 2.3269168552 1.8171913603 0.005216937 0.0087516532 -0.4333190287 
23 18 2.3921705726 2.303687391 1.8162010562 1.6025916011 -0.3980974565 0.0347862609 -0.0301663756 
24 17 2.3982342079 2.1137496365 1.7364832171 1.9012944621 -0.2265201918 0.1267112042 -0.6381506751 
25 16 2.2999491344 1.8382641323 1.6413666001 1.8101352886 0.0031786535 -0.1390468057 0.072681043 
26 16 2.420858533 1.5124083283 1.5194735521 2.8286741566 0.5521126118 -0.3697632902 0.2585354576 
27 15 2.2422892009 1.4338705422 1.429887612 2.1641027063 0.0097578332 -0.4111477083 -0.0385497978 
28 14 2.186755731 1.7231208593 1.6518334345 1.4069463334 0.3624348237 -0.1915821166 -0.1470580686 
29 14 2.2250870227 2.1394536235 1.296549783 1.5150088519 0.0286672935 0.4260418172 0.0721303289 
30 14 2.1767631339 1.2950808527 2.0633268931 1.3798899954 -0.0034664386 -0.0309647803 -0.0721008938 
31 14 2.1795697323 1.3272318213 1.6631965537 1.7600958429 -0.0241732924 -0.0181999847 0.3949185567 
32 14 2.1856387893 1.8788741443 1.5203616553 1.3777811179 -0.3004145162 0.1643094499 -0.1102803693 
33 13 2.0750576978 1.3966305994 1.5316884558 1.377545394 -0.0330499313 0.014679808 0.0283372499 
34 13 2.0846336366 1.4348332909 1.4684286557 1.4424354522 0.0327737518 -0.0629527315 -0.0415892272 
35 12 2.0581643086 1.588436979 1.3222363716 1.3253669704 -0.0320133529 0.0187882888 0.1917691091 
36 12 2.0627315884 1.6032161878 1.4321338168 1.219511601 -0.0489977045 0.1072712429 0.1056331429 
37 11 2.1464461591 1.06070632 1.7129819953 1.8335427987 0.0129139122 -0.0495670129 0.1496521442 
38 11 2.0363419111 1.3780171089 1.4779291147 1.2907421554 -0.2015594128 0.1808716611 0.2445609695 
39 10 1.9852669525 1.4581824117 1.1234581187 1.3596443424 -0.2954999826 0.2389039286 0.3512934251 
40 10 1.988362884 1.5609865404 0.7399780385 1.6526223796 -0.2177819276 -0.0163587316 0.0342090914 
41 9 1.9362086911 1.3535397621 1.4436536313 0.951710702 0.1057919834 -0.1548822519 -0.5582264721 
42 9 1.9307713913 1.0835862351 1.4443719634 1.1999199671 -0.6298957409 -0.0744779789 -0.2121169795 
43 9 1.8877715744 1.012225764 1.2963455572 1.2551101959 -0.0210005959 0.2606159138 0.0746373777 
44 8 1.8455144228 0.7610979781 1.0327309075 1.612094599 -0.0308613929 0.2333133985 -0.2801082306 
45 8 1.7946982058 0.8406716198 1.3669227207 1.0133473094 0.1084968844 -0.0474427343 -0.2814087081 
46 8 1.8008427238 0.8122005084 1.304389478 1.1264445296 0.0819234752 0.0162558907 0.3268364625 
47 7 1.7203867614 0.898509713 1.251668494 0.8095524016 -0.1043058147 0.4040622284 0.121811026 
48 7 1.8749110923 1.1353812702 1.0201776301 1.3597327036 0.3215868883 -0.5308402497 -0.3345551575 
49 7 1.7435430566 1.0659590839 0.8764528817 1.0975304245 -0.218578059 -0.2341298975 -0.2965312869 
50 7 1.7354948743 1.2066603569 0.9373031255 0.8679789763 -0.0962984758 -0.1454600437 -0.4603184303 
51 6 1.5858409805 0.8575812545 0.7820903611 0.8752199997 -0.0146385102 -5.3962423534e-04 0.0028281372 
52 5 1.6045891941 0.8199917848 0.8485871684 0.9061275286 -0.0386001643 0.4412330998 -0.1273679783 
53 4 1.4267341059 0.7236675069 0.6444828241 0.6674198778 0.0719996549 0.0036804718 0.0449463943 
54 4 1.4097952747 0.6605675421 0.7001511962 0.6268039781 -0.0655665216 0.0800534015 -0.0405930995 
55 4 1.4031508061 0.7160504447 0.568919484 0.6838622561 0.0628162875 0.0247065978 0.1069799108 
56 3 1.3105601243 0.2435587864 0.8580915008 0.6159175522 -0.0676673165 0.3840525468 -0.0135916389 
57 3 1.3173039525 0.9133317736 0.8064237345 0.0155341951 0.0112698955 0.0969998692 0.0661491121 
58 2 1.156973509 1.0966102887 0.1397180921 0.1022593196 0.3914285342 0.3348710528 0.1195302348 
59 2 1.2331203396 0.005063112 3.4727339903e-04 1.5151753865 0.0013260031 -0.087587115 -0.0229386161 
60 1 0.0 0.0 0.0 0.0 0.0 0.0 0.0 
61 1 0.0 0.0 0.0 0.0 0.0 0.0 0.0 
62 1 0.0 0.0 0.0 0.0 0.0 0.0 0.0 
63 1 0.0 0.0 0.0 0.0 0.0 0.0 0.0 
64 1 0.0 0.0 0.0 0.0 0.0 0.0 0.0 
65 1 0.0 0.0 0.0 0.0 0.0 0.0 0.0 
