# Cluster list (41 data points):
# "Cluster Identifier" "Cluster Size" "Radius of Gyration" "Gyration Tensor.XX" "Gyration Tensor.YY" "Gyration Tensor.ZZ" "Gyration Tensor.XY" "Gyration Tensor.XZ" "Gyration Tensor.YZ"
1 76 4.0958279562 6.764334078 5.0510155107 4.960457058 2.1511091077 -1.7969212336 -1.0182523372 
2 74 3.9312626231 6.0304860613 5.0323058538 4.392033897 0.9441464668 0.2698858773 1.0720638613 
3 70 4.4533735908 3.9126985501 11.99373937 3.9260984194 -1.9552243919 -0.8827598807 2.6434941911 
4 58 3.5590786689 5.0513723329 3.7298689814 3.8857996573 0.2056340569 -0.0847576078 -0.0135426422 
5 53 3.4597223831 4.1196532528 3.9068336552 3.9431920603 0.2663969928 0.0012168773 0.3779199845 
6 47 3.3418857847 3.9382522028 3.899084108 3.330864287 0.5227591537 0.7062211914 0.11235694 
7 39 3.1331402068 2.7939869702 4.224147839 2.7984327464 0.4602791179 -0.093012502 -0.3263158394 
8 36 3.0885489863 2.6896302047 3.99113145 2.8583731863 0.2284648935 -0.0087666339 -1.0123873703 
9 33 3.0248301219 2.750684204 3.7872527317 2.6116603309 -0.6160902185 0.3311665904 -0.4730715266 
10 31 2.9248565695 2.1682487171 3.2135741657 3.172963069 0.1260267618 -0.6185949533 -0.026786082 
11 31 2.9000846295 3.3644066134 2.3603553877 2.6857288569 0.0878427272 0.5261108714 -0.1420690499 
12 31 3.3342091054 7.1204355463 1.7540866272 2.2424281853 0.2816987392 -0.3870724435 0.0135292549 
13 31 2.9443050555 3.7452020714 2.234428766 2.6893014224 0.2428502039 0.0567506745 0.4253556296 
14 28 2.8170165936 2.0304844968 2.4998136114 3.4052843803 0.0375821071 0.4095142067 -0.1773898104 
15 27 2.8095895045 1.9864844304 2.6631816546 3.2441270989 -0.1167505282 0.3651713555 0.9632924446 
16 23 2.6033735574 1.9258450391 2.5525634687 2.2991453718 -0.1078040255 0.1220609586 0.1150796075 
17 21 2.5711087905 2.6533473613 2.1960932354 1.761159816 0.2130352748 0.0173742699 -0.4235752669 
18 20 2.4994423526 1.6244819131 2.4544648396 2.1682653212 -0.0667553095 -0.2561480227 -0.1661251949 
19 20 2.49335017 2.2613051246 1.8422427223 2.1132472235 -0.1771941809 0.6975089031 0.0613583276 
20 18 2.4581648017 2.0851872929 1.6702861415 2.2871007579 0.144307913 0.1617517846 -0.657475831 
21 17 2.4046644847 1.9600085813 2.5765887306 1.245813972 0.0895368096 -0.1725593127 -0.2041081313 
22 16 2.3138262617 1.3509107101 2.2982830215 1.7045982377 0.1790914571 0.2104133464 0.3523489302 
23 15 2.2526678185 1.3351913816 2.1984129329 1.540907986 -0.1222589809 0.1166207372 -0.3976936627 
24 15 2.2246766914 1.4726330892 1.9639251527 1.5126281395 0.2941408711 0.2223931449 0.2573148984 
25 14 2.1759912724 1.553169378 1.5046122205 1.6771564189 -0.1896526078 0.2001326651 -0.2280303664 
26 14 2.1755967318 1.484315689 1.5315231701 1.7173822801 -0.1919723457 -0.1980909945 0.3295023419 
27 14 2.1656215053 1.9565879937 1.3230398495 1.4102886612 0.1095273531 -0.2176755216 -0.0819262785 
28 13 2.0751469707 1.3791979311 1.4526913214 1.4743456974 -0.0241473688 0.0038207514 -0.0045696949 
29 13 2.0734692996 1.4233794877 1.45129642 1.4245990287 -7.7421485634e-04 -0.006817118 -0.0073249692 
30 12 2.0612893012 1.6178025653 1.2626984856 1.3684125323 0.0050404621 -0.0048232844 -0.2099516975 
31 12 2.0490513323 1.5413602674 1.38517542 1.272075675 -0.0147635211 -0.0259766998 -0.1699895478 
32 11 2.04472484 1.4730010828 1.3833076694 1.3245909192 -0.2181733153 -0.012316737 -0.3386785969 
33 11 2.0430855899 1.5650703657 1.4663428472 1.1427855145 -0.3231508171 -0.1338282109 -0.1983431161 
34 10 1.9698505214 1.5845239985 0.7204307126 1.5753563654 -0.0436672245 -0.0030421359 0.0990090855 
35 9 1.8963423867 1.3927083446 1.3100602389 0.8933458643 0.0028183134 -0.1220885882 -0.0629287763 
36 8 1.8080769565 0.8974032417 1.3513198964 1.0204191426 0.1396315206 -0.1165414585 -0.2766626861 
37 7 1.7404258386 0.6615134259 1.0639022466 1.3036664272 -0.3922386111 0.1007996157 0.0271871124 
38 7 1.7409810548 1.2862288312 1.0988486808 0.6459375211 -0.0249382773 -0.1520637955 0.3056018552 
39 6 1.6047470715 0.8559655984 0.9073955404 0.8118520247 -0.0311700271 0.0035360217 -0.0259033351 
40 5 1.5503413397 0.5361996487 0.5245444012 1.3428142197 -0.0283508763 -0.1163113836 -0.2047428472 
41 4 1.4000973243 0.6262934097 0.6785241343 0.6554549734 -0.0414210807 0.0362867874 -0.0528503581 
