# Cluster list (39 data points):
# "Cluster Identifier" "Cluster Size" "Radius of Gyration" "Gyration Tensor.XX" "Gyration Tensor.YY" "Gyration Tensor.ZZ" "Gyration Tensor.XY" "Gyration Tensor.XZ" "Gyration Tensor.YZ"
1 76 4.1061429731 6.6778290882 4.7997774818 5.3828035458 1.9197938171 -2.1577474273 -1.0893646159 
2 74 3.9210911542 6.1065318922 5.0365853701 4.2318385774 0.9584964716 0.2664392347 1.0357593864 
3 70 3.9159457466 4.6177376341 7.2680343151 3.4488591411 -1.0212986775 -0.5624815876 0.4929729398 
4 58 3.564058811 5.0234826751 3.8072001912 3.8718323421 0.3946749805 -0.2073416493 0.0156634114 
5 53 3.4546796393 4.2666855185 3.9407015145 3.7274243775 0.271212424 -0.0020425497 0.3491269456 
6 47 3.3485967589 4.1757769913 3.7440631245 3.2932601378 0.509304338 0.7307746932 0.0317886157 
7 43 3.3863895984 4.040516405 4.8578698731 2.5692482341 1.5815021694 0.1578224392 0.1163931134 
8 39 3.1525913924 2.866454165 4.3067332887 2.7656450337 0.4501052628 -0.0826004307 -0.1753781746 
9 36 3.095488487 2.6343282489 4.0405634577 2.9071572667 0.1588414515 0.0224483531 -0.9898631144 
10 33 3.0091172818 2.9387679564 3.6811075322 2.4349113269 -0.8173875413 0.0262317596 0.1819149135 
11 31 2.9213738436 2.0196142508 3.1160439591 3.398766924 -0.0227814905 -0.4594755434 -0.0201700047 
12 31 2.9959403297 3.9325872758 2.0567132559 2.9863579272 0.2822801638 -1.1022571405 -0.1363196982 
13 31 2.9363727734 3.3769926749 2.6085065963 2.6367857935 0.6336107354 -0.0416761662 0.3555766169 
14 28 2.8208630301 2.1261552786 2.4172739556 3.4138390005 0.2230131265 0.4449143735 -0.0261256916 
15 27 2.8257141592 2.2166753468 2.4324709682 3.3355141942 -0.3477506008 -0.1270052146 0.9788560785 
16 23 2.6259834202 1.982421487 2.6969178603 2.2164495761 0.0398022286 0.1532568285 0.0745702284 
17 21 2.5817194836 2.5784990996 1.8185786251 2.2681977671 0.4205137847 0.2301068775 -0.247890224 
18 20 2.5001728273 1.60207955 2.3796651483 2.2691194679 0.2080456655 -0.2582668335 -0.1346771963 
19 20 2.4850384129 2.7342536915 1.894781145 1.5463810771 0.2864737557 -0.3091614339 0.1090290247 
20 18 2.4581979705 2.2458361462 1.8624727778 1.9344283382 -0.0754839723 0.3154068899 -0.6576535012 
21 17 2.3918044249 2.2180081842 2.0852769493 1.4174432735 0.4041347025 -0.3568155462 0.1606788404 
22 16 2.316976857 1.3079743046 2.3424113268 1.7179961243 -0.2750072161 -0.0726435494 0.2930483797 
23 15 2.2425277752 1.3953351229 2.2101619956 1.4234337038 -0.2698399068 0.0176263802 0.1720692072 
24 15 2.2588693146 2.1966743323 1.5030286931 1.4027875552 0.2559502595 0.3381846724 0.0521053994 
25 14 2.1893563239 1.3155042389 1.5257078096 1.9520690643 9.9056568153e-05 -0.0790407781 0.309620447 
26 14 2.1770871794 1.3350778092 1.6485556254 1.7560751522 -0.061428103 0.0192476776 -0.3737435952 
27 14 2.190008605 2.0759840685 1.3560841568 1.3640694646 -0.1248933517 0.1472858399 -0.0882480183 
28 13 2.0749868496 1.4335133079 1.4550547045 1.4170024138 0.0385107812 -0.0010244614 -0.0054872599 
29 13 2.0628477634 1.4606196369 1.3649218571 1.4297994009 -0.020645026 0.0319106604 -0.0286906445 
30 12 2.1426495902 1.4090774943 1.5023646319 1.6795051402 -0.0039785458 0.0951349586 0.0665689254 
31 12 2.0519206294 1.4799468368 1.2735289928 1.4569024399 -0.1648921194 -0.0573077723 -0.12993295 
32 11 2.0446374445 1.4346244069 1.7048514877 1.0410663848 -0.1892891255 -0.2818738585 -0.0600517406 
33 11 2.0296757305 1.6464267682 1.3509992097 1.122157593 -0.0128279048 0.1359379879 -0.2161681793 
34 10 1.9981044788 1.6368358697 0.845100819 1.5104848193 0.0917468221 -0.0026045651 -0.3383189909 
35 9 1.9015918202 1.0277330436 1.3194003702 1.268918037 0.1463660469 -0.1431023231 0.0784216708 
36 7 1.7411283707 0.5977461899 1.1422161933 1.2915656201 0.2948063434 -0.0856094877 -0.0445610413 
37 7 1.7595121276 1.3199525833 1.2630235452 0.5129067987 0.0442722634 -0.179177155 0.2086937909 
38 6 1.5805216313 0.8143770425 0.8467334471 0.8369381375 -0.0344235117 -0.0346975868 -0.0028530771 
39 5 1.5544540532 0.5426163694 0.8267965643 1.0469144699 -0.1075390572 0.1613299513 -0.3331282628 
