# Cluster list (47 data points):
# "Cluster Identifier" "Cluster Size" "Radius of Gyration" "Gyration Tensor.XX" "Gyration Tensor.YY" "Gyration Tensor.ZZ" "Gyration Tensor.XY" "Gyration Tensor.XZ" "Gyration Tensor.YZ"
1 76 4.0961031017 7.7474380029 4.547161037 4.4834615797 2.0730154554 -1.3733777499 -0.6797380882 
2 58 3.6027589711 5.1408892566 3.6979999411 4.1409830065 -0.4416293332 -0.2664885354 0.0308203743 
3 53 3.4820776038 3.8375409645 4.0148585468 4.2724649275 0.2149690642 -0.0579992584 0.5323982695 
4 53 3.4923419106 4.6707397495 3.6996844399 3.826027831 -0.7644542235 -0.4516237899 0.4620556547 
5 47 3.3374573819 4.1819994041 3.7224348109 3.2341875613 0.2856753787 0.7674045664 0.3037826773 
6 40 3.1811210575 2.8487958831 3.8461412883 3.4245940112 0.5428391223 -0.5142224757 -0.1963503508 
7 39 3.1371371078 3.0229848077 4.0778326072 2.7408118184 -0.6095713655 0.0577269174 -0.0969602179 
8 36 3.0977531146 3.3264193219 2.9809672395 3.2886877977 0.8111265918 -0.5292962657 -0.7298231199 
9 33 3.0228759066 3.048015923 3.5136608077 2.576102016 -0.7586094018 0.4279934071 -0.3695883632 
10 31 2.9306031301 2.1463512849 2.9798047045 3.4622787165 0.4746360416 0.2361591738 -0.2671424596 
11 31 2.8956127133 3.0240760529 2.9675790469 2.3929178854 -0.5301850339 0.3047506794 -0.3420581438 
12 28 2.8105041908 2.3192004553 2.5761517544 3.0035815969 0.0199046456 -0.6833284482 0.066038612 
13 27 2.8213350905 3.1342286651 2.8442274478 1.9814755799 0.76960753 0.5069139619 0.4180997277 
14 23 2.6594152263 3.1014576975 2.4694984003 1.5015332483 -0.2779370064 -0.0195104018 -0.145935511 
15 23 2.6208977991 2.0172551451 2.6543361341 2.1975139939 0.0331272273 0.2121402229 -0.1357535457 
16 22 2.6036591478 2.721806502 2.0891040742 1.9681303817 -0.0738722222 -0.1791174161 0.2163062554 
17 21 2.5491633499 2.3419763613 2.003369331 2.1528880921 0.6094195223 -0.299429775 0.0355244984 
18 21 2.5566359595 1.6798716582 2.9519095891 1.9046061824 -0.0524975486 0.0991064566 -0.0435083458 
19 21 2.5826952634 2.8207257948 2.345650824 1.5039382046 0.0278540828 -0.0124912003 -0.2049201949 
20 20 2.5018962416 1.7876030865 2.23662155 2.2352601671 -0.4193718954 0.0742386872 -0.1717977986 
21 20 2.4808474351 2.4765197161 1.9619877463 1.7160965339 -0.1438643161 0.5719442018 -0.0787853679 
22 17 2.3935216975 2.0208064451 2.0911544943 1.6169851771 -0.2132047138 0.5672391867 -0.1584024683 
23 16 2.3137915933 1.3571694045 2.3726553638 1.6238067688 0.1491188237 -0.240664769 -0.2770103517 
24 15 2.2576753561 1.7725860417 1.8968901989 1.4276217728 -0.4248277426 0.2365236355 -0.2957945185 
25 15 2.245059058 1.4270921771 1.3398389883 2.2733590087 -0.0294673784 0.1470549095 0.0806367122 
26 15 2.2406636253 1.4161670799 2.3366767846 1.2677296171 0.1400248463 -0.0250440275 -0.1513380529 
27 14 2.1873327408 2.095427339 1.3980266387 1.2909705413 -0.0598937096 0.0148096632 0.0060811828 
28 14 2.1864015704 1.8867784162 1.3290875511 1.5644858596 0.165491743 0.3508083477 0.1182556505 
29 14 2.1902604208 1.7568909885 1.6744492749 1.3659004477 -0.3876390871 0.133094479 -0.135291085 
30 13 2.0711529573 1.4296399035 1.4385715554 1.4214631137 0.0239466455 0.0332089006 0.0027519536 
31 13 2.0769997106 1.4434280139 1.4326278572 1.4378719268 -0.0404393327 0.0090263613 0.0133141027 
32 12 2.0819429765 1.4892732264 1.1948098592 1.6504034718 -0.0276456153 -0.0516066599 0.0845328775 
33 12 2.0537693727 1.2727872051 1.4419349139 1.5032465171 0.1834127848 0.0559534854 -0.0344462576 
34 11 2.0844082551 1.6363244776 1.2896153829 1.4188179134 -0.5473320812 0.0390658863 -0.1648238573 
35 11 2.0277173569 1.5895669693 1.0343755311 1.4876951793 -0.0856104786 0.0978983842 -0.1520534758 
36 10 1.9714195852 1.5947659432 1.3926546318 0.8990746059 -0.0109292269 0.0723102647 0.3575194073 
37 10 1.9836815663 1.4573252086 1.4384597356 1.0392076125 0.1361510624 -0.3852750768 0.2656286886 
38 9 1.9279646429 1.4240268974 0.7596204842 1.5334002827 -0.060411101 -0.2477716739 0.4372803482 
39 9 1.8761226428 1.3042964475 0.8639995945 1.3515401287 -0.1523380584 0.0343629654 -0.0672662329 
40 8 1.8060294801 1.2245007902 0.9442099147 1.093031778 -0.1598784889 -0.4049781803 0.1192674001 
41 7 1.7323542421 1.1055563593 0.5784189392 1.3170759216 0.2741029319 -0.0150538952 0.0930721487 
42 7 1.7415911195 0.5769389497 1.160117709 1.296082969 -0.1923230568 -0.2541473867 -0.0567978873 
43 7 1.7367213518 0.911809699 1.2150426438 0.8893487111 -0.1255448333 0.3924121077 0.1032571273 
44 6 1.597294278 0.8796466901 0.8700463917 0.8016559288 0.0232883161 0.0296886798 -0.0054773856 
45 5 1.5563516784 1.1311227984 0.541641632 0.7494661164 0.0805336414 0.403238067 0.0329391703 
46 4 1.4052730718 0.6041739642 0.6159475169 0.7546709254 -0.0770225505 -0.0591428792 0.0270072476 
47 3 1.3371641686 0.6151419574 0.4482212457 0.7246448108 -0.3074041356 -0.2078995324 -0.3351764513 
