# Cluster list (90 data points):
# "Cluster Identifier" "Cluster Size" "Radius of Gyration" "Gyration Tensor.XX" "Gyration Tensor.YY" "Gyration Tensor.ZZ" "Gyration Tensor.XY" "Gyration Tensor.XZ" "Gyration Tensor.YZ"
1 53 3.489788537 4.5370534079 3.3664607937 4.2751098316 -0.4666474141 -0.7976026821 0.0471034232 
2 40 3.1739199091 3.9075496242 3.0254201187 3.1407978462 -0.2218388485 0.4686915522 -0.0275247449 
3 38 3.1429730348 2.664959808 3.0653256818 4.1479940074 -0.1338052177 -0.117149665 0.658763742 
4 37 3.0627565236 3.4429754499 2.832887277 3.104614796 0.3280685515 -0.3474181907 0.1098129402 
5 35 3.0918101003 2.5610087803 2.3862680403 4.6120128759 0.2191430048 -0.1589121205 -0.2691760789 
6 33 4.7992415117 14.9639461403 2.9132475826 5.155525365 -3.5991178924 0.3121389121 0.2478978597 
7 32 3.2762986135 3.0195275873 2.3984844967 5.3161205207 -0.2763971952 1.808909069 -1.1571565587 
8 31 2.9056266144 2.9085404431 3.2600025426 2.2741230366 -0.5744145341 0.1405168598 -0.2256194197 
9 28 2.865267981 3.1686731647 2.360412601 2.6806748373 -0.6941324734 -0.2795593014 -0.0816534071 
10 27 2.7967949892 2.4245386689 2.8003129205 2.597210622 0.1442502091 -0.0213854352 0.6728446344 
11 23 2.6239279294 2.3553043669 2.4151149883 2.1145784234 -0.3424628576 -0.0215358132 -0.2747628947 
12 23 2.621514261 2.374532773 2.2424335182 2.2553707293 0.2650591993 -0.3404973196 0.0462752903 
13 21 2.582653599 1.7496191101 2.4389175052 2.481562997 -0.517448618 0.0497189018 0.2665956793 
14 21 2.5629179769 2.6166408621 1.9932959136 1.9586117808 -0.0615979644 -0.2886908524 0.2674329593 
15 21 2.560347599 1.9208382216 2.6932817819 1.9412598242 -0.491662792 -0.2252013976 -0.2911341973 
16 21 2.5525978553 2.2733683812 2.2191345015 2.0232529284 0.6089959748 0.1405051711 0.0506577409 
17 20 2.5083908227 2.2471003426 2.2585115782 1.7864125987 -0.3164166937 -0.5605871412 0.3040604572 
18 20 2.5387223546 2.4325089617 1.5885079427 2.4240942894 0.4019422381 0.889398663 0.3562054508 
19 20 2.5185878548 1.746396776 2.2885170903 2.3083709163 -0.429253452 0.0960036852 -0.5975187011 
20 20 2.490394202 2.4744369251 1.7691196698 1.9585066863 -0.2769225556 0.3437714457 -0.4227160144 
21 20 2.4954648117 2.7509671051 1.8582383013 1.61813922 0.0086155988 -0.4269489178 -0.1329045179 
22 17 2.3909081624 1.9773436113 2.1898315534 1.5492666764 -0.1576379935 0.41633885 -0.4647638698 
23 17 2.3549444551 1.6449743093 2.1897388344 1.7110502431 -0.2179484293 -0.268556008 0.2985681151 
24 16 2.4235821598 0.9780023632 2.0378564878 2.8578916345 -0.1077555488 0.3581971645 -0.0485276916 
25 14 2.1718297087 1.6743392132 1.674147483 1.3683575872 -0.3507454457 0.14750281 -0.1429170534 
26 14 2.1991417807 1.4377533319 1.6548800097 1.7435912301 -0.1422175131 -0.1828536411 0.3711026194 
27 14 2.1796812439 1.2828182491 1.4899147344 1.9782773414 -0.0381760201 0.0641451173 -0.3996142924 
28 14 2.1798852682 2.0718479639 1.3492854831 1.3307663355 0.0862512288 -0.097716999 -0.0234238213 
29 14 2.1959293991 1.6271065903 1.8695681907 1.3254311447 0.3810673144 -0.0914672252 -0.1410204106 
30 13 2.082647923 1.4437319889 1.421532222 1.4721581602 0.0421614083 -0.0253619265 -0.0398945122 
31 13 2.0842842001 1.4117933665 1.4346293627 1.4978178975 -0.020232228 0.0253698468 -0.1066246205 
32 13 2.0700042643 1.4492893862 1.3916677499 1.443960518 0.0090295303 -0.0473601508 0.0114030075 
33 12 2.9589826676 1.7518585882 3.3119191006 3.6918007381 -0.9251790942 -1.2312809324 2.6417755419 
34 12 2.0571092175 1.6610045599 1.0946621286 1.4760316441 0.0122226146 -0.0033802656 0.1720563476 
35 11 2.0372675484 1.6590147874 1.521300021 0.9701442556 0.0872503163 -0.1545583649 -0.0314165289 
36 11 2.0302313091 1.439438652 1.4153579741 1.2670425424 0.0238730014 0.0871401742 -0.4088679478 
37 10 1.9568188941 1.3013448443 0.9354110965 1.5923842433 0.4046828499 -0.0051135618 -0.0342761821 
38 10 2.1480819333 0.7751866448 1.8114065322 2.0276628152 0.2069762611 -0.0559832822 -0.9341654512 
39 10 1.9803785337 1.1865766655 1.1862464748 1.5490759963 0.3860625187 0.1847154269 -0.2306765966 
40 9 1.9041187261 1.329403135 1.3553828956 0.9408820923 -0.0077370368 0.1665408602 0.107297447 
41 9 1.8672349533 0.9482303462 1.2880467312 1.2502892933 -0.1290466509 0.1746258279 0.0528684098 
42 9 1.9327454047 1.2848948978 1.3687773953 1.0818325063 0.1000357786 0.3449788474 -0.0593596991 
43 8 1.86419372 1.3921548178 1.0492131461 1.0338502616 0.4089720938 -0.1773121554 -0.1558802831 
44 8 1.9026792654 0.7222312419 1.5655137434 1.3324434018 0.184689881 -0.0647251337 0.0625379435 
45 8 1.8148220383 1.5206392495 0.8401716381 0.9327681431 -0.1247924693 -0.2702595525 0.0945145035 
46 8 1.8259082844 1.4524150922 1.0039851538 0.8775408172 -0.3709827793 -0.1113074688 0.0707670297 
47 7 1.7372528298 1.2068862293 0.7074001471 1.1037610181 -0.1304438166 0.0608594857 0.3807675975 
48 7 1.7673838539 0.9156241369 1.3315735636 0.8764479865 -0.445641751 0.0229240482 -0.1227903408 
49 7 1.7480024518 0.9324662188 1.0140703789 1.1089759736 -0.3502917047 -0.2772541126 -0.3051584785 
50 7 1.7343886372 0.7385652658 1.0214913418 1.2480473373 -0.4829914937 -0.0566668992 0.0038498475 
51 7 1.7511206281 1.3132541672 1.2831327738 0.470036513 0.0425042257 -0.2197966004 0.1581674154 
52 7 1.7364031976 1.1638551738 0.6696223995 1.1816184912 0.3243029302 0.0494724976 -0.2847932762 
53 7 1.7513738904 1.1966194391 1.1034040789 0.7672869859 0.1651736176 0.1828147534 -0.3978595698 
54 6 1.5959511366 0.9160053632 0.8058547261 0.825199941 0.0914148712 0.022463691 -0.0427719741 
55 5 1.5313955053 1.2857932251 0.5558590199 0.5035199486 0.077287134 -0.0159711637 0.0304908693 
56 4 1.3943742695 0.6270310708 0.7244990249 0.5927495078 -0.0378989805 0.0253489996 -0.0368489312 
57 4 1.4127502273 0.5821451624 0.7324955955 0.6812224468 -0.0819593285 0.0262262716 0.1145363667 
58 4 1.4219513414 0.7397383076 0.7574554147 0.5247518949 0.054795199 -0.0259552753 -0.1254363429 
59 4 1.4056247673 0.6116644109 0.5719667342 0.7921498414 0.0122824757 0.0244429292 -0.0382230977 
60 3 1.2913848858 0.6632337509 0.7563571408 0.2480840316 -0.1526303096 0.3129567468 0.1970877286 
61 3 1.3079842945 0.4609122108 0.8233249732 0.4265857307 -0.0540976489 0.4328823027 0.0771101013 
62 3 1.3562398331 0.8771999038 0.1063487514 0.8558378298 -0.3043345996 -0.0877301681 0.0050093856 
63 3 1.2996837182 0.9114218988 0.0448378541 0.7329180144 -0.0584839763 0.0412236686 0.1706619445 
64 2 1.1270657557 0.0806351009 0.0321403933 1.1575017233 0.0509081905 0.3055082131 0.1928796534 
65 2 1.0912587865 0.1187686886 0.5966104486 0.4754666018 0.2661928635 0.2376353189 0.5326052409 
66 2 1.2634218302 0.0121032816 1.5807706644 0.0033607751 -0.1383203258 -0.0063778059 0.0728876858 
67 2 1.1109098968 0.0111984149 0.0838860524 1.1390363315 0.0306494831 0.1129398132 0.3091104355 
68 2 1.144566922 0.0108451983 0.1919975071 1.1071907335 0.0456316889 -0.1095796652 -0.461061667 
69 2 1.136400947 1.2807746583 0.0030822121 0.0075502419 0.0628300813 0.098336964 0.0048240488 
70 2 1.1263660113 0.5639149577 0.299942828 0.4048426057 -0.4112690691 0.4778041449 -0.3484675538 
71 1 0.0 0.0 0.0 0.0 0.0 0.0 0.0 
72 1 0.0 0.0 0.0 0.0 0.0 0.0 0.0 
73 1 0.0 0.0 0.0 0.0 0.0 0.0 0.0 
74 1 0.0 0.0 0.0 0.0 0.0 0.0 0.0 
75 1 0.0 0.0 0.0 0.0 0.0 0.0 0.0 
76 1 0.0 0.0 0.0 0.0 0.0 0.0 0.0 
77 1 0.0 0.0 0.0 0.0 0.0 0.0 0.0 
78 1 0.0 0.0 0.0 0.0 0.0 0.0 0.0 
79 1 0.0 0.0 0.0 0.0 0.0 0.0 0.0 
80 1 0.0 0.0 0.0 0.0 0.0 0.0 0.0 
81 1 0.0 0.0 0.0 0.0 0.0 0.0 0.0 
82 1 0.0 0.0 0.0 0.0 0.0 0.0 0.0 
83 1 0.0 0.0 0.0 0.0 0.0 0.0 0.0 
84 1 0.0 0.0 0.0 0.0 0.0 0.0 0.0 
85 1 0.0 0.0 0.0 0.0 0.0 0.0 0.0 
86 1 0.0 0.0 0.0 0.0 0.0 0.0 0.0 
87 1 0.0 0.0 0.0 0.0 0.0 0.0 0.0 
88 1 0.0 0.0 0.0 0.0 0.0 0.0 0.0 
89 1 0.0 0.0 0.0 0.0 0.0 0.0 0.0 
90 1 0.0 0.0 0.0 0.0 0.0 0.0 0.0 
