# Cluster list (40 data points):
# "Cluster Identifier" "Cluster Size" "Radius of Gyration" "Gyration Tensor.XX" "Gyration Tensor.YY" "Gyration Tensor.ZZ" "Gyration Tensor.XY" "Gyration Tensor.XZ" "Gyration Tensor.YZ"
1 76 4.1058103325 6.7217411522 4.9308969161 5.2050404182 2.0128114633 -2.0127200078 -1.1564705629 
2 74 3.9246226178 6.0561694043 5.1720318224 4.1744614653 1.0212037855 0.1470352316 0.9735574159 
3 70 3.9463414117 4.662713131 7.3005574294 3.6103399771 -1.1198133311 -0.6987843554 1.0967400392 
4 58 3.5509538798 4.9736253844 3.7237631647 3.9118849076 0.1778005188 -0.2372837952 0.0244202557 
5 53 3.4623554835 4.151388118 3.8637209938 3.9727963827 0.3321196291 -0.0058506908 0.3164420058 
6 47 3.3427122041 3.9892577517 3.8778362477 3.3066308801 0.552661963 0.6700654041 0.0916289709 
7 43 4.5277191243 5.2099897243 12.2341055998 3.0561451448 5.1948788758 1.6857396881 2.9563888876 
8 39 3.14077389 2.8684057461 4.2576032076 2.7384516744 0.5267925243 -0.090092369 -0.1867766541 
9 36 3.0973836985 2.648514963 4.1533829338 2.7918878792 0.1179470864 0.1254746409 -0.8736048469 
10 33 3.0175120901 2.9545731981 3.7293064212 2.4214995947 -0.9088612689 0.1828213283 -0.0338044303 
11 31 2.9305049196 1.9824366632 3.1630801162 3.4423423047 -0.1066479371 -0.3654859429 0.0260256476 
12 31 3.0066018686 4.4392110043 2.1658890628 2.4345547292 0.1331358438 -0.9475473024 0.1033956128 
13 31 2.9339073812 3.3645166021 2.5647604135 2.6785355057 0.5788631834 -0.2073833373 0.2540692328 
14 28 2.8111284312 1.9829384379 2.5283681512 3.3911364677 0.1101895444 0.2916013564 -0.1288610538 
15 27 2.8184464473 2.1225522609 2.3425746146 3.4785135011 -0.3126490383 -0.1876036997 0.8405497698 
16 23 2.6049356459 1.9494051902 2.6589264903 2.1773580391 0.0319498044 0.1233031145 0.0713491019 
17 21 2.5911293155 2.7108658906 2.0906452261 1.9124400127 0.2722311207 0.307221476 -0.3715846065 
18 20 2.4976057152 1.6742315892 2.2641419474 2.2996607722 0.2304546494 -0.2660575908 -0.1057697651 
19 20 2.4953943919 2.7645103522 1.9225748908 1.539907928 0.3284670219 0.1439714648 0.2202188671 
20 18 2.4746599285 2.1406459626 1.8760404411 2.107255358 -0.0147551795 0.2660110234 -0.7415106619 
21 17 2.3926728209 1.9227212993 2.3673267003 1.4348352281 0.2714842091 -0.4369811718 -0.1365212742 
22 16 2.3238032026 1.3786221745 2.2136284806 1.8078106691 -0.3661107514 -0.0612264693 0.3584034387 
23 15 2.2609259123 1.3389653786 2.3976699763 1.3751506258 -0.165239259 0.0940387067 -0.0629377962 
24 15 2.244245513 1.9476540172 1.5658448918 1.5231390134 0.3499643973 0.3760001101 0.142853449 
25 14 2.1754523708 1.8590970852 1.3689249714 1.5045709609 -0.2306258999 0.3313766936 -0.1176509559 
26 14 2.1800086843 1.3213979022 1.9076585588 1.5233814027 -0.0786165803 -0.0305875894 0.3260358189 
27 14 2.1725092323 1.3780318644 1.5677107653 1.7740537346 0.1408160492 -0.1888504942 -0.3055273629 
28 13 2.0807771265 1.4451866083 1.4144732325 1.4699736095 -0.0483172716 0.0234850112 -0.0199878099 
29 13 2.0706041973 1.4032070679 1.42439762 1.4597970542 0.0352463252 0.0136404424 0.0265768 
30 12 2.0544366481 1.5267126676 1.2908236898 1.4031735837 0.0016976716 -0.002390373 -0.2339886536 
31 11 2.0410040738 1.5106902169 1.4641751232 1.1908322892 -0.2839729936 -0.2073460973 -0.1348554135 
32 11 2.0343054964 1.585888788 1.3375224741 1.2149875905 -0.1625262591 0.0029484826 -0.1863256763 
33 10 1.9920908555 1.2145798497 1.0986130604 1.6552330666 0.4725501669 0.0584947012 -0.1225865757 
34 9 1.8864729265 0.8615183851 1.3543272462 1.342934471 0.0286141051 -0.0930764883 0.0063733144 
35 8 1.8222870394 1.1503584743 1.1058643759 1.0645072038 0.2310450683 -0.1408296031 -0.2371865586 
36 7 1.7361616498 0.5684527936 1.3568519427 1.0889525382 -0.0529543465 -0.3133980609 -0.0262471195 
37 7 1.7231821008 1.2577957164 1.278534808 0.4330260279 -0.0037159958 -0.1444892207 0.1130846807 
38 6 1.5987614388 0.9117920737 0.8441954006 0.8000506638 -0.061116433 0.0343798219 -0.0178101686 
39 5 1.5090438563 0.8145386493 0.7710234028 0.6916513082 -0.2461872283 0.2065718876 -0.2340696361 
40 4 1.3680489551 0.6677180603 0.5980148349 0.6058250484 0.0124691153 -0.0184583327 0.0068739849 
