# Cluster list (47 data points):
# "Cluster Identifier" "Cluster Size" "Radius of Gyration" "Gyration Tensor.XX" "Gyration Tensor.YY" "Gyration Tensor.ZZ" "Gyration Tensor.XY" "Gyration Tensor.XZ" "Gyration Tensor.YZ"
1 76 4.1092399161 7.7169354555 4.4175231415 4.7513940907 1.8594007602 -1.7606716183 -0.7784668173 
2 58 3.6547491634 5.275582026 3.7479335501 4.3336758709 -0.780411465 -0.8700723185 0.0711502975 
3 53 3.4869449671 3.8451439867 4.059462534 4.2541786828 0.1512998948 -0.036315461 0.6285289889 
4 53 3.4775948625 4.5865443107 3.6278980672 3.8792236501 -0.7396011639 -0.4145041609 0.4609887008 
5 47 3.3572914949 4.1470664676 3.8791414363 3.2451982777 0.2999741342 0.7721618859 0.25075559 
6 40 3.193997435 2.8154230009 3.9221739373 3.4640226766 0.5031342509 -0.5419777658 -0.2982624467 
7 39 3.1449630716 3.0412276535 4.1177545762 2.7318104921 -0.7056854639 0.0745851905 -0.1709334232 
8 36 3.1044490106 3.1216124643 3.1495975302 3.3663936649 0.7119143013 -0.527122281 -0.8658855458 
9 33 3.0127340712 2.9323162924 3.4766240849 2.6676262065 -0.6834841531 0.5397230861 -0.4739207592 
10 31 2.9211057219 2.2518724348 2.9167640316 3.3642221723 0.5145949191 0.2483631676 -0.2325281057 
11 31 2.9062399946 3.0066791161 3.1319477307 2.3076040594 -0.5409488267 0.2297951961 -0.3614819948 
12 28 2.8402457566 2.3410615097 2.5467975025 3.1791369456 0.0116207795 -0.7657118558 -0.0470960481 
13 27 2.8134163517 2.9585997679 3.0295855308 1.9271262694 0.7113834843 0.4571730623 0.4525889857 
14 23 2.6849968261 3.2132624881 2.5063045896 1.4896408786 -0.3529992926 -0.1584808793 -0.1583110131 
15 23 2.6136769138 2.0116029888 2.6486942254 2.1710097955 0.0179904145 0.1546385772 -0.1550236827 
16 22 2.5952947637 2.7249732945 2.0483123118 1.9622693044 -0.0564129416 -0.1164036972 0.1708036181 
17 21 2.5459275514 2.5049691708 1.95974423 2.0170336963 0.5994242488 -0.2891355274 0.1309166988 
18 21 2.5478074498 1.6519073176 2.8583596164 1.9810558674 -0.0669721653 0.0584423215 -0.0373238405 
19 21 2.5793586215 2.7807891142 2.3732495266 1.4990522574 0.0546318888 0.0195941768 -0.2081714153 
20 20 2.5211311463 2.1779764483 1.9482674533 2.2298583554 -0.5383588728 0.1142598135 -0.180230893 
21 20 2.5010432405 2.417055401 2.0250207084 1.8131411813 -0.1565594746 0.5745417804 -0.1622593515 
22 17 2.395739361 2.2772135798 1.9543648834 1.5079886225 -0.1217317062 0.5514414701 -0.2233445555 
23 16 2.3092164695 1.3981051105 2.3403358007 1.5940397918 0.1911592634 -0.186269249 -0.1902915026 
24 15 2.2465862912 1.904717369 1.7890244666 1.3534081281 -0.4387775309 0.2632353486 -0.2209454478 
25 15 2.2461434772 1.4530346275 1.335941152 2.2561847406 -0.0420612275 0.2719391139 0.1382722073 
26 15 2.2625746801 1.4305661388 2.3601805795 1.3284974646 0.1231301749 -0.0133680812 -0.1848904074 
27 14 2.1643507024 2.0198997021 1.3383823895 1.3261318713 -0.0493371551 -0.0537952335 -0.0039311898 
28 14 2.1671448956 1.7150051347 1.4710837315 1.5104281323 0.2674483989 0.3009834765 0.1437021106 
29 14 2.1712674215 1.7622479792 1.6299335346 1.3222207018 -0.3077484138 0.0206493727 -0.0308064475 
30 13 2.0684197841 1.4315371588 1.3959133411 1.4509099032 0.037085815 0.0398237487 -0.0325740623 
31 13 2.0503397214 1.37706334 1.423305939 1.403523694 6.487476726e-04 -0.0151787332 0.017229381 
32 12 2.0656170396 1.5264781083 1.217207706 1.5230879399 -0.0426788836 0.0013819055 0.1057464754 
33 12 2.0699898547 1.2455801173 1.5137567712 1.5255211099 0.0939051805 0.111099061 -0.0461475403 
34 11 2.1004078409 1.6225478586 1.3151159128 1.4740493268 -0.5601388707 -0.031796976 -0.1896576947 
35 11 2.019284542 1.4991541577 0.9976210148 1.5807348892 -0.1071725621 0.1286880653 -0.0212625974 
36 10 1.9973299626 1.6366726444 1.50818705 0.8444672852 0.0461439249 -0.0571220821 0.3403823685 
37 10 1.9837534136 1.4724850243 1.5772312363 0.8855613455 0.0756889935 -0.330251727 0.2427985777 
38 9 1.9197867085 1.3378773122 0.7851099692 1.5625937248 0.0342585643 -0.1967154558 0.3996103291 
39 9 1.8895540389 1.3195030657 0.8720232119 1.3788881881 -0.0836259829 0.0321356931 -0.0177813141 
40 8 1.8221443393 1.3954215967 0.8849529851 1.0398354115 -0.0652807874 -0.446592418 0.0378029543 
41 7 1.7272687962 1.0823506678 0.7016623629 1.1994444636 0.3704538507 -0.180394771 0.173991233 
42 7 1.7258812186 0.6120505327 1.2117047169 1.1549107312 -0.277338588 -0.2984889209 -0.0581973429 
43 7 1.7246613878 1.0552859765 1.2164671178 0.7027038085 -0.1228762439 0.4254550491 0.1164107789 
44 6 1.5923286033 0.810717087 0.8718338138 0.8529594802 -0.0151408474 0.0280373269 -0.0070499316 
45 5 1.5173878744 1.2017095139 0.5448139697 0.5559424778 0.0369938938 0.0945357675 -0.0123087432 
46 4 1.4010752793 0.6744641097 0.6222744901 0.6662733386 0.0038430663 0.0126992861 -0.0280195934 
47 3 1.2851936183 0.3236160257 0.5672493376 0.7608572734 -0.4282862466 -0.0358455432 0.0292238973 
