# Cluster list (44 data points):
# "Cluster Identifier" "Cluster Size" "Radius of Gyration" "Gyration Tensor.XX" "Gyration Tensor.YY" "Gyration Tensor.ZZ" "Gyration Tensor.XY" "Gyration Tensor.XZ" "Gyration Tensor.YZ"
1 76 4.1010378487 7.6487673766 4.6028828913 4.5668611683 2.0401609062 -1.5496324459 -0.7446375732 
2 74 3.9955955122 5.7505499568 6.2727356601 3.94149788 1.2209634982 -0.1038920078 0.4892731467 
3 58 3.5843632941 5.2244577994 3.6359026425 3.9872997823 0.308360444 -0.086711239 -0.032623931 
4 53 3.4583566692 4.1103409572 4.1753494103 3.6745404838 0.3333434005 -0.2138184235 0.239023838 
5 47 3.5021427672 3.1010269659 4.9846095357 4.1793674604 0.4385067165 -0.7725642745 1.1263103836 
6 47 3.3460998232 4.0346913585 3.9391378334 3.2225548348 0.3838906827 0.6359987608 0.387189906 
7 39 3.1371343992 2.7795141375 4.3363886929 2.7257094083 -0.4060360443 0.0658899769 -0.0899640362 
8 36 3.0905032862 3.2068310507 3.2266540283 3.1177254829 0.8901927309 -0.3855679136 -0.6819480885 
9 33 3.0144480897 2.7993577865 3.7722471346 2.5152923645 -0.6355845661 0.3207693956 -0.4435967176 
10 31 2.9212406424 2.0418087038 3.1271059908 3.3647321963 0.3723103244 0.2010613152 -0.2544440935 
11 31 2.8963120696 3.0547747572 2.5315033511 2.8023454963 -0.3245562936 0.5200535944 -0.4415865142 
12 31 4.1754459686 13.5046947779 2.1541053094 1.7755489492 -1.3442026214 1.3437397247 -0.0257298433 
13 28 2.8281023175 2.1291041385 2.5966304445 3.272428135 0.1327949107 -0.6417143971 0.0400428562 
14 27 2.8136894083 2.6840967452 2.7355723433 2.4971789977 0.4806867137 0.6086700788 0.8610921928 
15 23 2.6587675661 2.917321681 2.634681055 1.5170422346 -0.4091982554 -0.0933230373 -0.0561011384 
16 23 2.5958956723 1.9610538184 2.6305385051 2.1470820179 -0.1210504504 0.1591895064 0.064214796 
17 21 2.563879055 1.680478634 2.901398717 1.9915984578 0.0187227253 0.1484031878 -0.1561894514 
18 21 2.5650941586 2.6967533652 2.1114128312 1.7715418462 0.1418428553 0.0177853544 -0.4238584454 
19 20 2.5045497781 1.5840588224 2.4275752157 2.2611355531 -0.1694052197 0.1801592868 -0.1689833609 
20 20 2.4945857384 2.7349592602 2.0448067954 1.4431919507 -0.3117792717 -0.0439962337 0.0973273504 
21 17 2.3916674079 1.9045757448 2.4131069691 1.4023902759 -0.0942060059 0.2166474795 -0.3887249828 
22 16 2.309347672 1.6418254575 2.386735179 1.3045260338 0.2080709929 -0.1171540939 -0.2148754338 
23 15 2.2505126626 1.4892476451 2.0379242949 1.5376353045 -0.2392311676 0.2320566677 -0.4181200783 
24 15 2.2519787026 1.3983672335 1.8056855361 1.8673553074 -0.0379008262 0.0233077371 -0.5304306096 
25 15 2.2564895199 1.4195502916 2.3321572118 1.3400374499 0.0809095504 -0.0289094399 -0.2162079021 
26 14 2.1870603957 1.4819401586 1.3207539399 1.9805390758 -0.0241435931 0.3089898604 -0.0336782334 
27 14 2.1740827788 1.7599915142 1.4326403506 1.5340040643 -0.2024724868 0.3180701257 -0.1579962137 
28 14 2.1774501432 1.7092373298 1.6808945996 1.3511571968 -0.3275158741 0.0263214826 -0.0169789937 
29 13 2.0684462583 1.4161752153 1.4628367734 1.3994579346 -0.0045682866 -0.0121688803 -0.0096034893 
30 13 2.0573348036 1.4222820551 1.4166176278 1.3937268111 0.0042437931 -0.0142807772 -0.0088487824 
31 12 2.0775023813 1.5707896378 1.1494477693 1.5957787372 -0.0365263848 0.0283658697 0.0820776357 
32 12 2.0729717787 1.5312396697 1.376281275 1.3896910508 0.0241758967 0.0296596477 -0.1661322604 
33 11 2.0965933966 1.364074966 1.9990258278 1.032603077 -0.2483020907 0.2605780205 0.1962012476 
34 11 2.05098083 1.5935050184 1.2033291954 1.4096881511 -0.0812641161 0.0614685512 -0.3728341614 
35 10 1.9925836926 1.6136203586 0.8389516165 1.5178177968 0.1667861891 -0.0857044583 0.2652950573 
36 10 1.9910860682 1.3378881416 1.4150629966 1.2114725927 -0.2612727633 0.326260793 0.2556492706 
37 9 1.8870385089 1.2397110292 1.1502729686 1.1709303361 0.188679559 -0.1454942781 0.2325329486 
38 8 1.8107048795 0.8272490363 1.5136730608 0.9377300637 -0.0182266087 0.0397523596 0.2518747295 
39 7 1.7438031933 1.0203723676 1.0699495667 0.9505276425 -0.2175361989 -0.2996867206 -0.3510640139 
40 7 1.7222997044 1.2836156605 1.0735717753 0.609128836 -0.0764743111 0.156890161 0.3375581838 
41 6 1.632340174 0.9552112675 0.7486616642 0.960661512 -0.0053929273 -0.0420299476 -0.0403961646 
42 5 1.5453872262 0.5762787567 1.0760668661 0.735876056 -0.2223356526 -0.1358908664 0.2267275558 
43 4 1.3806286277 0.5950552684 0.6579970187 0.6530831206 0.01018216 -0.0172951784 -0.002297194 
44 3 1.2859744037 0.8980958902 0.0537536631 0.7018806136 -0.1158274071 -0.0090535355 -0.1638785341 
