# Cluster list (62 data points):
# "Cluster Identifier" "Cluster Size" "Radius of Gyration" "Gyration Tensor.XX" "Gyration Tensor.YY" "Gyration Tensor.ZZ" "Gyration Tensor.XY" "Gyration Tensor.XZ" "Gyration Tensor.YZ"
1 53 3.6053856241 4.3023155263 4.0110964768 4.6853934957 -1.1815404283 -0.0174256272 1.0743603314 
2 53 3.4877879017 4.4475543911 3.4689177345 4.248192322 -0.5865782715 -0.7248154949 0.4485407789 
3 40 3.1834598325 3.4367673661 3.081299455 3.6163496839 0.4449782836 -0.6769327729 0.096528654 
4 40 3.1829847922 4.1433058768 2.9943733467 2.9937129638 -0.0455208644 0.0571322835 0.0755921617 
5 39 3.1862006536 2.6415596851 3.7320452537 3.7782696665 0.0114286065 0.0928440304 0.9278835152 
6 36 3.1194498451 2.7660437262 2.5270720816 4.4378515285 -0.1104784299 -0.0737573583 -0.5783436442 
7 33 3.0199082206 4.0303013767 2.7336349119 2.3559093721 -0.3844055597 -0.3538902818 0.1830519878 
8 31 2.9015278933 3.4499869593 2.6466626633 2.3222144932 -0.4021455748 0.3891723471 -0.2268439485 
9 28 2.8104295167 2.2515063609 2.1936588157 3.453348892 0.2783982842 -0.1089856775 0.2877292197 
10 28 2.7834635427 2.4069735021 3.1182734891 2.2224223021 -0.2411666145 0.0405247057 -0.1221220533 
11 27 2.8132442462 2.4569187158 3.5135043954 1.9439200778 0.7311964364 -0.0946943924 0.3432671155 
12 23 2.7827794273 4.1152257564 2.2226824996 1.4059530847 1.0567945316 -0.1479972008 0.1687354792 
13 23 2.6083763142 2.4687606394 2.1307582339 2.204108123 -0.0592963934 0.2053981379 -0.2635872865 
14 23 2.61352049 2.6295812793 1.9802539966 2.2206540759 -0.1778218898 0.1781716142 0.1118568169 
15 22 2.5920801018 2.6552696092 1.9649756447 2.098634 -0.0152111506 -0.2085209172 0.1756229371 
16 22 2.5969274005 1.9304663543 2.4148257955 2.3987397738 0.2904117884 -0.6813398353 0.0213983746 
17 21 2.5409253597 1.4815147642 2.847266516 2.1275204031 -0.0555964908 -0.1369085712 -0.0302907929 
18 21 2.5457116151 2.0100671039 1.9636811356 2.5068993877 0.2734209275 -0.1720429104 -0.4535174007 
19 21 2.5882100982 1.6662804499 2.4570947169 2.5754563456 -0.0608030267 0.4553372952 0.1428905943 
20 20 2.4811665182 1.8266417906 2.5848846978 1.7446608028 -0.2316419606 -0.3675826331 0.2893456856 
21 20 2.4987605984 2.1827690296 1.7635798841 2.2974556142 -0.1246026432 0.389896736 -0.5263261121 
22 18 2.3894372453 1.589279191 2.3598035041 1.7603276542 0.0947875639 -0.0542574632 -0.354670961 
23 18 2.3940809243 2.1862889298 1.8913059672 1.6540285749 -0.4270348285 0.1650605683 -0.1989343234 
24 17 2.3818461536 2.1560841554 1.4226132348 2.0944937093 -0.2710888481 0.1844412275 -0.4012167136 
25 16 2.427244662 1.5162700158 1.4783565259 2.8968901073 0.6129188235 -0.3915147096 -0.0203452779 
26 16 2.2926215312 1.6482510373 1.8439942698 1.7638681783 0.096147094 -0.003114154 0.0370996092 
27 15 2.2525080842 1.727489967 1.4064082543 1.939894448 0.0939676225 -0.589139847 -0.0685884762 
28 14 2.1794871744 1.3661931821 2.0417307611 1.3422404004 -0.0077785205 -0.0430894408 0.0782853056 
29 14 2.1717758814 1.462222375 1.7194100651 1.5349780388 0.2232353447 0.1742904081 0.288985192 
30 14 2.2016338123 1.9137832938 1.5626017483 1.3708064012 0.3481621982 0.1973135186 0.1188457336 
31 14 2.1794710147 2.0314825885 1.358459978 1.3601513376 -0.1775581491 0.1237219339 -0.0463904207 
32 14 2.2013955662 1.9874103211 1.5047642692 1.3539678485 -0.22518356 -0.0257175275 0.0441291534 
33 13 3.1538750093 1.5118578486 4.8917872137 3.5432825118 -1.8926860207 1.414132171 -2.9175282083 
34 13 2.0747223439 1.401300552 1.4559978542 1.447174398 -0.0015174136 -0.0113103354 0.0050000366 
35 13 2.0627059518 1.3675384093 1.4140766503 1.4731407842 -0.0151429344 0.0097261782 -0.0257092707 
36 12 2.0425451392 1.5429937747 1.1103890189 1.518607852 -0.0074986099 0.0083860193 0.0235359817 
37 12 2.0622112336 1.3778479659 1.5631937816 1.3116734244 -0.0470638454 0.2055584154 0.0485918538 
38 11 2.0847005849 1.2661448121 1.7762884233 1.3035432932 0.1217258744 0.453066775 0.3109829165 
39 11 2.0264957015 1.5704363907 1.1268801054 1.409368332 -0.2657589727 -0.0225975468 0.2133637239 
40 10 1.9680133713 1.4995587305 1.107932196 1.2655857033 -0.2347125374 0.1396602621 0.421211823 
41 10 1.993738657 1.5762959524 0.8586825615 1.5400153186 0.0348702391 -0.0207060329 0.3484339877 
42 9 1.9187477956 1.3334741567 1.1056582011 1.2424607453 0.0931081916 -0.1579957198 -0.5182825141 
43 9 1.902580341 0.8545948521 1.4277971043 1.3374199976 0.0618504371 0.0417253917 0.0729338788 
44 8 1.8300231235 0.8758484332 1.0055191369 1.4676170624 -0.0142828987 -0.0913201087 0.2443291277 
45 8 1.8082995698 1.0696029377 0.9225606168 1.2777837796 -0.0910498134 0.3872237329 -0.169513233 
46 8 1.8090686439 0.8552966921 1.4273256781 0.9901069881 -0.0053121745 0.0249241772 -0.3113449896 
47 7 1.7436869393 0.8571109344 1.2135373753 0.9697958327 0.1854318539 0.4188568586 -0.1318249035 
48 7 1.7323542374 1.2322904075 1.1770337899 0.5917270064 -0.0495166778 -0.2000130199 -0.2223827786 
49 7 1.7549238723 1.2178530365 1.3636484288 0.4982563322 0.0395411265 0.2505798359 -0.0822189949 
50 7 1.7058445864 1.1788533887 0.6728077204 1.058244644 -0.146329824 -0.1066128918 -0.3641219796 
51 6 1.59429997 0.8431234798 0.8541810974 0.8444878172 -0.0309435238 0.0431195603 -0.0186078856 
52 5 1.5773295101 0.5988161965 1.3855888976 0.5035632893 -0.1562837404 0.0094049835 0.1555774202 
53 4 1.4087048386 0.6979011043 0.6693689662 0.6171792518 0.0039325307 -0.0072613221 -0.0027813649 
54 4 1.3742268952 0.6861135343 0.6526951325 0.5496908928 0.0722037528 -0.0347214905 0.0057105116 
55 3 1.3097625175 0.0496256254 0.7705709393 0.8952812875 -0.1922788089 0.0436448401 -0.0210827865 
56 2 1.1022332977 0.4130304437 0.7461126308 0.055775168 0.5551281212 0.1517789261 0.203996464 
57 2 1.1377540979 0.5841331529 0.0228651341 0.6874861003 0.1155693855 0.6337061017 0.1253772781 
58 1 0.0 0.0 0.0 0.0 0.0 0.0 0.0 
59 1 0.0 0.0 0.0 0.0 0.0 0.0 0.0 
60 1 0.0 0.0 0.0 0.0 0.0 0.0 0.0 
61 1 0.0 0.0 0.0 0.0 0.0 0.0 0.0 
62 1 0.0 0.0 0.0 0.0 0.0 0.0 0.0 
