# Cluster list (44 data points):
# "Cluster Identifier" "Cluster Size" "Radius of Gyration" "Gyration Tensor.XX" "Gyration Tensor.YY" "Gyration Tensor.ZZ" "Gyration Tensor.XY" "Gyration Tensor.XZ" "Gyration Tensor.YZ"
1 76 4.1073061758 7.9186995858 4.2048371059 4.7464273297 1.5880056997 -1.7897010549 -0.5705496845 
2 74 3.930075096 5.9505307433 5.7077068598 3.7872526575 1.0030439772 0.2052679328 0.7951578622 
3 58 3.576797622 5.2230506693 3.7501194876 3.8203110717 0.3220999698 -0.1411679637 0.025866822 
4 53 3.4566155196 4.2334944914 3.9251390224 3.7895573367 0.2707584769 -0.081963727 0.3450209573 
5 47 3.3967446725 2.7765641552 4.2517477888 4.5095624265 0.5053612564 -0.4988413313 0.5344770253 
6 47 3.3391909773 3.9162406994 3.7308739494 3.5030817338 0.2329739576 0.916932891 0.2407821031 
7 39 3.1401696765 2.675662836 4.4008941154 2.7841086457 0.079196408 0.0026105063 -0.2171191128 
8 36 3.0947374795 2.8363617769 3.8742325783 2.8668057119 0.7238485261 -0.1226120229 -0.763903539 
9 33 3.0266597287 2.5999281354 4.1873386492 2.3734023288 -0.3816988126 0.1482038654 -0.0048579162 
10 31 2.933934274 2.1795513109 3.2685216759 3.1598973376 0.3004512785 -0.6142534387 0.0287667624 
11 31 2.90437274 2.8197217348 2.4446402767 3.1710190011 -0.1836292605 0.578615172 -0.4412920934 
12 31 2.9427284037 3.6676322501 2.4492898432 2.5427283648 0.1912674353 -0.204747636 0.360942775 
13 28 2.8238273018 1.927498105 2.666794182 3.3797083432 -0.163113019 -0.2768546776 0.3694350066 
14 27 2.8067613964 2.1222512924 2.7559008126 2.999757431 0.1216153382 0.5186421022 0.8894509912 
15 23 2.6711021853 3.0153271443 2.5936436527 1.5258160872 -0.4147398498 -0.2296385752 -0.1451323637 
16 23 2.6102676501 2.0196632238 2.6516985708 2.1421354107 -0.1468880798 0.1499998377 0.0186936883 
17 21 2.5691439205 2.5766447948 2.0904951315 1.9333605582 0.4837051339 -0.129831131 -0.255105954 
18 21 2.5689547552 2.6077475441 1.8934103434 2.0983706467 0.2497765426 0.3266390372 -0.3171766361 
19 20 2.5078379262 2.0804315778 2.2330262255 1.9757932608 -0.1787738252 0.5260132352 -0.0626943201 
20 20 2.491844132 2.3609733286 2.1520865401 1.6962273096 -0.3228338467 -0.4055101568 0.2931263642 
21 17 2.4017451295 2.0423246652 2.5368153293 1.1892396726 0.0308135743 -0.0501652953 0.0212049415 
22 16 2.3125626687 1.8042728234 2.1729776124 1.370695661 0.303173966 -0.2025311592 -0.3459896749 
23 15 2.2618828412 1.447786216 1.9629405832 1.705387188 -0.2366735593 0.2276603027 -0.5126998746 
24 15 2.2454854428 1.4753195338 1.5857767404 1.9811085995 0.0362062488 -0.0758876084 -0.4870675757 
25 15 2.2512969268 1.4986033674 2.3087666585 1.2609678266 0.3056388412 0.063017002 0.0559566081 
26 14 2.1632845301 1.4125236573 1.6174277128 1.6498485883 0.1783359023 -0.2060658979 -0.2988333017 
27 14 2.1835801269 1.9094149271 1.4550031177 1.4036041258 -0.284097933 0.2031929715 -0.1457582741 
28 14 2.1760963728 1.8884768265 1.2841465743 1.5627720227 -0.0641936678 -0.3489396513 0.0370968188 
29 13 2.0653764263 1.4586049112 1.403232561 1.4039423103 -0.0049932195 0.0010648644 0.0058511092 
30 13 2.0866222516 1.4666399737 1.4393837476 1.4479686996 0.0145921487 -0.0377663611 0.0083465543 
31 12 2.0462236858 1.517456071 1.2098851886 1.4596901128 -0.0116608999 0.059784443 -0.173648984 
32 12 2.0544020738 1.4371495114 1.5111905881 1.2722277814 -0.0564343674 -0.0780118711 -0.0767269913 
33 11 2.0827559078 1.387076296 2.0327767263 0.9180191491 -0.1527592956 -0.1755836801 0.1428282077 
34 11 2.0495168602 1.436592461 1.6989135781 1.0650133211 0.0145717033 -0.0823316656 0.2664980517 
35 10 1.984853403 1.625458749 0.7405025718 1.5736817108 -0.2238362159 -0.1104624762 -0.0551176269 
36 10 1.9733762233 1.6533964889 0.76075398 1.4800632498 -0.0628429391 0.0012303722 -0.259241096 
37 9 1.8781488845 0.8936450496 1.3397409503 1.2940572325 -0.0747434059 0.187311642 -0.0064083429 
38 8 1.8158739062 1.1207868691 0.7843164305 1.3922947436 0.0208001366 0.3265958786 -0.094017197 
39 7 1.7238439885 1.2772520335 0.8368685362 0.857517527 -0.1195336486 -0.0851012369 -0.3796136039 
40 7 1.7206454305 1.2174419713 1.0267416218 0.7164371045 -0.0572373291 -0.0201092278 -0.4033906733 
41 6 1.5805667175 0.810610167 0.8267049142 0.8608760671 -0.0096590956 0.0265720587 -0.0025672506 
42 5 1.5569411581 1.1784097322 0.685252225 0.5604038125 0.2855852832 0.1428187486 0.0447529099 
43 4 1.3747172846 0.6343394516 0.6710965275 0.5844116334 -0.0211054209 0.0560706957 0.0276022684 
44 3 1.3348863638 0.8971058635 0.3045394282 0.5802763124 -0.1278290666 -0.0456627925 0.4133014587 
