# Cluster list (46 data points):
# "Cluster Identifier" "Cluster Size" "Radius of Gyration" "Gyration Tensor.XX" "Gyration Tensor.YY" "Gyration Tensor.ZZ" "Gyration Tensor.XY" "Gyration Tensor.XZ" "Gyration Tensor.YZ"
1 76 4.1097524109 7.9665860467 4.490684247 4.4327945853 2.0288324005 -1.4556067499 -0.7311657553 
2 74 5.3174207315 8.7709677582 16.2302662612 3.2737292162 7.5549844544 0.044263327 0.9966816458 
3 58 3.5724079787 5.0854650179 3.7297640321 3.9468697162 0.1759291998 -0.0983971476 0.0551343052 
4 53 3.4657858889 4.1579407753 4.083151475 3.7705795777 0.3194769502 -0.1457963716 0.3493118617 
5 47 3.3528494326 4.2117500875 3.7360271521 3.2938220777 0.272884538 0.768687728 0.3455524574 
6 40 3.1806185508 3.0426767904 3.7423278416 3.3313297338 0.5045631767 -0.6414368428 -0.0696483964 
7 39 3.1344707536 2.9248854363 4.1940819927 2.7059394762 -0.6403661446 0.0621142862 -0.0816715181 
8 36 3.0845393696 3.3524697523 3.0495892314 3.1123241391 0.8685940816 -0.5061939735 -0.6213177868 
9 33 3.0077803654 3.1548268321 3.3640003374 2.5279155568 -0.7646746465 0.453178441 -0.3295739476 
10 31 2.9204211483 2.0752789235 3.0338473328 3.419733427 0.4147459875 0.1659916549 -0.2012572327 
11 31 2.896280582 2.9266062531 2.8521257151 2.6097092416 -0.4441882175 0.3719585992 -0.4625426558 
12 28 2.8181229177 2.2169878572 2.4693377363 3.2554911857 0.1084599392 -0.640811788 0.0987956351 
13 27 2.819212068 3.145439734 2.5434632633 2.2590536869 0.6369321199 0.7472531744 0.5577074784 
14 23 2.6715447183 3.0877761258 2.6345181091 1.4148569468 -0.3366578494 0.1874346281 -0.096657963 
15 23 2.6127618771 2.0290879458 2.6430236838 2.1544129967 -0.1682909164 0.1732635533 0.0352763595 
16 22 2.6010052878 2.6931212149 2.1476524704 1.9244548219 -0.1814992328 -0.161229479 0.2492627438 
17 21 2.5456153352 1.7490022176 2.8519896409 1.8791655762 0.0594506203 0.1325512333 0.0902360273 
18 21 2.5816563585 2.7379981528 2.3109282082 1.6160231925 -0.0194617829 0.0956704551 -0.339802766 
19 20 2.5005223907 1.5894197382 2.4260849422 2.2371075458 -0.1223717194 0.1049589672 -0.1643119503 
20 20 2.4877610219 2.7298818722 1.9174016512 1.5416713786 -0.1853885741 0.315400019 0.0476235979 
21 17 2.3864388171 1.8799719471 2.2219970954 1.5931211854 -0.0909167625 0.4853658476 -0.4241637824 
22 16 2.3279319181 1.5893933212 2.4589569698 1.3709167241 0.2018365139 -0.2207316537 -0.1762308196 
23 15 2.240014694 1.6558133038 1.898621439 1.4632310867 -0.4094812048 0.189051263 -0.3441828601 
24 15 2.2582830741 1.3777747047 1.4289435586 2.2931241792 -0.0039651007 -0.0324432214 -0.3806847177 
25 15 2.2379802357 1.3926894233 2.236931924 1.3789341883 0.0330848693 -0.0557362648 -0.2251631367 
26 14 2.1944084876 1.856898723 1.3572612834 1.6012686038 -0.0966679838 0.3567651835 -0.0625615025 
27 14 2.1769125685 1.6186078974 1.7532639114 1.3670765222 -0.4071805305 0.0640647393 -0.0682855849 
28 14 2.1988558401 2.1254653536 1.3473342264 1.3621674257 -0.0913575503 0.0682951517 -0.030878642 
29 13 2.0644778017 1.4224944471 1.38011071 1.4594634366 -0.0262909621 -0.0398266442 0.0081965969 
30 13 2.0725390416 1.4035055544 1.4117502517 1.4801622728 -0.0117667759 -0.0056321983 0.0326677837 
31 12 2.0574864696 1.4517459858 1.2365008881 1.5450036985 -0.093378548 0.0294024907 -0.0608789382 
32 12 2.0606835871 1.4550898458 1.3755758936 1.415751107 0.0405258136 0.0435786689 -0.2122797293 
33 11 2.0897719146 1.432099921 1.6560737997 1.2789729344 -0.4576900119 0.2148378286 0.2025283787 
34 11 2.0197961501 1.5942709827 1.1898959553 1.29540955 -0.1429464798 0.0450156647 -0.294502925 
35 10 2.0107142952 1.4215598271 1.3368325333 1.2845796165 -0.2837296867 0.3206382221 0.3532322104 
36 10 1.9665418322 1.3898390672 1.1765899279 1.3008577828 0.2365848423 -0.1941936694 0.3660673784 
37 9 1.8842450898 1.3780997864 0.985690161 1.1865896109 0.1420857761 -0.117290502 0.2066990659 
38 9 1.9083112978 1.1337053138 0.8313037495 1.676642946 0.2587431353 -0.2120168063 0.2857200093 
39 8 1.8230406153 0.8734321526 1.475346614 0.9746983185 -0.0923190428 -0.18095704 0.342330537 
40 7 1.7611327387 1.2711452336 0.8810603584 0.9493829315 0.0536820715 0.0978711273 -0.5080637763 
41 7 1.7172481769 0.6580776717 1.280394951 1.0104686784 0.0620624436 -0.2877080178 0.0452778745 
42 7 1.7163740682 1.0442087284 1.1677321374 0.7339990764 -0.2066973436 0.3261968895 0.152666226 
43 6 1.5892715861 0.8126278252 0.8767037946 0.8364525547 0.0093988844 0.0475675085 -0.0243536878 
44 5 1.5577348138 0.5567051657 0.8376508268 1.0321817577 -0.0723417687 -0.046507344 0.3851044993 
45 4 1.4157751797 0.7652951028 0.5737612675 0.6653629891 0.0095313016 -0.0650869602 -0.0232862409 
46 3 1.2859306028 0.4963554829 0.3912864663 0.765975566 -0.4161780801 -0.0613092752 -0.1277774104 
