# Cluster list (50 data points):
# "Cluster Identifier" "Cluster Size" "Radius of Gyration" "Gyration Tensor.XX" "Gyration Tensor.YY" "Gyration Tensor.ZZ" "Gyration Tensor.XY" "Gyration Tensor.XZ" "Gyration Tensor.YZ"
1 76 4.1596962727 9.0899297622 3.4835852161 4.7295581024 0.8440408683 -1.8913988699 -0.5061708069 
2 53 3.5852216457 5.3579791663 3.5992049425 3.8966301401 0.7184158754 0.3022231213 0.5906735836 
3 53 3.4819418817 4.5919409268 3.5152139735 4.0167643675 -0.6063300649 -0.605616413 0.5038089946 
4 47 5.0113922345 4.9164130357 14.9463588481 5.2512802442 5.5453411196 3.0005885932 6.2143494985 
5 40 3.1728151167 4.135678599 2.9655158516 2.9655613139 0.3447791045 0.1499259675 0.0386559501 
6 40 3.1837242955 3.1771614454 3.2913293919 3.6676095522 0.6876659944 -0.5420526964 -0.0866713286 
7 39 3.2240550707 2.4263484473 4.4082970371 3.5598856145 0.1103145031 -0.2603689477 -1.0238940348 
8 36 3.0892084572 2.7655688485 2.4649029802 4.3127370635 0.2585202183 -0.4878557607 -0.4858415753 
9 33 3.0104701838 3.6413005512 3.0378276469 2.3838025293 -0.727384227 0.1148285675 0.0731059952 
10 31 2.9022797872 3.3412648372 2.7229001078 2.3590630179 -0.430473078 0.3081719095 -0.215600723 
11 30 2.9070496733 2.9117876341 3.6015231588 1.9376270102 0.0398615316 0.0661963454 -0.5824209525 
12 28 2.8213759386 2.1574142048 2.5462793084 3.256468674 0.0750974629 0.5556223226 -0.0682967146 
13 27 2.8088676391 3.1777996949 2.6873878248 2.0245498943 0.9422815864 0.0303825826 0.3420850535 
14 23 2.6718613346 3.1574272454 2.4755441187 1.505871627 0.1739280777 -0.2867093457 -0.2139492348 
15 23 2.610959913 2.5554249965 2.0099314437 2.2517552271 -0.2921586393 0.0238945869 0.06174447 
16 22 2.5976423137 2.577148436 2.0919055601 2.078691594 0.2962222002 -0.2656079962 0.1078078165 
17 21 2.5404515646 2.0652251362 2.8094718077 1.5791972084 0.2811521822 -0.2808035197 -0.129416098 
18 21 2.5636935334 2.1626540126 2.7074439088 1.7024266118 0.3977456776 0.1548038104 -0.0942459387 
19 21 2.5728439146 1.9226292769 2.414432166 2.2824643663 -0.1364707495 0.4978636655 0.4456310351 
20 20 2.4927021673 2.1182628648 1.6832798261 2.4120214041 -0.2387385943 0.3342096357 -0.5853021143 
21 18 2.390375454 1.5621313827 2.5349677194 1.6167957091 -0.0679318731 0.0313942635 -0.1704555586 
22 17 2.3858954085 2.0470759527 1.9150736735 1.7303472743 -0.0551632313 0.4173019416 -0.520307573 
23 16 2.2861106678 1.6491973198 1.9586459551 1.6184587105 -0.105579455 -0.0566045244 -0.0226473883 
24 15 2.4404428661 2.6096703602 1.2307123682 2.1153786543 -0.1177982454 0.688813349 -0.0916944141 
25 15 2.2440407817 1.4889735486 2.1457989661 1.4009465151 -0.1430061917 -0.0101282569 -0.290402012 
26 15 2.2430385377 1.3742295069 1.4180313204 2.2389610543 0.1176059184 -0.3420662477 -0.134240654 
27 14 2.1887554802 1.4822326116 1.7184344115 1.5899835292 -0.1464264103 -0.201231275 0.3221041687 
28 14 2.1709546297 1.7561265864 1.5071653035 1.4497521142 -0.3419462982 0.1833521205 -0.1465961747 
29 14 2.175870541 1.7245723221 1.6901024568 1.3197378323 -0.4005512702 -7.0503984921e-04 -0.0108799065 
30 13 2.0694056259 1.4235859565 1.4861475856 1.3727061026 -0.0154317836 -0.0118012588 -0.0100117159 
31 13 2.0759087327 1.4287835002 1.41229558 1.4683179862 0.0210959401 0.0226919094 0.0096343244 
32 13 2.065259044 1.3920383478 1.4763030166 1.3969535546 -0.0313546766 0.0171711124 0.0127654914 
33 12 2.0614806636 1.3831951119 1.4523292909 1.4141781238 -0.1264080569 -0.1487358239 -0.1300606472 
34 12 2.0728163539 1.5486611441 1.4813531634 1.2665533296 0.0695800924 -0.0847130692 0.1078917906 
35 11 2.032249086 1.3567874391 1.3869738027 1.3862751056 0.381069449 -0.1964209019 -0.0034315507 
36 11 2.0849602069 1.715364417 1.6626456909 0.9690489564 -0.2553978957 -0.190037238 -0.0324469755 
37 10 1.9712017743 1.023294013 1.4066816361 1.4556607861 0.314188827 -0.3004550727 0.1879508761 
38 10 1.9643196171 1.2606275883 1.3362494287 1.2616745411 -0.2591454622 -0.3563727188 -0.2776777192 
39 9 1.9234560874 1.3165375293 0.9064280007 1.4767177903 -0.0157950596 -0.2916564641 -0.4777298854 
40 9 1.8845622955 1.0730560734 1.2874650382 1.1910539339 0.0836741779 -0.2468076228 0.116438318 
41 8 1.8138189329 1.0261585355 1.2680467528 0.9957338332 0.240634853 0.1198674582 0.3389304362 
42 7 1.7022438429 0.6548418325 1.063764729 1.1790275392 0.3325118267 -0.0526915555 0.0268881423 
43 7 1.7344360346 1.1292616948 0.6509196224 1.228087041 0.2120465952 -0.1353167791 0.2641402509 
44 7 1.7564172249 1.1959183814 1.1051252211 0.7839578655 -0.2106939943 0.3005867772 0.3888892812 
45 7 1.744814434 1.2764012811 0.6130369635 1.1549391644 0.3078663736 0.0801946129 -0.187523874 
46 6 1.6001968763 0.7834400185 0.8995379256 0.8776520987 -0.0212616348 0.0704645423 -0.0762529672 
47 5 1.5360633281 1.2757462986 0.5103000044 0.5734442449 0.0352097959 0.2225583237 0.0129701139 
48 4 1.4426185128 0.6917250271 0.8910122792 0.4984108671 -0.1158835234 0.0249903394 0.1436609955 
49 3 1.2995918815 0.2131972887 0.7767056239 0.699036146 -0.1808230069 0.304661778 0.1470105777 
50 1 0.0 0.0 0.0 0.0 0.0 0.0 0.0 
