# Cluster list (85 data points):
# "Cluster Identifier" "Cluster Size" "Radius of Gyration" "Gyration Tensor.XX" "Gyration Tensor.YY" "Gyration Tensor.ZZ" "Gyration Tensor.XY" "Gyration Tensor.XZ" "Gyration Tensor.YZ"
1 53 3.4912145618 4.3824823541 3.5376195417 4.2684772207 -0.5365439529 -0.8943594052 0.2039434844 
2 40 3.1719604073 4.0437001026 2.9019760915 3.1156566312 -0.1906015284 0.4002024872 0.0861388539 
3 38 3.1563524584 2.6458695756 3.1822249276 4.1344663385 -0.0150769976 -0.0459468683 0.8201812108 
4 37 3.0576816708 3.3944050139 2.8916699858 3.0633422 0.3433798203 -0.4338067458 0.041727263 
5 35 3.0738448928 2.581554023 2.3347891512 4.5321792508 0.0591275894 -0.1333227703 -0.1575163082 
6 33 3.3945477301 6.6420953511 2.6709939955 2.2098649453 -1.4775879529 -0.5919046601 0.3799609669 
7 32 3.2367966599 3.2454436922 2.3446979605 4.8867109648 -0.4081014116 1.9267881798 -0.8716353718 
8 31 2.9052404897 3.0130038695 3.0718277975 2.3555906359 -0.5077812168 0.178666654 -0.2574178177 
9 28 2.8059586259 2.5169935436 2.6197398378 2.736670429 -0.2159278525 -0.1004434817 0.0176087795 
10 27 2.78422495 2.4066929863 2.6742012322 2.6710143537 0.1171620012 -0.0637656195 0.6949454149 
11 23 2.6200808448 2.3038608889 2.2694399392 2.2915228053 0.2629309776 -0.3575285327 -0.0336282839 
12 23 2.6152095689 2.3581703945 2.3417665705 2.1393841241 -0.2503446103 0.049130069 -0.2867981939 
13 21 2.548410163 1.8340416732 2.6216536001 2.0386990856 -0.444206534 -0.2310593869 -0.1711443551 
14 21 2.5948548928 1.681692745 2.767944259 2.2836349108 -0.2877778897 -0.0554320756 -0.8245222868 
15 21 3.5651100849 8.397909881 2.885364042 1.4267359948 3.2150042245 -1.6480361284 -0.8047325869 
16 21 2.5678756999 2.3551005619 2.2580452652 1.9808397829 0.6500553682 -0.0089358022 -0.0182645631 
17 21 2.5786946029 2.7309015533 1.9131672451 2.0055970569 -0.0696897812 -0.3863123502 0.2057995461 
18 21 2.5896997757 1.7651575987 2.4424534146 2.4989339149 -0.4444789898 0.1038899669 0.248647447 
19 20 2.4787064725 2.2556063242 2.1567065261 1.7316729266 -0.3066195846 -0.5104675953 0.2764295112 
20 20 2.4865272885 2.3766840987 1.8450035674 1.9611302903 -0.2856675401 0.3904906874 -0.4774020622 
21 20 2.4876946137 2.6224644843 1.9128124851 1.6533475218 -0.035781221 -0.4730902849 -0.1330231961 
22 20 2.5420067141 2.3783398231 1.5661389644 2.5173193471 0.3652623345 0.9272060313 0.3573605212 
23 17 2.3760754984 1.6777959534 2.4267454303 1.5411933904 -0.3474603481 -0.2836926662 0.2989931154 
24 17 2.3941452996 1.9852316804 1.9665856925 1.7801143426 -0.1073056477 0.359389763 -0.6060794612 
25 16 2.4274824007 0.8966692894 2.1111846443 2.8848168722 -0.1115986459 0.231144684 -0.2268922378 
26 14 2.1701613941 1.3711809262 1.5206359053 1.8177836449 -0.133510045 0.1888943445 -0.3477036674 
27 14 2.1739854991 1.6381931905 1.7114521527 1.3765676069 0.2785626444 -0.1021812849 -0.0920747037 
28 14 2.1703177659 1.7468552154 1.6484618091 1.3149621804 -0.303867425 0.0777049972 -0.0277535147 
29 14 2.1885267845 1.4340665819 1.5501506487 1.8054322558 -0.1208149092 -0.1991650646 0.3400119871 
30 13 2.0713373305 1.4662368807 1.4483978794 1.3758035766 0.0266715492 -0.02450529 -0.0054646979 
31 13 2.0966817711 1.414413259 1.5113584502 1.4703027402 -0.0400278961 -0.0151134558 0.0104269801 
32 13 2.0641685537 1.4884553557 1.3700811575 1.4022553051 -7.1684821072e-04 -0.0214993078 -0.0276945199 
33 12 2.3138328864 2.0472330957 1.9834070963 1.3231824344 -0.1002377736 -0.232117955 0.6698849163 
34 12 2.0627663052 1.5684481002 1.1290545412 1.5575021885 0.0458387248 0.0147820284 0.1707035125 
35 11 2.0444644645 1.4517966581 1.6701764368 1.0578618516 -0.1147042011 -0.0184129437 -0.3006989285 
36 11 2.0359267437 1.7126807657 1.5055207713 0.9267961689 0.0794854838 0.0057452795 0.0339099692 
37 10 1.9850705768 1.4283536371 0.9483038696 1.5638476883 0.4018187598 -0.0714587274 0.0630130414 
38 10 2.052731191 1.3152312712 1.4833340879 1.4151399834 -0.0175972192 -0.2732623928 -0.3038488988 
39 10 1.9863546878 1.2252797168 1.3484166688 1.3719085601 0.3599196651 0.2364874541 -0.2827068569 
40 9 1.8914177438 1.2373086358 1.199407349 1.1407450966 -0.0415127534 0.1471961988 0.2641170092 
41 9 1.92100324 1.5760690234 1.245500264 0.8686841608 0.0918740559 0.3559303823 -0.3109089439 
42 9 1.8834652009 1.0774866666 1.0890340504 1.3809204461 -0.2427057325 0.0292329467 -0.0726290355 
43 8 1.8173581467 1.2288945434 1.0467899888 1.0271061012 0.3957465451 -0.1222370162 -0.1188703396 
44 8 2.3341713712 1.3457296255 0.9740025588 3.1286238058 -0.1938039257 1.1943166468 -0.3378839025 
45 8 1.8243404518 1.6621685855 0.8065778343 0.8594716641 -0.1549525086 -0.1650571833 -0.0150697876 
46 8 1.8137350451 1.3653128316 0.9943685082 0.9299534741 -0.3388133572 -0.2008878278 0.0541479836 
47 8 1.8797578003 0.7087659871 1.4468070176 1.3779163832 0.1396974643 -0.1251061267 0.3487266805 
48 7 1.7327250767 1.2128273015 0.5844338314 1.2050750586 0.2195658067 0.0499534467 -0.2395966892 
49 7 1.7403236399 0.5778861082 1.0678228059 1.3830174573 -0.3031196875 -0.0132378228 -0.0077268623 
50 7 1.7479264932 1.3643324819 0.7514571355 0.9394574082 -0.1072686217 -0.0067191211 0.4131426321 
51 7 1.7472903891 0.7349202145 1.5585933281 0.7595101612 -0.1920888414 0.016019548 -0.014917688 
52 7 1.7382628668 1.1144941297 1.0078915879 0.8991720765 0.2386950686 0.3074279195 -0.3798764435 
53 7 1.7112421663 1.1316830056 1.1307498662 0.6659168799 -0.1233803646 -0.2470230513 -0.305608766 
54 6 1.9263424903 1.3695111539 0.9787715969 1.3625126393 -0.3299934571 0.728856677 -0.1421225559 
55 6 1.5981282701 0.7971964001 0.8425233949 0.9142941727 0.0183588194 -0.0470636715 -0.0459394143 
56 4 1.3938329775 0.5822274386 0.6703830569 0.6901598738 -0.0973124463 0.0641534515 -0.0467446099 
57 4 1.397046733 0.6706211341 0.6912296228 0.5898888171 -0.0516232846 -0.0295610954 0.0497183947 
58 4 1.3931750214 0.676920294 0.6079110009 0.6561053453 0.0303154811 -0.0442064556 0.0589360387 
59 3 1.4109046758 0.7765890101 1.0015650677 0.2124979265 0.0284089405 0.4055398778 0.0417187986 
60 3 1.3133222435 0.5715312102 0.2964249484 0.8568591565 0.4011247647 -0.001852834 -0.1142868519 
61 3 1.3520989198 0.9164312074 0.875725894 0.0360143874 -0.1320317408 0.17622082 -0.0680941761 
62 3 2.0937693169 3.4351274103 0.5900568829 0.3586856594 1.2228383077 -0.6144218312 -0.4149362035 
63 2 1.0800845262 0.5868375049 0.4215218871 0.1582231917 0.4973578716 0.3047151178 0.2582528574 
64 2 1.1323450405 0.1042181067 0.0230893464 1.1548978376 0.0490543369 0.3469312122 0.1632967736 
65 2 1.1482583593 0.0521583884 2.0693642e-05 1.2663181777 -0.0010389163 0.2570002245 -0.0051190561 
66 2 1.1100545472 0.1620201919 0.2067941486 0.8634067574 0.1830432398 0.3740178184 0.4225487726 
67 2 1.125312435 0.5802274857 0.4197183197 0.266382271 -0.4934897216 0.3931441407 -0.3343733231 
68 1 0.0 0.0 0.0 0.0 0.0 0.0 0.0 
69 1 0.0 0.0 0.0 0.0 0.0 0.0 0.0 
70 1 0.0 0.0 0.0 0.0 0.0 0.0 0.0 
71 1 0.0 0.0 0.0 0.0 0.0 0.0 0.0 
72 1 0.0 0.0 0.0 0.0 0.0 0.0 0.0 
73 1 0.0 0.0 0.0 0.0 0.0 0.0 0.0 
74 1 0.0 0.0 0.0 0.0 0.0 0.0 0.0 
75 1 0.0 0.0 0.0 0.0 0.0 0.0 0.0 
76 1 0.0 0.0 0.0 0.0 0.0 0.0 0.0 
77 1 0.0 0.0 0.0 0.0 0.0 0.0 0.0 
78 1 0.0 0.0 0.0 0.0 0.0 0.0 0.0 
79 1 0.0 0.0 0.0 0.0 0.0 0.0 0.0 
80 1 0.0 0.0 0.0 0.0 0.0 0.0 0.0 
81 1 0.0 0.0 0.0 0.0 0.0 0.0 0.0 
82 1 0.0 0.0 0.0 0.0 0.0 0.0 0.0 
83 1 0.0 0.0 0.0 0.0 0.0 0.0 0.0 
84 1 0.0 0.0 0.0 0.0 0.0 0.0 0.0 
85 1 0.0 0.0 0.0 0.0 0.0 0.0 0.0 
