# Cluster list (612 data points):
# "Cluster Identifier" "Cluster Size" "Radius of Gyration" "Gyration Tensor.XX" "Gyration Tensor.YY" "Gyration Tensor.ZZ" "Gyration Tensor.XY" "Gyration Tensor.XZ" "Gyration Tensor.YZ"
1 13 4.8016606289 9.5702391023 5.2641612129 8.2215444795 0.3024142879 6.9380769678 -1.417801391 
2 11 4.2556634419 4.3639154942 12.2869771627 1.459778674 -2.0768062427 0.4504135714 -1.5516739236 
3 9 3.2575406125 3.0536577429 2.8344736102 4.7234394893 0.2075438413 1.1677333262 0.2130416842 
4 8 3.3114304291 1.1613652218 4.1469670479 5.6572392172 0.7779357155 -1.4913087599 -3.5730023666 
5 8 3.4154750778 7.6273913041 2.9172019007 1.1208768021 -2.8471017139 -0.8228218678 -0.2166873562 
6 8 3.598218318 1.5812687784 8.5193896151 2.8465166703 -2.5239860429 -0.8370696702 1.7688279179 
7 7 3.7875273973 1.8268728674 5.8720202549 6.6464706629 2.4209133899 2.5953558888 5.7184823123 
8 7 3.2604178463 3.7437963579 4.3478438555 2.5386843192 -1.6798298858 -0.0485937116 1.7081941642 
9 7 3.0672300004 4.5096414024 3.9628669298 0.9353915432 -0.508725949 -0.2371657835 0.1974652462 
10 6 2.5627522383 4.7580565097 0.7813534843 1.0282890411 0.9411643672 0.0266429581 -0.185601585 
11 6 2.9757002439 1.8271417993 4.0963732579 2.9312768846 -1.7031975099 -0.1774504066 1.4625585449 
12 6 3.4202618432 2.5476612276 3.4309181705 5.7196116778 1.642045349 -3.1770004425 -3.7162382927 
13 6 3.1094837549 1.9908141839 4.4674944742 3.2105805637 1.647667239 -1.5035944629 -1.740259522 
14 6 3.2691371448 6.2993933511 4.0827889696 0.3050753508 -2.5183621527 0.8655894388 0.0025912951 
15 6 3.0158020152 1.3584460639 4.9507296657 2.7858860654 1.7281568389 1.1213537749 2.5475460799 
16 5 2.4189262272 3.2884639589 2.0218322178 0.5409079161 -1.4179049768 -0.6281367542 0.8618971014 
17 5 2.8955994404 5.5047559253 1.4693137542 1.4104264396 -1.5310256067 0.6724217518 -0.3954761812 
18 5 2.9086825145 1.2431410556 1.2959814615 5.9213114532 0.4303652193 -1.3066947549 1.4518546617 
19 5 2.6238102342 3.6710807616 2.6708030632 0.5424963202 1.1064742813 0.1277661464 0.0567598461 
20 5 3.0050420271 5.1385050067 1.1029198305 2.7888527476 0.9463762885 -2.7437990996 -0.6619454991 
21 5 3.0352284624 5.4011375512 1.1415510582 2.6699232095 -1.2882069141 2.5690765714 -1.2088495898 
22 5 2.4575663025 0.732353819 2.5144872013 2.7927911107 -0.7820312837 -0.1635024207 0.7158496241 
23 5 3.2000717053 5.2729694174 3.8403935061 1.1270959954 -3.7893840268 0.2660221832 -0.751924884 
24 5 2.6199092538 1.3085219707 2.8214752119 2.7339273157 -1.6344592948 -0.1575187161 -0.6634460058 
25 4 2.4957841168 1.4595043406 1.4988148368 3.2706191803 -0.1396847328 0.7431090379 1.9648847284 
26 4 2.3456902047 4.6597870012 0.1787590112 0.663716524 0.5763260587 -0.402895948 0.1765651833 
27 4 2.7744996515 1.9455580629 5.2883159816 0.4639742718 2.0697982152 -0.1491474384 -0.9594411521 
28 4 2.1555672924 0.9316217147 2.68885806 1.0259905773 -0.3300910903 -0.2111175322 -1.450975865 
29 4 2.6475688554 4.2397941866 0.5157343822 2.2540922751 -1.2765832549 0.6825539833 -0.3878508918 
30 4 2.1254744071 1.572305302 0.547336784 2.3979993693 -0.3850027974 0.4048101461 -0.8518595541 
31 4 1.8415077546 0.833181748 0.558716765 1.9992522971 0.0068799161 0.5919067175 -0.1366217023 
32 4 2.0524579293 1.2669257084 1.0139756808 1.9316821622 0.3901597141 0.5507157514 1.2856668979 
33 4 2.2418519471 0.6530069193 2.6752927718 1.6976004615 0.3804817779 -0.1490594 -0.9941311664 
34 4 2.0648021611 0.661151089 1.0139058277 2.5883510478 0.6217081844 0.6599845303 1.0618988586 
35 4 2.8746130117 2.0597735344 5.240138819 0.9634876137 -2.8940441168 -1.2314321728 1.4604303435 
36 4 1.5312755109 0.1992412663 1.3389610032 0.8066024206 0.3385791259 -0.022639841 -0.6819053048 
37 4 1.9462274344 2.5175325764 0.5751022509 0.6951663992 -0.8243951853 0.4537326233 -0.2012169507 
38 4 2.5109296165 2.2001272512 0.6773266147 3.4273136732 -0.7760938923 1.7614527852 -0.7116955993 
39 4 2.2124354714 1.5845941322 1.1117373516 2.1985392314 -1.1044694442 -1.3902156536 0.8309584869 
40 4 2.6071045194 2.3944541252 2.8591348955 1.5434049545 -1.5632004896 1.3696085139 -1.9011921245 
41 4 2.5384581659 2.8094950962 2.1544008892 1.4798738745 -2.210526734 -1.0825837659 0.7739982684 
42 4 2.3681972747 1.859770235 3.3415631178 0.4070249791 1.120919804 0.2907720103 -0.4108513674 
43 3 1.4967923217 1.6354812735 0.5136750278 0.091230953 0.5173219163 -0.1648774819 -0.213757766 
44 3 1.4260914242 0.5193510582 0.5388101497 0.9755755422 -0.321908933 0.7046985552 -0.3557001493 
45 3 1.5950864566 0.9743238092 0.8255114935 0.7444655012 -0.0285397331 -0.7365500258 -0.3718219394 
46 3 2.4914955415 2.3469647525 1.930387797 1.9301974837 -1.9956342677 2.1278947009 -1.8240497579 
47 3 1.5426423902 0.6345333979 0.1784694041 1.5667427422 0.2576685276 -0.8659404185 -0.1830331896 
48 3 2.3273144747 0.3751821043 4.8073983266 0.2338122332 1.1923790115 -0.2762840886 -0.7022874621 
49 3 2.0141795158 2.1375230304 0.0241612457 1.8952348455 -0.2256662872 -1.9951627701 0.2073053639 
50 3 2.0304768197 0.1373596355 2.1375694991 1.8479069805 0.2587050371 -0.4897391765 -0.5124979514 
51 3 1.6581482433 0.6851398894 1.2851294173 0.7791862901 0.4782492587 -0.6976660431 -0.2312274471 
52 3 2.1920752542 1.182132013 0.9013159372 2.7217459701 0.7361800876 0.2740404047 1.2556515064 
53 3 2.2875863306 2.6506699677 2.4653428859 0.1170383662 1.8600278889 -0.1394977092 -0.4546264902 
54 3 2.2526763723 3.2669801889 0.1239933014 1.6835773479 0.3553809577 2.3168200582 0.1931798981 
55 3 1.9853987604 0.119969748 1.1980855211 2.6237529686 -0.2780266093 0.1525347955 -1.5134733382 
56 3 2.2631973246 4.2104606774 0.2665949646 0.645006488 0.5993888909 0.9312086175 -0.1495467329 
57 3 1.9034055306 2.7880985476 0.5466125013 0.288241565 -1.2077795525 0.1953532111 -0.0044494738 
58 3 1.8987762086 0.9393255375 0.4153009995 2.2507245534 0.2262199434 -0.389274967 0.7745228023 
59 3 2.2435689669 4.0637091265 0.1912668649 0.7786257177 0.5285291679 -0.6535814732 -0.3722720551 
60 3 2.0278087771 0.8491286565 2.3836347138 0.8792450663 -1.2351100633 0.5413656896 -0.2274834905 
61 3 2.0817928498 0.9087239776 0.7698911066 2.6552463853 0.2374749751 -1.48518625 0.0135290436 
62 3 1.6080470457 0.3655048069 1.514802315 0.7055081794 -0.7187064153 -0.1525166099 0.0445527047 
63 3 1.9412834858 2.3969203268 0.1296265014 1.2420347439 0.1866017338 1.3060510035 0.3487536812 
64 3 1.8909847408 1.960574477 0.4849140718 1.130334741 -0.7896782604 -0.4197128303 -0.2476053404 
65 3 2.0228807986 0.926344423 0.7970454655 2.3686568367 0.0071162822 1.4462706718 -0.2858427263 
66 3 2.0222891193 0.4584023093 0.0719719348 3.5592790379 -0.0718195009 0.6349892465 0.3038863807 
67 3 2.1805361672 0.6210566143 0.6733011615 3.4603802007 0.209956691 0.0211677926 -1.4363916663 
68 3 2.0812597428 2.6908460236 1.0577288756 0.5830672176 0.0255574597 1.2468193699 -0.0633471529 
69 3 2.0833762345 2.7782509482 0.1638808055 1.3983247807 0.6486789495 -1.5289621638 -0.2738093227 
70 3 2.3880329537 2.9639831738 1.760580548 0.978137666 2.080042547 -1.6579209168 -1.0398921104 
71 3 1.8470361912 2.3083735106 0.8612529264 0.2419162544 -0.4019527292 0.5222037552 -0.4038910066 
72 3 2.1200654147 0.2777779378 4.1075848579 0.1093145669 -0.1302746276 -0.083019377 0.6236903899 
73 3 1.7061701075 1.1177161552 1.4544734092 0.3388268714 0.9190458082 -0.1701498698 -0.6075250028 
74 3 2.165808693 2.044872463 1.4401177551 1.2057370764 1.3298436608 0.1330149957 -0.7433505433 
75 3 2.3338225596 0.8408899517 1.3902353342 3.2156024539 -0.8221398283 -1.6441783513 1.5863020668 
76 3 1.8705654724 2.5192097496 0.6737870516 0.3060183851 -0.4623053784 -0.7470222724 -0.0860003823 
77 3 1.7139692749 1.2735009522 0.5813235798 1.0828661432 0.5687932702 1.1299557916 0.3425926433 
78 3 2.0769399103 0.8540630858 2.7219818272 0.7376344782 1.4478688118 0.78550565 1.2679216142 
79 3 1.8363585127 0.6001353021 0.8878672684 1.8842100166 0.51161303 0.6826729215 -0.125375201 
80 3 2.0470427687 0.0534628992 3.197829442 0.9390917559 0.2512918012 -0.0389382345 -1.5382547143 
81 3 1.9996017247 0.2049427119 2.3589723189 1.4344920266 -0.0120554054 0.540973673 -0.1558187866 
82 3 1.8240263051 0.4521670656 0.4430622607 2.4318426353 -0.0702464404 0.9086416204 0.3705415675 
83 3 2.4096083194 0.6783713519 4.6862400866 0.4416008142 1.6994263829 -0.5459052704 -1.3989516304 
84 3 2.0687938088 0.5956464277 0.0395929092 3.6446684865 -0.0295727926 0.7771807721 -0.35527447 
85 3 2.0415735813 1.1365853568 2.7497794227 0.2816579084 0.4233641442 0.3556512256 0.7970160685 
86 3 1.8413303823 2.0544426515 0.1655323504 1.1705225749 0.289188133 1.4446429682 0.0643986732 
87 3 1.9601197561 0.9983452674 0.7972444551 2.0464797359 0.3900442579 0.7515613508 -0.6835312337 
88 3 2.5374655602 0.5641845632 3.0111811229 2.863365783 0.634048145 0.5584745366 2.9322041241 
89 3 1.5673953326 1.5872742651 0.5870843987 0.282369465 -0.7637867662 0.4252318293 -0.3969310149 
90 3 1.740035957 0.0931471468 1.0770723036 1.8575056813 -0.0118612906 0.4021623758 0.3097978377 
91 2 1.4177214394 1.0301463241 0.1812778974 0.7985098582 -0.4321374314 -0.9069630617 0.3804631232 
92 2 1.5124875852 0.5413915062 0.2888031241 1.4574240651 -0.3954182069 -0.8882775522 0.6487747091 
93 2 1.5997380204 0.2680204043 0.0135657837 2.2775755458 0.0602984811 0.781304498 0.1757757013 
94 2 1.2057287934 0.3153392296 0.7717781415 0.3666645522 0.493327401 0.3400348767 0.5319621102 
95 2 1.262668687 1.3062628959 0.1066090605 0.1814602568 0.3731748385 0.4868621986 0.1390874095 
96 2 1.2527391548 0.0218582233 1.4975993546 0.049897812 0.1809277789 0.0330254072 0.2733622706 
97 2 1.4532617113 0.1285872205 1.2875501777 0.6958322034 0.406893719 -0.2991239358 -0.9465299135 
98 2 0.933471323 0.2959039972 0.005579217 0.5698854967 -0.0406314241 -0.4106475331 0.0563871871 
99 2 1.0573092862 0.7727668661 0.2719179795 0.0732180811 0.4583985219 0.2378665741 0.1411003639 
100 2 1.4552993645 1.6139526268 0.4520557105 0.051887903 0.8541642122 -0.2893866227 -0.1531542454 
101 2 1.5197793357 0.0435786568 1.2718768843 0.9942736881 0.2354287287 0.2081564601 1.1245415602 
102 2 1.3474352658 0.1378617291 5.7543814421e-05 1.6776625224 -0.0028165741 -0.4809214658 0.0098254313 
103 2 1.7334640412 0.0821265057 1.9614324707 0.9613386058 -0.4013546998 0.280982883 -1.3731717871 
104 2 0.9979311657 0.6351176844 0.3089620984 0.0517868286 0.4429754988 0.181358018 0.1264917675 
105 2 1.6197547861 0.5930666751 0.0074880547 2.0230508373 0.0666401957 1.0953556653 0.1230801172 
106 2 1.5535726699 0.4918961332 0.4919991434 1.4296927641 -0.4919476356 -0.8386061902 0.8386939938 
107 2 1.177433602 0.1574374067 5.9604644775e-06 1.2289065199 -9.6871051937e-04 0.4398589042 -0.0027064467 
108 2 1.5889106351 0.3728236188 0.0021635997 2.1496497878 -0.0284014275 0.8952319326 -0.0681981065 
109 2 1.5173157585 0.8515581982 0.6051027857 0.8455861271 0.7178302292 -0.8485669089 -0.7153086894 
110 2 1.7049631259 0.8352980041 1.0417583601 1.0298428965 -0.9328336823 0.9274835395 -1.0357834943 
111 2 1.0128027453 0.5949609094 0.0947204736 0.3360880179 0.2373920367 0.447168014 0.1784220172 
112 2 1.7029524054 0.5115587106 0.6573851639 1.7311030205 0.579906119 -0.9410424162 -1.0667715045 
113 2 1.6171068279 0.1669464366 2.3699805959 0.0781074603 0.6290149564 -0.114191778 -0.4302477952 
114 2 1.7312917135 1.8201148594 0.8401367459 0.3371193921 1.2365861778 0.7833236974 0.5321901812 
115 2 1.6412812102 0.758018645 0.8346143682 1.1011709978 0.7953950292 -0.9136236357 -0.9586725909 
116 2 1.3618700085 0.3225173853 1.5303235156 0.001849019 -0.7025353649 -0.0244200897 0.0531939592 
117 2 1.1346304881 0.8968027287 0.0106860862 0.3798975295 -0.0978943883 0.5836892505 -0.0637151296 
118 2 1.7222268098 0.2747181163 0.0891660643 2.6021810037 0.1565104892 -0.8454976426 -0.4816910201 
119 2 1.5902344694 0.0124391151 2.4963790404 0.0200275121 -0.1762178939 -0.0157836792 0.223598438 
120 2 1.2599883023 1.2809273817 0.3042725322 0.0023706079 -0.6243004229 0.0551051407 -0.026857231 
121 2 0.9938328338 0.1416381003 0.395698524 0.4503670773 0.2367403372 -0.2525651149 -0.4221487744 
122 2 1.535991922 0.7582526027 0.6747131157 0.9263054661 0.7152642701 0.838077282 0.7905633732 
123 2 0.599307801 0.2872533332 9.7531120355e-04 0.0709411959 0.0167380224 0.1427518651 0.0083180372 
124 2 1.353703897 0.1909925791 0.3641148563 1.2774068053 0.2637105146 0.4939384783 0.6819991168 
125 2 1.6331500624 0.0545991045 1.98955209 0.6230279318 0.3295872607 -0.1844363498 -1.1133492371 
126 2 0.9442798068 0.0238917692 0.0054651903 0.862307394 0.0114268572 -0.1435341397 -0.0686489187 
127 2 1.2430941162 0.0445598305 0.7711463515 0.7295767998 -0.1853703069 -0.1803047933 0.7500736546 
128 2 1.589990643 0.6584480145 0.1909750747 1.6786471555 -0.3546084584 1.0513333851 -0.5661976385 
129 2 1.6526115042 1.7038423161 0.0166581222 1.0106243456 -0.1684719962 -1.3122288389 0.1297501594 
130 2 1.5414989492 0.0227664588 2.0899355788 0.2635169727 -0.2181293936 -0.0774554602 0.7421142074 
131 2 1.7448719227 0.5882629717 2.4540177012 0.0022973537 1.2015022869 0.036762047 0.0750849292 
132 2 1.6820253435 1.122728909 1.0816584389 0.6248219082 1.1020023589 -0.8375593228 -0.8220972508 
133 2 1.4613981364 1.4574655126 0.114028656 0.5641903444 0.4076675527 0.9068009536 0.2536412165 
134 2 1.6162802121 0.2758051237 1.5670248795 0.7695317208 0.6574142459 -0.4606959859 -1.0981235596 
135 2 1.4791899597 0.5909812546 1.3214311281 0.2755905544 -0.8837086771 -0.4035701322 0.6034682569 
136 2 1.6893269007 0.0856299197 0.6630014 2.1051940578 -0.2382703437 0.4245793191 -1.181417203 
137 2 1.367828351 0.0119639337 0.9572698101 0.901720654 0.107017347 0.1038659046 0.9290801683 
138 2 1.4833234222 0.7709765641 0.7861754327 0.6430963779 0.7785389097 -0.7041393583 -0.7110461118 
139 2 1.5587746041 0.1778449667 2.0949670294 0.1569662702 0.6103927765 -0.1670798046 -0.5734449937 
140 2 0.9118372594 0.7788839837 0.0014583947 0.0511048093 0.0337034164 0.1995111963 0.0086331329 
141 2 0.9125066523 0.0225585746 0.8096371485 4.7266731508e-04 -0.1351453292 0.0032653791 -0.0195624389 
142 2 1.7056706333 1.1393834328 0.3950918031 1.3748370735 -0.6709404257 -1.2515856281 0.7370121154 
143 2 1.5694318302 0.2112965703 2.1873566426 0.0644630567 0.6798389197 -0.1167082808 -0.3755045877 
144 2 1.7238678702 1.6535105962 0.6261671021 0.6920427355 -1.0175332615 1.0697195876 -0.6582813944 
145 2 1.4435996204 0.8458409028 8.5217116066e-06 1.2381304396 0.0026847742 -1.0233578889 -0.0032482288 
146 2 1.2502464549 1.4461332257 0.0858831882 0.0310997841 -0.3524181209 -0.2120717594 0.0516812211 
147 2 1.4692669487 0.4688284724 0.0308645241 1.6590523702 0.12029201 0.8819359321 0.2262871225 
148 2 1.5025958787 0.2417796104 1.9482047122 0.0678100521 -0.6863207532 0.1280433051 -0.3634664539 
149 2 1.6734996673 0.0627859518 0.2055236893 2.5322914954 0.1135957765 0.3987384252 0.7214193583 
150 2 1.6514889676 2.2860144796 0.2122000054 0.2292013251 0.6964856674 0.7238491196 0.2205368958 
151 2 1.6082426765 0.0048975376 2.1812141888 0.4003327801 -0.1033565604 -0.0442791696 0.9344578857 
152 2 1.5242916809 0.5311434435 0.04042541 1.7518962748 0.14653222 -0.9646285399 -0.2661223878 
153 2 1.2070924043 0.453575356 0.4246414453 0.5788552712 0.4388700203 0.5124007082 0.4957881997 
154 2 1.7312793013 1.5201262437 0.3818509592 1.0953508161 0.7618803478 1.2903765038 0.6467308249 
155 2 0.9121275261 0.2363453253 0.5494714127 0.0461598858 0.3603678673 -0.1044493812 -0.159259341 
156 2 1.1308237091 0.8096285674 0.4111522002 0.0579814935 -0.5769580286 0.2166644261 -0.1543995422 
157 2 1.3702444826 0.2830428414 0.6080935212 0.9864335795 0.4148692783 -0.5283965965 -0.7744958804 
158 2 1.36153171 0.8434012829 0.0046992483 1.0056680661 -0.0629551591 -0.9209678263 0.068745065 
159 2 1.5013080655 0.811661847 0.5511707557 0.8910933048 0.6688529536 -0.8504507262 -0.7008170733 
160 2 1.7082999074 0.0020407874 2.8889569842 0.027290802 0.0767837688 -0.0074628899 -0.280788093 
161 2 1.4805415853 0.3921487858 1.7996895344 1.6506548128e-04 0.8400869394 -0.0080455098 -0.0172356206 
162 2 1.2354588733 1.2249098368 0.292919034 0.0085297567 -0.5989986695 0.1022163532 -0.0499852787 
163 2 1.2044531549 0.7368707994 0.0272273478 0.6866092551 0.1416440523 -0.7112962186 -0.136728011 
164 2 1.2590161753 0.8697730396 0.1515246887 0.5638240013 -0.3630318017 -0.7002848816 0.2922896787 
165 2 1.073951525 0.0085469406 0.6343099886 0.5105149489 -0.0736302233 -0.0660555897 0.5690560003 
166 2 1.6287441906 2.091124523 0.4938770365 0.0678060788 -1.0162472054 -0.3765513964 0.1829968995 
167 2 0.9925066111 0.0012098844 0.5181985303 0.4656609583 0.0250391761 0.0237359632 0.491227874 
168 2 1.6711073732 0.7627417224 0.6086726128 1.4211855177 -0.6813662723 1.0411520012 -0.930073493 
169 2 1.6851022437 2.9121587067e-04 2.7410889617 0.0981893942 0.0282532938 -0.0053473648 -0.518792699 
170 2 1.6767134528 1.3338164585 0.713709591 0.7638419531 0.9756831448 1.0093685991 0.73835041 
171 2 1.1142021175 1.0604879127 0.1801334487 8.2499711789e-04 -0.4370690392 0.0295786996 -0.0121905527 
172 2 1.6884320783 0.4541484512 2.2223023747 0.1743520572 -1.0046169328 -0.2813924604 0.6224652527 
173 2 1.2961679416 1.1022140307 0.1900027587 0.3878345435 -0.4576283498 -0.6538170045 0.2714583452 
174 2 1.0286092626 0.8000872017 0.2352894259 0.0226603877 0.433880235 -0.134648751 -0.0730188305 
175 2 1.7177512382 1.651665807e-04 0.0010591518 2.949444998 4.1825409244e-04 -0.022071469 -0.0558919499 
176 2 1.7260754171 0.3558844042 2.6049523969 0.0184995446 -0.9628405536 -0.0811399988 0.2195231948 
177 2 1.3631425578 0.9186584173 0.1342239797 0.8052752359 0.3511495248 0.8601005021 0.3287662497 
178 2 1.2466458764 0.0116802363 9.7984350668e-04 1.5414658615 -0.003383017 0.1341815394 -0.0388638047 
179 2 1.7206509235 0.9384469988 1.2518205047 0.770372097 -1.0838667795 0.8502666537 -0.9820221928 
180 2 1.7301229588 0.0478436354 0.4818852267 2.4635965904 -0.1518391949 0.3433182446 -1.0895736787 
181 2 1.4102938275 0.0274461761 0.0744109777 1.8870715262 0.045191778 -0.2275805297 -0.3747250155 
182 2 1.1324373189 1.2227929212 0.0574215008 0.0021998592 0.2649803855 -0.0518649424 -0.0112391822 
183 2 1.3645649112 0.0020759745 1.8324389315 0.0275224909 -0.0616773583 -0.0075588352 0.22457356 
184 2 0.9543950424 0.0405019771 0.8453037701 0.0250641497 -0.185031008 -0.0318613813 0.1455569313 
185 2 1.595456901 0.0674918059 1.0533495866 1.4246413305 0.2666317044 0.3100832406 1.2250083087 
186 2 1.6935438785 0.2457741596 2.5056359621 0.1166807468 0.7847423608 0.1693431796 0.5407027606 
187 2 1.3594869074 0.3270842113 1.4028481702 0.1182722697 -0.6773842982 -0.1966850072 0.4073303784 
188 2 0.917792987 0.8104714507 0.0270876318 0.0047848844 0.1481679864 0.0622736882 0.0113846909 
189 2 1.3684377637 0.3634695601 0.7077022685 0.8014500844 -0.5071767268 -0.5397246609 0.753118877 
190 2 1.5698348488 0.0849161574 1.2542544842 1.125210811 0.3263532921 0.3091093308 1.1879817782 
191 2 1.4019518264 0.4974499023 0.0468789795 1.4211400417 -0.1527086893 -0.8408007939 0.2581115939 
192 2 1.4249645686 0.0050448743 1.0550237252 0.9704554222 -0.0729552063 0.069970177 -1.0118564595 
193 2 1.2956522957 0.0937315934 1.2525291039 0.3324541741 0.3426390938 -0.1765260872 -0.6452972406 
194 1 0.0 0.0 0.0 0.0 0.0 0.0 0.0 
195 1 0.0 0.0 0.0 0.0 0.0 0.0 0.0 
196 1 0.0 0.0 0.0 0.0 0.0 0.0 0.0 
197 1 0.0 0.0 0.0 0.0 0.0 0.0 0.0 
198 1 0.0 0.0 0.0 0.0 0.0 0.0 0.0 
199 1 0.0 0.0 0.0 0.0 0.0 0.0 0.0 
200 1 0.0 0.0 0.0 0.0 0.0 0.0 0.0 
201 1 0.0 0.0 0.0 0.0 0.0 0.0 0.0 
202 1 0.0 0.0 0.0 0.0 0.0 0.0 0.0 
203 1 0.0 0.0 0.0 0.0 0.0 0.0 0.0 
204 1 0.0 0.0 0.0 0.0 0.0 0.0 0.0 
205 1 0.0 0.0 0.0 0.0 0.0 0.0 0.0 
206 1 0.0 0.0 0.0 0.0 0.0 0.0 0.0 
207 1 0.0 0.0 0.0 0.0 0.0 0.0 0.0 
208 1 0.0 0.0 0.0 0.0 0.0 0.0 0.0 
209 1 0.0 0.0 0.0 0.0 0.0 0.0 0.0 
210 1 0.0 0.0 0.0 0.0 0.0 0.0 0.0 
211 1 0.0 0.0 0.0 0.0 0.0 0.0 0.0 
212 1 0.0 0.0 0.0 0.0 0.0 0.0 0.0 
213 1 0.0 0.0 0.0 0.0 0.0 0.0 0.0 
214 1 0.0 0.0 0.0 0.0 0.0 0.0 0.0 
215 1 0.0 0.0 0.0 0.0 0.0 0.0 0.0 
216 1 0.0 0.0 0.0 0.0 0.0 0.0 0.0 
217 1 0.0 0.0 0.0 0.0 0.0 0.0 0.0 
218 1 0.0 0.0 0.0 0.0 0.0 0.0 0.0 
219 1 0.0 0.0 0.0 0.0 0.0 0.0 0.0 
220 1 0.0 0.0 0.0 0.0 0.0 0.0 0.0 
221 1 0.0 0.0 0.0 0.0 0.0 0.0 0.0 
222 1 0.0 0.0 0.0 0.0 0.0 0.0 0.0 
223 1 0.0 0.0 0.0 0.0 0.0 0.0 0.0 
224 1 0.0 0.0 0.0 0.0 0.0 0.0 0.0 
225 1 0.0 0.0 0.0 0.0 0.0 0.0 0.0 
226 1 0.0 0.0 0.0 0.0 0.0 0.0 0.0 
227 1 0.0 0.0 0.0 0.0 0.0 0.0 0.0 
228 1 0.0 0.0 0.0 0.0 0.0 0.0 0.0 
229 1 0.0 0.0 0.0 0.0 0.0 0.0 0.0 
230 1 0.0 0.0 0.0 0.0 0.0 0.0 0.0 
231 1 0.0 0.0 0.0 0.0 0.0 0.0 0.0 
232 1 0.0 0.0 0.0 0.0 0.0 0.0 0.0 
233 1 0.0 0.0 0.0 0.0 0.0 0.0 0.0 
234 1 0.0 0.0 0.0 0.0 0.0 0.0 0.0 
235 1 0.0 0.0 0.0 0.0 0.0 0.0 0.0 
236 1 0.0 0.0 0.0 0.0 0.0 0.0 0.0 
237 1 0.0 0.0 0.0 0.0 0.0 0.0 0.0 
238 1 0.0 0.0 0.0 0.0 0.0 0.0 0.0 
239 1 0.0 0.0 0.0 0.0 0.0 0.0 0.0 
240 1 0.0 0.0 0.0 0.0 0.0 0.0 0.0 
241 1 0.0 0.0 0.0 0.0 0.0 0.0 0.0 
242 1 0.0 0.0 0.0 0.0 0.0 0.0 0.0 
243 1 0.0 0.0 0.0 0.0 0.0 0.0 0.0 
244 1 0.0 0.0 0.0 0.0 0.0 0.0 0.0 
245 1 0.0 0.0 0.0 0.0 0.0 0.0 0.0 
246 1 0.0 0.0 0.0 0.0 0.0 0.0 0.0 
247 1 0.0 0.0 0.0 0.0 0.0 0.0 0.0 
248 1 0.0 0.0 0.0 0.0 0.0 0.0 0.0 
249 1 0.0 0.0 0.0 0.0 0.0 0.0 0.0 
250 1 0.0 0.0 0.0 0.0 0.0 0.0 0.0 
251 1 0.0 0.0 0.0 0.0 0.0 0.0 0.0 
252 1 0.0 0.0 0.0 0.0 0.0 0.0 0.0 
253 1 0.0 0.0 0.0 0.0 0.0 0.0 0.0 
254 1 0.0 0.0 0.0 0.0 0.0 0.0 0.0 
255 1 0.0 0.0 0.0 0.0 0.0 0.0 0.0 
256 1 0.0 0.0 0.0 0.0 0.0 0.0 0.0 
257 1 0.0 0.0 0.0 0.0 0.0 0.0 0.0 
258 1 0.0 0.0 0.0 0.0 0.0 0.0 0.0 
259 1 0.0 0.0 0.0 0.0 0.0 0.0 0.0 
260 1 0.0 0.0 0.0 0.0 0.0 0.0 0.0 
261 1 0.0 0.0 0.0 0.0 0.0 0.0 0.0 
262 1 0.0 0.0 0.0 0.0 0.0 0.0 0.0 
263 1 0.0 0.0 0.0 0.0 0.0 0.0 0.0 
264 1 0.0 0.0 0.0 0.0 0.0 0.0 0.0 
265 1 0.0 0.0 0.0 0.0 0.0 0.0 0.0 
266 1 0.0 0.0 0.0 0.0 0.0 0.0 0.0 
267 1 0.0 0.0 0.0 0.0 0.0 0.0 0.0 
268 1 0.0 0.0 0.0 0.0 0.0 0.0 0.0 
269 1 0.0 0.0 0.0 0.0 0.0 0.0 0.0 
270 1 0.0 0.0 0.0 0.0 0.0 0.0 0.0 
271 1 0.0 0.0 0.0 0.0 0.0 0.0 0.0 
272 1 0.0 0.0 0.0 0.0 0.0 0.0 0.0 
273 1 0.0 0.0 0.0 0.0 0.0 0.0 0.0 
274 1 0.0 0.0 0.0 0.0 0.0 0.0 0.0 
275 1 0.0 0.0 0.0 0.0 0.0 0.0 0.0 
276 1 0.0 0.0 0.0 0.0 0.0 0.0 0.0 
277 1 0.0 0.0 0.0 0.0 0.0 0.0 0.0 
278 1 0.0 0.0 0.0 0.0 0.0 0.0 0.0 
279 1 0.0 0.0 0.0 0.0 0.0 0.0 0.0 
280 1 0.0 0.0 0.0 0.0 0.0 0.0 0.0 
281 1 0.0 0.0 0.0 0.0 0.0 0.0 0.0 
282 1 0.0 0.0 0.0 0.0 0.0 0.0 0.0 
283 1 0.0 0.0 0.0 0.0 0.0 0.0 0.0 
284 1 0.0 0.0 0.0 0.0 0.0 0.0 0.0 
285 1 0.0 0.0 0.0 0.0 0.0 0.0 0.0 
286 1 0.0 0.0 0.0 0.0 0.0 0.0 0.0 
287 1 0.0 0.0 0.0 0.0 0.0 0.0 0.0 
288 1 0.0 0.0 0.0 0.0 0.0 0.0 0.0 
289 1 0.0 0.0 0.0 0.0 0.0 0.0 0.0 
290 1 0.0 0.0 0.0 0.0 0.0 0.0 0.0 
291 1 0.0 0.0 0.0 0.0 0.0 0.0 0.0 
292 1 0.0 0.0 0.0 0.0 0.0 0.0 0.0 
293 1 0.0 0.0 0.0 0.0 0.0 0.0 0.0 
294 1 0.0 0.0 0.0 0.0 0.0 0.0 0.0 
295 1 0.0 0.0 0.0 0.0 0.0 0.0 0.0 
296 1 0.0 0.0 0.0 0.0 0.0 0.0 0.0 
297 1 0.0 0.0 0.0 0.0 0.0 0.0 0.0 
298 1 0.0 0.0 0.0 0.0 0.0 0.0 0.0 
299 1 0.0 0.0 0.0 0.0 0.0 0.0 0.0 
300 1 0.0 0.0 0.0 0.0 0.0 0.0 0.0 
301 1 0.0 0.0 0.0 0.0 0.0 0.0 0.0 
302 1 0.0 0.0 0.0 0.0 0.0 0.0 0.0 
303 1 0.0 0.0 0.0 0.0 0.0 0.0 0.0 
304 1 0.0 0.0 0.0 0.0 0.0 0.0 0.0 
305 1 0.0 0.0 0.0 0.0 0.0 0.0 0.0 
306 1 0.0 0.0 0.0 0.0 0.0 0.0 0.0 
307 1 0.0 0.0 0.0 0.0 0.0 0.0 0.0 
308 1 0.0 0.0 0.0 0.0 0.0 0.0 0.0 
309 1 0.0 0.0 0.0 0.0 0.0 0.0 0.0 
310 1 0.0 0.0 0.0 0.0 0.0 0.0 0.0 
311 1 0.0 0.0 0.0 0.0 0.0 0.0 0.0 
312 1 0.0 0.0 0.0 0.0 0.0 0.0 0.0 
313 1 0.0 0.0 0.0 0.0 0.0 0.0 0.0 
314 1 0.0 0.0 0.0 0.0 0.0 0.0 0.0 
315 1 0.0 0.0 0.0 0.0 0.0 0.0 0.0 
316 1 0.0 0.0 0.0 0.0 0.0 0.0 0.0 
317 1 0.0 0.0 0.0 0.0 0.0 0.0 0.0 
318 1 0.0 0.0 0.0 0.0 0.0 0.0 0.0 
319 1 0.0 0.0 0.0 0.0 0.0 0.0 0.0 
320 1 0.0 0.0 0.0 0.0 0.0 0.0 0.0 
321 1 0.0 0.0 0.0 0.0 0.0 0.0 0.0 
322 1 0.0 0.0 0.0 0.0 0.0 0.0 0.0 
323 1 0.0 0.0 0.0 0.0 0.0 0.0 0.0 
324 1 0.0 0.0 0.0 0.0 0.0 0.0 0.0 
325 1 0.0 0.0 0.0 0.0 0.0 0.0 0.0 
326 1 0.0 0.0 0.0 0.0 0.0 0.0 0.0 
327 1 0.0 0.0 0.0 0.0 0.0 0.0 0.0 
328 1 0.0 0.0 0.0 0.0 0.0 0.0 0.0 
329 1 0.0 0.0 0.0 0.0 0.0 0.0 0.0 
330 1 0.0 0.0 0.0 0.0 0.0 0.0 0.0 
331 1 0.0 0.0 0.0 0.0 0.0 0.0 0.0 
332 1 0.0 0.0 0.0 0.0 0.0 0.0 0.0 
333 1 0.0 0.0 0.0 0.0 0.0 0.0 0.0 
334 1 0.0 0.0 0.0 0.0 0.0 0.0 0.0 
335 1 0.0 0.0 0.0 0.0 0.0 0.0 0.0 
336 1 0.0 0.0 0.0 0.0 0.0 0.0 0.0 
337 1 0.0 0.0 0.0 0.0 0.0 0.0 0.0 
338 1 0.0 0.0 0.0 0.0 0.0 0.0 0.0 
339 1 0.0 0.0 0.0 0.0 0.0 0.0 0.0 
340 1 0.0 0.0 0.0 0.0 0.0 0.0 0.0 
341 1 0.0 0.0 0.0 0.0 0.0 0.0 0.0 
342 1 0.0 0.0 0.0 0.0 0.0 0.0 0.0 
343 1 0.0 0.0 0.0 0.0 0.0 0.0 0.0 
344 1 0.0 0.0 0.0 0.0 0.0 0.0 0.0 
345 1 0.0 0.0 0.0 0.0 0.0 0.0 0.0 
346 1 0.0 0.0 0.0 0.0 0.0 0.0 0.0 
347 1 0.0 0.0 0.0 0.0 0.0 0.0 0.0 
348 1 0.0 0.0 0.0 0.0 0.0 0.0 0.0 
349 1 0.0 0.0 0.0 0.0 0.0 0.0 0.0 
350 1 0.0 0.0 0.0 0.0 0.0 0.0 0.0 
351 1 0.0 0.0 0.0 0.0 0.0 0.0 0.0 
352 1 0.0 0.0 0.0 0.0 0.0 0.0 0.0 
353 1 0.0 0.0 0.0 0.0 0.0 0.0 0.0 
354 1 0.0 0.0 0.0 0.0 0.0 0.0 0.0 
355 1 0.0 0.0 0.0 0.0 0.0 0.0 0.0 
356 1 0.0 0.0 0.0 0.0 0.0 0.0 0.0 
357 1 0.0 0.0 0.0 0.0 0.0 0.0 0.0 
358 1 0.0 0.0 0.0 0.0 0.0 0.0 0.0 
359 1 0.0 0.0 0.0 0.0 0.0 0.0 0.0 
360 1 0.0 0.0 0.0 0.0 0.0 0.0 0.0 
361 1 0.0 0.0 0.0 0.0 0.0 0.0 0.0 
362 1 0.0 0.0 0.0 0.0 0.0 0.0 0.0 
363 1 0.0 0.0 0.0 0.0 0.0 0.0 0.0 
364 1 0.0 0.0 0.0 0.0 0.0 0.0 0.0 
365 1 0.0 0.0 0.0 0.0 0.0 0.0 0.0 
366 1 0.0 0.0 0.0 0.0 0.0 0.0 0.0 
367 1 0.0 0.0 0.0 0.0 0.0 0.0 0.0 
368 1 0.0 0.0 0.0 0.0 0.0 0.0 0.0 
369 1 0.0 0.0 0.0 0.0 0.0 0.0 0.0 
370 1 0.0 0.0 0.0 0.0 0.0 0.0 0.0 
371 1 0.0 0.0 0.0 0.0 0.0 0.0 0.0 
372 1 0.0 0.0 0.0 0.0 0.0 0.0 0.0 
373 1 0.0 0.0 0.0 0.0 0.0 0.0 0.0 
374 1 0.0 0.0 0.0 0.0 0.0 0.0 0.0 
375 1 0.0 0.0 0.0 0.0 0.0 0.0 0.0 
376 1 0.0 0.0 0.0 0.0 0.0 0.0 0.0 
377 1 0.0 0.0 0.0 0.0 0.0 0.0 0.0 
378 1 0.0 0.0 0.0 0.0 0.0 0.0 0.0 
379 1 0.0 0.0 0.0 0.0 0.0 0.0 0.0 
380 1 0.0 0.0 0.0 0.0 0.0 0.0 0.0 
381 1 0.0 0.0 0.0 0.0 0.0 0.0 0.0 
382 1 0.0 0.0 0.0 0.0 0.0 0.0 0.0 
383 1 0.0 0.0 0.0 0.0 0.0 0.0 0.0 
384 1 0.0 0.0 0.0 0.0 0.0 0.0 0.0 
385 1 0.0 0.0 0.0 0.0 0.0 0.0 0.0 
386 1 0.0 0.0 0.0 0.0 0.0 0.0 0.0 
387 1 0.0 0.0 0.0 0.0 0.0 0.0 0.0 
388 1 0.0 0.0 0.0 0.0 0.0 0.0 0.0 
389 1 0.0 0.0 0.0 0.0 0.0 0.0 0.0 
390 1 0.0 0.0 0.0 0.0 0.0 0.0 0.0 
391 1 0.0 0.0 0.0 0.0 0.0 0.0 0.0 
392 1 0.0 0.0 0.0 0.0 0.0 0.0 0.0 
393 1 0.0 0.0 0.0 0.0 0.0 0.0 0.0 
394 1 0.0 0.0 0.0 0.0 0.0 0.0 0.0 
395 1 0.0 0.0 0.0 0.0 0.0 0.0 0.0 
396 1 0.0 0.0 0.0 0.0 0.0 0.0 0.0 
397 1 0.0 0.0 0.0 0.0 0.0 0.0 0.0 
398 1 0.0 0.0 0.0 0.0 0.0 0.0 0.0 
399 1 0.0 0.0 0.0 0.0 0.0 0.0 0.0 
400 1 0.0 0.0 0.0 0.0 0.0 0.0 0.0 
401 1 0.0 0.0 0.0 0.0 0.0 0.0 0.0 
402 1 0.0 0.0 0.0 0.0 0.0 0.0 0.0 
403 1 0.0 0.0 0.0 0.0 0.0 0.0 0.0 
404 1 0.0 0.0 0.0 0.0 0.0 0.0 0.0 
405 1 0.0 0.0 0.0 0.0 0.0 0.0 0.0 
406 1 0.0 0.0 0.0 0.0 0.0 0.0 0.0 
407 1 0.0 0.0 0.0 0.0 0.0 0.0 0.0 
408 1 0.0 0.0 0.0 0.0 0.0 0.0 0.0 
409 1 0.0 0.0 0.0 0.0 0.0 0.0 0.0 
410 1 0.0 0.0 0.0 0.0 0.0 0.0 0.0 
411 1 0.0 0.0 0.0 0.0 0.0 0.0 0.0 
412 1 0.0 0.0 0.0 0.0 0.0 0.0 0.0 
413 1 0.0 0.0 0.0 0.0 0.0 0.0 0.0 
414 1 0.0 0.0 0.0 0.0 0.0 0.0 0.0 
415 1 0.0 0.0 0.0 0.0 0.0 0.0 0.0 
416 1 0.0 0.0 0.0 0.0 0.0 0.0 0.0 
417 1 0.0 0.0 0.0 0.0 0.0 0.0 0.0 
418 1 0.0 0.0 0.0 0.0 0.0 0.0 0.0 
419 1 0.0 0.0 0.0 0.0 0.0 0.0 0.0 
420 1 0.0 0.0 0.0 0.0 0.0 0.0 0.0 
421 1 0.0 0.0 0.0 0.0 0.0 0.0 0.0 
422 1 0.0 0.0 0.0 0.0 0.0 0.0 0.0 
423 1 0.0 0.0 0.0 0.0 0.0 0.0 0.0 
424 1 0.0 0.0 0.0 0.0 0.0 0.0 0.0 
425 1 0.0 0.0 0.0 0.0 0.0 0.0 0.0 
426 1 0.0 0.0 0.0 0.0 0.0 0.0 0.0 
427 1 0.0 0.0 0.0 0.0 0.0 0.0 0.0 
428 1 0.0 0.0 0.0 0.0 0.0 0.0 0.0 
429 1 0.0 0.0 0.0 0.0 0.0 0.0 0.0 
430 1 0.0 0.0 0.0 0.0 0.0 0.0 0.0 
431 1 0.0 0.0 0.0 0.0 0.0 0.0 0.0 
432 1 0.0 0.0 0.0 0.0 0.0 0.0 0.0 
433 1 0.0 0.0 0.0 0.0 0.0 0.0 0.0 
434 1 0.0 0.0 0.0 0.0 0.0 0.0 0.0 
435 1 0.0 0.0 0.0 0.0 0.0 0.0 0.0 
436 1 0.0 0.0 0.0 0.0 0.0 0.0 0.0 
437 1 0.0 0.0 0.0 0.0 0.0 0.0 0.0 
438 1 0.0 0.0 0.0 0.0 0.0 0.0 0.0 
439 1 0.0 0.0 0.0 0.0 0.0 0.0 0.0 
440 1 0.0 0.0 0.0 0.0 0.0 0.0 0.0 
441 1 0.0 0.0 0.0 0.0 0.0 0.0 0.0 
442 1 0.0 0.0 0.0 0.0 0.0 0.0 0.0 
443 1 0.0 0.0 0.0 0.0 0.0 0.0 0.0 
444 1 0.0 0.0 0.0 0.0 0.0 0.0 0.0 
445 1 0.0 0.0 0.0 0.0 0.0 0.0 0.0 
446 1 0.0 0.0 0.0 0.0 0.0 0.0 0.0 
447 1 0.0 0.0 0.0 0.0 0.0 0.0 0.0 
448 1 0.0 0.0 0.0 0.0 0.0 0.0 0.0 
449 1 0.0 0.0 0.0 0.0 0.0 0.0 0.0 
450 1 0.0 0.0 0.0 0.0 0.0 0.0 0.0 
451 1 0.0 0.0 0.0 0.0 0.0 0.0 0.0 
452 1 0.0 0.0 0.0 0.0 0.0 0.0 0.0 
453 1 0.0 0.0 0.0 0.0 0.0 0.0 0.0 
454 1 0.0 0.0 0.0 0.0 0.0 0.0 0.0 
455 1 0.0 0.0 0.0 0.0 0.0 0.0 0.0 
456 1 0.0 0.0 0.0 0.0 0.0 0.0 0.0 
457 1 0.0 0.0 0.0 0.0 0.0 0.0 0.0 
458 1 0.0 0.0 0.0 0.0 0.0 0.0 0.0 
459 1 0.0 0.0 0.0 0.0 0.0 0.0 0.0 
460 1 0.0 0.0 0.0 0.0 0.0 0.0 0.0 
461 1 0.0 0.0 0.0 0.0 0.0 0.0 0.0 
462 1 0.0 0.0 0.0 0.0 0.0 0.0 0.0 
463 1 0.0 0.0 0.0 0.0 0.0 0.0 0.0 
464 1 0.0 0.0 0.0 0.0 0.0 0.0 0.0 
465 1 0.0 0.0 0.0 0.0 0.0 0.0 0.0 
466 1 0.0 0.0 0.0 0.0 0.0 0.0 0.0 
467 1 0.0 0.0 0.0 0.0 0.0 0.0 0.0 
468 1 0.0 0.0 0.0 0.0 0.0 0.0 0.0 
469 1 0.0 0.0 0.0 0.0 0.0 0.0 0.0 
470 1 0.0 0.0 0.0 0.0 0.0 0.0 0.0 
471 1 0.0 0.0 0.0 0.0 0.0 0.0 0.0 
472 1 0.0 0.0 0.0 0.0 0.0 0.0 0.0 
473 1 0.0 0.0 0.0 0.0 0.0 0.0 0.0 
474 1 0.0 0.0 0.0 0.0 0.0 0.0 0.0 
475 1 0.0 0.0 0.0 0.0 0.0 0.0 0.0 
476 1 0.0 0.0 0.0 0.0 0.0 0.0 0.0 
477 1 0.0 0.0 0.0 0.0 0.0 0.0 0.0 
478 1 0.0 0.0 0.0 0.0 0.0 0.0 0.0 
479 1 0.0 0.0 0.0 0.0 0.0 0.0 0.0 
480 1 0.0 0.0 0.0 0.0 0.0 0.0 0.0 
481 1 0.0 0.0 0.0 0.0 0.0 0.0 0.0 
482 1 0.0 0.0 0.0 0.0 0.0 0.0 0.0 
483 1 0.0 0.0 0.0 0.0 0.0 0.0 0.0 
484 1 0.0 0.0 0.0 0.0 0.0 0.0 0.0 
485 1 0.0 0.0 0.0 0.0 0.0 0.0 0.0 
486 1 0.0 0.0 0.0 0.0 0.0 0.0 0.0 
487 1 0.0 0.0 0.0 0.0 0.0 0.0 0.0 
488 1 0.0 0.0 0.0 0.0 0.0 0.0 0.0 
489 1 0.0 0.0 0.0 0.0 0.0 0.0 0.0 
490 1 0.0 0.0 0.0 0.0 0.0 0.0 0.0 
491 1 0.0 0.0 0.0 0.0 0.0 0.0 0.0 
492 1 0.0 0.0 0.0 0.0 0.0 0.0 0.0 
493 1 0.0 0.0 0.0 0.0 0.0 0.0 0.0 
494 1 0.0 0.0 0.0 0.0 0.0 0.0 0.0 
495 1 0.0 0.0 0.0 0.0 0.0 0.0 0.0 
496 1 0.0 0.0 0.0 0.0 0.0 0.0 0.0 
497 1 0.0 0.0 0.0 0.0 0.0 0.0 0.0 
498 1 0.0 0.0 0.0 0.0 0.0 0.0 0.0 
499 1 0.0 0.0 0.0 0.0 0.0 0.0 0.0 
500 1 0.0 0.0 0.0 0.0 0.0 0.0 0.0 
501 1 0.0 0.0 0.0 0.0 0.0 0.0 0.0 
502 1 0.0 0.0 0.0 0.0 0.0 0.0 0.0 
503 1 0.0 0.0 0.0 0.0 0.0 0.0 0.0 
504 1 0.0 0.0 0.0 0.0 0.0 0.0 0.0 
505 1 0.0 0.0 0.0 0.0 0.0 0.0 0.0 
506 1 0.0 0.0 0.0 0.0 0.0 0.0 0.0 
507 1 0.0 0.0 0.0 0.0 0.0 0.0 0.0 
508 1 0.0 0.0 0.0 0.0 0.0 0.0 0.0 
509 1 0.0 0.0 0.0 0.0 0.0 0.0 0.0 
510 1 0.0 0.0 0.0 0.0 0.0 0.0 0.0 
511 1 0.0 0.0 0.0 0.0 0.0 0.0 0.0 
512 1 0.0 0.0 0.0 0.0 0.0 0.0 0.0 
513 1 0.0 0.0 0.0 0.0 0.0 0.0 0.0 
514 1 0.0 0.0 0.0 0.0 0.0 0.0 0.0 
515 1 0.0 0.0 0.0 0.0 0.0 0.0 0.0 
516 1 0.0 0.0 0.0 0.0 0.0 0.0 0.0 
517 1 0.0 0.0 0.0 0.0 0.0 0.0 0.0 
518 1 0.0 0.0 0.0 0.0 0.0 0.0 0.0 
519 1 0.0 0.0 0.0 0.0 0.0 0.0 0.0 
520 1 0.0 0.0 0.0 0.0 0.0 0.0 0.0 
521 1 0.0 0.0 0.0 0.0 0.0 0.0 0.0 
522 1 0.0 0.0 0.0 0.0 0.0 0.0 0.0 
523 1 0.0 0.0 0.0 0.0 0.0 0.0 0.0 
524 1 0.0 0.0 0.0 0.0 0.0 0.0 0.0 
525 1 0.0 0.0 0.0 0.0 0.0 0.0 0.0 
526 1 0.0 0.0 0.0 0.0 0.0 0.0 0.0 
527 1 0.0 0.0 0.0 0.0 0.0 0.0 0.0 
528 1 0.0 0.0 0.0 0.0 0.0 0.0 0.0 
529 1 0.0 0.0 0.0 0.0 0.0 0.0 0.0 
530 1 0.0 0.0 0.0 0.0 0.0 0.0 0.0 
531 1 0.0 0.0 0.0 0.0 0.0 0.0 0.0 
532 1 0.0 0.0 0.0 0.0 0.0 0.0 0.0 
533 1 0.0 0.0 0.0 0.0 0.0 0.0 0.0 
534 1 0.0 0.0 0.0 0.0 0.0 0.0 0.0 
535 1 0.0 0.0 0.0 0.0 0.0 0.0 0.0 
536 1 0.0 0.0 0.0 0.0 0.0 0.0 0.0 
537 1 0.0 0.0 0.0 0.0 0.0 0.0 0.0 
538 1 0.0 0.0 0.0 0.0 0.0 0.0 0.0 
539 1 0.0 0.0 0.0 0.0 0.0 0.0 0.0 
540 1 0.0 0.0 0.0 0.0 0.0 0.0 0.0 
541 1 0.0 0.0 0.0 0.0 0.0 0.0 0.0 
542 1 0.0 0.0 0.0 0.0 0.0 0.0 0.0 
543 1 0.0 0.0 0.0 0.0 0.0 0.0 0.0 
544 1 0.0 0.0 0.0 0.0 0.0 0.0 0.0 
545 1 0.0 0.0 0.0 0.0 0.0 0.0 0.0 
546 1 0.0 0.0 0.0 0.0 0.0 0.0 0.0 
547 1 0.0 0.0 0.0 0.0 0.0 0.0 0.0 
548 1 0.0 0.0 0.0 0.0 0.0 0.0 0.0 
549 1 0.0 0.0 0.0 0.0 0.0 0.0 0.0 
550 1 0.0 0.0 0.0 0.0 0.0 0.0 0.0 
551 1 0.0 0.0 0.0 0.0 0.0 0.0 0.0 
552 1 0.0 0.0 0.0 0.0 0.0 0.0 0.0 
553 1 0.0 0.0 0.0 0.0 0.0 0.0 0.0 
554 1 0.0 0.0 0.0 0.0 0.0 0.0 0.0 
555 1 0.0 0.0 0.0 0.0 0.0 0.0 0.0 
556 1 0.0 0.0 0.0 0.0 0.0 0.0 0.0 
557 1 0.0 0.0 0.0 0.0 0.0 0.0 0.0 
558 1 0.0 0.0 0.0 0.0 0.0 0.0 0.0 
559 1 0.0 0.0 0.0 0.0 0.0 0.0 0.0 
560 1 0.0 0.0 0.0 0.0 0.0 0.0 0.0 
561 1 0.0 0.0 0.0 0.0 0.0 0.0 0.0 
562 1 0.0 0.0 0.0 0.0 0.0 0.0 0.0 
563 1 0.0 0.0 0.0 0.0 0.0 0.0 0.0 
564 1 0.0 0.0 0.0 0.0 0.0 0.0 0.0 
565 1 0.0 0.0 0.0 0.0 0.0 0.0 0.0 
566 1 0.0 0.0 0.0 0.0 0.0 0.0 0.0 
567 1 0.0 0.0 0.0 0.0 0.0 0.0 0.0 
568 1 0.0 0.0 0.0 0.0 0.0 0.0 0.0 
569 1 0.0 0.0 0.0 0.0 0.0 0.0 0.0 
570 1 0.0 0.0 0.0 0.0 0.0 0.0 0.0 
571 1 0.0 0.0 0.0 0.0 0.0 0.0 0.0 
572 1 0.0 0.0 0.0 0.0 0.0 0.0 0.0 
573 1 0.0 0.0 0.0 0.0 0.0 0.0 0.0 
574 1 0.0 0.0 0.0 0.0 0.0 0.0 0.0 
575 1 0.0 0.0 0.0 0.0 0.0 0.0 0.0 
576 1 0.0 0.0 0.0 0.0 0.0 0.0 0.0 
577 1 0.0 0.0 0.0 0.0 0.0 0.0 0.0 
578 1 0.0 0.0 0.0 0.0 0.0 0.0 0.0 
579 1 0.0 0.0 0.0 0.0 0.0 0.0 0.0 
580 1 0.0 0.0 0.0 0.0 0.0 0.0 0.0 
581 1 0.0 0.0 0.0 0.0 0.0 0.0 0.0 
582 1 0.0 0.0 0.0 0.0 0.0 0.0 0.0 
583 1 0.0 0.0 0.0 0.0 0.0 0.0 0.0 
584 1 0.0 0.0 0.0 0.0 0.0 0.0 0.0 
585 1 0.0 0.0 0.0 0.0 0.0 0.0 0.0 
586 1 0.0 0.0 0.0 0.0 0.0 0.0 0.0 
587 1 0.0 0.0 0.0 0.0 0.0 0.0 0.0 
588 1 0.0 0.0 0.0 0.0 0.0 0.0 0.0 
589 1 0.0 0.0 0.0 0.0 0.0 0.0 0.0 
590 1 0.0 0.0 0.0 0.0 0.0 0.0 0.0 
591 1 0.0 0.0 0.0 0.0 0.0 0.0 0.0 
592 1 0.0 0.0 0.0 0.0 0.0 0.0 0.0 
593 1 0.0 0.0 0.0 0.0 0.0 0.0 0.0 
594 1 0.0 0.0 0.0 0.0 0.0 0.0 0.0 
595 1 0.0 0.0 0.0 0.0 0.0 0.0 0.0 
596 1 0.0 0.0 0.0 0.0 0.0 0.0 0.0 
597 1 0.0 0.0 0.0 0.0 0.0 0.0 0.0 
598 1 0.0 0.0 0.0 0.0 0.0 0.0 0.0 
599 1 0.0 0.0 0.0 0.0 0.0 0.0 0.0 
600 1 0.0 0.0 0.0 0.0 0.0 0.0 0.0 
601 1 0.0 0.0 0.0 0.0 0.0 0.0 0.0 
602 1 0.0 0.0 0.0 0.0 0.0 0.0 0.0 
603 1 0.0 0.0 0.0 0.0 0.0 0.0 0.0 
604 1 0.0 0.0 0.0 0.0 0.0 0.0 0.0 
605 1 0.0 0.0 0.0 0.0 0.0 0.0 0.0 
606 1 0.0 0.0 0.0 0.0 0.0 0.0 0.0 
607 1 0.0 0.0 0.0 0.0 0.0 0.0 0.0 
608 1 0.0 0.0 0.0 0.0 0.0 0.0 0.0 
609 1 0.0 0.0 0.0 0.0 0.0 0.0 0.0 
610 1 0.0 0.0 0.0 0.0 0.0 0.0 0.0 
611 1 0.0 0.0 0.0 0.0 0.0 0.0 0.0 
612 1 0.0 0.0 0.0 0.0 0.0 0.0 0.0 
