# Cluster list (39 data points):
# "Cluster Identifier" "Cluster Size" "Radius of Gyration" "Gyration Tensor.XX" "Gyration Tensor.YY" "Gyration Tensor.ZZ" "Gyration Tensor.XY" "Gyration Tensor.XZ" "Gyration Tensor.YZ"
1 76 4.1066513776 6.3906824659 4.785310085 5.688592986 1.7892885419 -2.3200956322 -1.2549944953 
2 74 3.9202710166 6.1980813585 4.9055615729 4.2648819124 0.87760497 0.2398050808 0.9818680403 
3 70 3.9167110896 4.5912765388 7.2270679 3.5222813205 -1.1608340813 -0.5521379285 0.6686076239 
4 58 3.5535129075 4.8780581577 3.831844658 3.9175511679 0.4424225004 -0.2345295311 -0.0764501847 
5 53 3.4613169982 4.1295450807 4.1369420392 3.7142282418 0.2335313021 -0.0628040717 0.4169402147 
6 47 3.3425102349 4.116353694 3.8237509794 3.2322699972 0.5259504699 0.671676252 0.0430624202 
7 43 3.3190870768 3.8791014042 4.6173267518 2.5199108676 1.072121603 0.0523493239 0.2170527807 
8 39 3.1447842929 2.7689458472 4.3601372526 2.7605851492 0.3204210773 -0.0978475046 -0.3449518799 
9 36 3.1072179051 2.6123358202 3.7754417541 3.2670255353 0.1273143319 0.1277618966 -1.1621294331 
10 33 3.0102799699 2.7770830928 3.838840234 2.4458621706 -0.7333596721 0.0489537254 0.2260550607 
11 31 2.9209554046 1.998335099 3.2025213985 3.3311239784 -0.0868157791 -0.4092825563 -0.0372757528 
12 31 2.9862171179 3.5318556196 2.1978912494 3.1877458065 0.4977745933 -1.1305433321 -0.3831473592 
13 31 2.9360244511 3.5852879799 2.5028467971 2.5321048004 0.4310580569 -0.0076853956 0.3812552046 
14 28 2.8082738972 2.2701320914 2.4348426371 3.1814275533 0.1963631063 0.5495906516 -0.1835124332 
15 27 2.8184527496 2.1577765094 2.3685274219 3.4173719703 -0.342265958 -0.213319265 0.8954108478 
16 23 2.6182327089 1.9905115769 2.6838207955 2.1808101455 -0.004238019 0.2789266209 -0.0037582245 
17 21 2.5676474849 2.2840361066 2.0212519077 2.2875255922 0.5212156417 0.2324754028 -0.1150202584 
18 20 2.4975409533 1.5567349073 2.4612103538 2.2197655525 -0.0261910115 -0.1411439641 -0.162310945 
19 20 2.4878359667 2.7054143144 1.8856012415 1.5983122413 0.0723618033 -0.4688294391 0.0485309678 
20 18 2.4653499174 2.1903783332 1.8930388042 1.9945330776 -0.1446052021 0.3463506962 -0.7203645654 
21 17 2.4086374897 2.2303034194 1.9047207917 1.6665103457 0.4689569766 -0.2729230526 0.3774943521 
22 16 2.3009342071 1.4289077382 2.2155189675 1.6498715198 -0.4405662304 0.0080548606 -0.0696659409 
23 15 2.2495847982 1.5200650299 2.128118024 1.4124487105 -0.3501073573 -0.0127781779 0.226980533 
24 15 2.2436435614 1.743560829 1.7605229337 1.529852668 0.4501218739 0.3272056098 0.2208599696 
25 14 2.1768698522 1.4955001338 1.4379324269 1.8053297929 -0.1247823021 -0.2543503641 0.2751826699 
26 14 2.1575777536 1.3863737051 1.6866692315 1.5820988263 -0.0157525227 0.0106263703 -0.2936892069 
27 14 2.1828623935 2.0021684028 1.3773245988 1.3853952274 -0.1711432814 -0.0655440821 0.028098066 
28 13 2.0710424539 1.3988371719 1.4587864038 1.4315932703 -0.0285148648 0.02187128 -0.0229521707 
29 13 2.0816461664 1.3734826612 1.4700833081 1.4896847926 0.0089037451 0.0065427515 0.0289775852 
30 12 2.088068196 1.1768846062 1.5275975882 1.6555465967 -0.113968181 -0.0275512436 -0.0773318923 
31 12 2.0465107384 1.1879013508 1.4428415665 1.5574632851 -0.1836162267 -0.0045619638 0.0280481579 
32 11 2.0240321831 1.3309547464 1.3874962023 1.3782553296 -0.3207345119 -0.1563851887 -0.1746960782 
33 11 2.0394553765 1.7253300858 1.4796635162 0.9543846307 -0.1162460135 0.0484040798 -0.1782413331 
34 10 2.0115106773 1.6468505184 0.826073578 1.5732511087 -0.0094051885 0.0614984743 -0.3548132448 
35 9 1.8593822526 1.3543745682 0.8697769689 1.2331508243 0.1093037239 -0.0173103959 0.1441121821 
36 7 1.7286489748 1.1332244132 0.7687740414 1.0862288234 0.3010600807 -0.1347200942 0.2815930718 
37 7 1.7554168914 1.3895972532 1.2406683925 0.4512228171 -0.0146063704 -0.1676385756 0.0974312685 
38 6 1.5995451236 0.8914199788 0.8021853896 0.8649392338 1.7837794254e-04 0.0457765091 -0.0540508754 
39 5 1.5243096488 0.5064875375 0.7585519611 1.058480407 0.0550160193 -0.0063217021 -0.3614186447 
