# Cluster list (636 data points):
# "Cluster Identifier" "Cluster Size" "Radius of Gyration" "Gyration Tensor.XX" "Gyration Tensor.YY" "Gyration Tensor.ZZ" "Gyration Tensor.XY" "Gyration Tensor.XZ" "Gyration Tensor.YZ"
1 10 3.9023452238 3.3984669247 10.4482588598 1.3815724612 -0.2860281225 -0.0031228844 -0.5007785029 
2 9 2.9652465447 3.0750884521 2.3245700542 3.3930285645 -0.3051019531 1.9514294008 -0.5226638589 
3 8 3.7432995862 4.4386856732 4.1769312703 5.3966748485 -3.8226469563 3.3939411147 -3.6633176215 
4 7 4.7229004004 6.4503384967 5.9245047726 9.9309449225 5.3615074598 -7.1799881816 -6.82041312 
5 6 2.8354117683 5.5929428497 0.9605603143 1.4860567321 -1.8774534245 1.8670996173 -0.2975283778 
6 6 2.9349145957 2.6196536551 1.8583678783 4.1357021507 -0.2007490591 2.766558211 0.8935792259 
7 6 3.3763368045 8.430107127 1.5482246207 1.4213184694 -0.0665083368 -2.7191149161 -0.2734591054 
8 6 3.8385058357 2.3388170489 8.8303544206 3.564955581 -3.4713505106 -0.3425518099 -1.3085103485 
9 6 3.6255023377 7.8135458923 3.0574179705 2.2733033378 2.6037713056 2.9887689063 1.2489586666 
10 6 2.7069064897 2.7255219329 4.2062399899 0.3955808214 -0.7044432581 -0.5115555472 1.0270091885 
11 5 2.668414719 1.2694692785 4.4516030506 1.3993647835 -1.8512420264 0.6661004486 -1.7639008404 
12 5 3.2082417669 0.9596427025 8.7219453008 0.6112272318 -2.6849560065 0.2454683438 -1.2572892265 
13 5 3.628154197 11.4727539345 0.3173821833 1.3733667596 0.2027946015 -3.804583186 -0.107203875 
14 5 2.7108338384 0.6774906467 5.5824153893 1.0887140635 0.8112455473 0.1851591564 0.5259688247 
15 5 2.6970030629 0.9866482738 4.803504867 1.4836723804 -1.7965712834 -0.5155080503 -0.1890838983 
16 5 2.8148550432 3.8686779377 0.8517652363 3.2029657402 1.341000956 2.6624702629 0.610452596 
17 5 2.3436916095 3.2484658796 1.8780819107 0.3663425703 2.2949726174 -0.6394314453 -0.578561295 
18 5 2.5873923943 1.0443201045 3.9660444737 1.684234824 -0.0801244857 0.5244650501 -2.1617265846 
19 5 2.5718327779 2.782759664 2.1715093648 1.6600548085 1.4076597398 -1.3433541091 -1.7599608965 
20 5 2.3177010699 2.7667041142 2.1122567753 0.4927773597 0.3972911198 -0.1941980066 0.3231386733 
21 5 2.4398592123 1.0588752096 4.2162552419 0.6777825246 -1.5232990472 -0.3057628015 1.5252707692 
22 4 1.8128296212 2.7160510214 0.0762843551 0.4940158591 -0.0259630616 -0.5155753991 -0.1387492321 
23 4 2.5848670507 4.8760524829 1.466637833 0.3388473539 -1.5559278072 -1.2370852881 0.4430044128 
24 4 2.4859672891 0.4875834799 4.9127830236 0.7796668589 -1.0297367606 0.1019253304 1.2257152442 
25 4 2.0472883969 1.5203865729 2.2544015629 0.4166016442 -1.4426338297 0.2201900475 0.3289173774 
26 4 2.3171482408 1.1144269724 3.1182584999 1.1364904978 -0.2555712725 1.0361063031 0.4537985899 
27 4 2.9415910232 0.2288510539 3.1700054659 5.2541012281 0.7440922868 -0.5402117191 -3.44595273 
28 4 2.7364718919 0.3789447468 5.2314199976 1.8779136709 -0.8576862624 0.4941311001 -2.525693456 
29 4 1.7692621907 0.7047639952 1.9337094776 0.4918152266 -0.7565468266 -0.5713078452 0.4712119469 
30 4 3.4044799136 2.9517369748 4.1765232575 4.4622232496 -3.0944734749 -3.6286456424 3.7943440478 
31 4 2.5129088443 1.6157785104 1.9656264756 2.7333058735 1.0987685 1.7512756201 2.1132294332 
32 4 2.5380996118 2.6100747105 0.6431559234 3.1887190054 -1.2538500851 -0.7508059673 0.7063931614 
33 4 2.4265647705 4.5560426954 0.7009406307 0.6312332593 0.4956677864 -1.3385518638 0.2004991364 
34 4 2.0800752713 0.7029114768 1.462134801 2.1616668564 0.2511235287 -0.9736998659 -0.4919385471 
35 4 2.5780604788 2.2129770591 3.992086042 0.4413327314 -0.3128142426 0.1067571381 1.1002143895 
36 4 2.6814034948 1.8467296519 0.8196659358 4.5235291142 0.1027115883 -1.4949156622 1.4799440899 
37 4 1.5434474186 2.0944963434 0.1475275931 0.1402059975 0.3933815867 0.0354453007 -0.0244094331 
38 4 1.7955005293 1.2086369482 1.1149016246 0.9002835779 0.5225095826 -0.6761592832 -0.8044986815 
39 4 2.4854116726 0.537476245 5.6121884385 0.0276064989 -1.5355984585 0.003469011 -0.0569719069 
40 4 2.298639926 3.7729546442 1.4228918075 0.0878990576 -1.9863266356 -0.5498445084 0.3385511167 
41 3 1.8850485556 2.1463587346 0.062541878 1.3445074444 0.2915501217 -1.5693490814 -0.1459399927 
42 3 0.4716041547 0.0543917407 0.02900987 0.139008868 -0.0217832951 0.0018804153 -0.0538435853 
43 3 2.6980187913 0.1818159952 7.0749675707 0.0225218323 -0.6666130078 0.0105711941 -0.3572701937 
44 3 1.6231143587 1.149525792 0.5285517324 0.9564226971 -0.7578303681 0.4729517785 -0.1632900218 
45 3 1.8422713214 0.095480239 2.2510527584 1.0474306241 0.0227135556 -0.2108687549 1.0927943865 
46 3 1.144590373 0.2017890022 0.1563173021 0.9519808176 0.1464035758 0.0546485478 -0.1770311966 
47 3 2.3267665229 0.4434396446 4.8806161392 0.0897866683 -0.5573825881 -0.0097741514 0.6241752387 
48 3 2.0996671542 0.8586775113 0.7690327 2.7808919471 -0.7568944473 -0.1552622726 0.6663792248 
49 3 1.8559154081 0.5137577197 0.9404074316 1.9902568506 0.5013410545 0.4800695033 1.3024776176 
50 3 2.0397294954 3.0296012575 0.1130078261 1.0178873309 0.4052543182 0.9881792939 -0.070050642 
51 3 1.7229739083 1.7187468671 0.031146324 1.2187458976 -0.2258019316 -0.4422680934 0.0176453789 
52 3 1.1902966198 0.2859731518 0.707854511 0.4229783802 -0.1802212281 0.2525108155 -0.5039001136 
53 3 1.9983060787 0.3270211439 1.8241622197 1.8420438205 0.4013203763 0.3187734919 -1.0368022007 
54 3 1.9665582279 2.6070667441 0.5542300957 0.706054424 -1.164178023 -1.206907137 0.4677804924 
55 3 2.2947804668 0.1506258929 3.0537119982 2.0616794999 -0.5546352316 -0.5487041058 2.2725587283 
56 3 1.1106450805 0.3119422553 0.5587515424 0.3628386972 0.0705872987 -0.2991370575 0.1353890517 
57 3 2.00017312 0.196592391 0.4011536971 3.4029464219 0.0427960801 0.796070617 0.4384153662 
58 3 2.1064649496 2.8864943295 0.7904727144 0.76022754 -1.5065050877 -1.0527346682 0.5892155221 
59 3 1.7389243366 0.0383992064 1.8500733697 1.1353852723 -0.2045826062 -0.1577039003 1.4490660653 
60 3 2.0715499526 1.7351965228 0.3248012386 2.2313214446 0.2235115763 -1.8940782235 -0.4641829775 
61 3 1.7871158377 0.5699494148 0.8790395819 1.7447940207 -0.4313270534 0.5920109586 -1.2382042293 
62 3 1.9323253122 3.0048302425 0.6319023142 0.0971485555 1.216997497 -0.5029648951 -0.1612648109 
63 3 2.0779551914 1.768332741 0.819523864 1.7300411726 0.0431484435 0.8540772622 1.0592832387 
64 3 1.8107359347 0.4071784074 2.7839857013 0.0876005166 -1.0541350178 0.1082034891 -0.3369952837 
65 3 1.8373759265 1.0838061685 1.0576127202 1.2345314067 -0.0871751348 1.1324194991 0.1411102946 
66 3 2.0298597578 3.5098441099 0.4667580538 0.1437284726 0.7318368618 -0.6055443267 -0.2373142253 
67 3 2.4523719347 0.2442546263 2.0570304698 3.7128430099 0.4780054447 -0.8789588683 -2.5054412292 
68 3 1.1603063009 0.2214328623 0.3744902409 0.7503876086 0.2808768073 0.0303253148 -0.0781107716 
69 3 1.7030221994 1.1086010618 0.6818432265 1.1098403235 -0.5931244747 -1.098080029 0.4975768917 
70 3 1.2959293867 0.3571106282 0.5859862631 0.736336084 -0.252900005 -0.3621744202 -0.1310080823 
71 3 1.8927626329 1.8220683511 1.6504605799 0.1100214534 -0.7616089128 0.0246886321 -0.392570284 
72 3 1.7049098018 2.0609932842 0.1079460418 0.7377781062 -0.319216252 -0.8357415776 -0.0233186436 
73 3 1.9521832448 0.3756561647 3.3612892834 0.0740739731 -1.1182062173 0.1592710427 -0.488740653 
74 3 2.4428797397 5.1306251674 0.7987640437 0.0382722113 -0.6400670695 0.2216047314 -0.171288703 
75 3 0.9964760919 0.5400423677 0.2692483491 0.1836738849 0.0240999765 0.0887681769 -0.2089785817 
76 3 2.4274882867 2.8971116962 0.1450995839 2.8504881018 -0.5984269305 -2.8702504062 0.5807460479 
77 3 2.3682867441 1.058517631 4.3248376178 0.2254268534 -2.1234083897 0.3605876824 -0.6415376201 
78 3 2.1865736282 1.0692898194 0.0965916318 3.6152227804 -0.0150960573 -1.7783429361 0.2768666027 
79 3 2.3562984314 1.6877164451 3.4882373482 0.3761885047 2.1764247875 -0.6916529101 -0.6405184703 
80 3 1.5776288713 0.0856500179 0.1505853094 2.2526775281 0.1084490627 -0.2649980781 -0.473416727 
81 3 1.6939156386 1.25832988 0.2296396384 1.3813806723 -0.07912569 0.4387226113 0.4977517888 
82 3 2.1637750668 0.2222273281 4.0764029673 0.3832922444 -0.8922292429 0.0033589718 0.4216935881 
83 2 1.5755290303 0.5506823328 1.6811001099 0.2505092828 0.9621601375 -0.3714176035 -0.6489462095 
84 2 1.192673214 1.1607665476 0.1697374683 0.0919653795 -0.4438756301 0.3267266993 -0.1249398683 
85 2 0.9515518704 0.5917769792 0.0056624055 0.3080115774 0.0578867965 0.4269357807 0.041762261 
86 2 1.2462324027 0.0015964131 1.5440840007 0.0074147877 -0.049648726 -0.0034405035 0.1070002571 
87 2 1.3613097885 0.0583134506 1.4534610684 0.3413898214 -0.2911294045 -0.1410943602 0.7044123895 
88 2 0.4963013634 0.0751218277 0.1216615672 0.0495316485 0.0956004147 -0.0609992456 -0.0776279459 
89 2 1.6612666289 0.0554999431 2.6997204919 0.0045863773 -0.3870844013 0.015954425 -0.1112741513 
90 2 0.9485713464 0.7828051485 0.116303421 6.7902963201e-04 0.3017331881 -0.0230553224 -0.0088867018 
91 2 1.4629592402 1.7476122082 0.1550647719 0.2375727584 -0.5205699649 -0.6443485492 0.1919353161 
92 2 1.2402713841 0.0010688575 1.1730226354 0.3641816134 0.0354089541 0.0197296286 0.6536002416 
93 2 1.4858468617 0.2268812236 1.0257623471 0.9550973257 -0.4824170566 -0.4655036519 0.9897994112 
94 2 0.9842639217 0.0618546068 0.0909263819 0.8159944788 -0.0749947705 -0.2246620075 0.2723883728 
95 2 1.061926571 0.3528702515 0.0427723474 0.7320454433 -0.1228539335 0.5082490135 -0.1769499986 
96 2 1.1536703566 0.5099597562 0.5522439221 0.2687516135 -0.5306808606 0.3702060336 -0.3852485498 
97 2 1.7004109376 0.6689466657 0.1373484135 2.0851022776 0.303115099 -1.1810259168 -0.5351499694 
98 2 1.1630911919 0.0263571157 1.2781980814 0.0482259236 0.1835473093 -0.0356524368 -0.2482786398 
99 2 0.7796362689 0.1810258321 0.0107739077 0.416032972 -0.0441628305 0.2744316216 -0.0669499875 
100 2 1.282843438 0.9227755272 0.7173227788 0.0055889803 -0.813589519 0.0718148612 -0.0633174772 
101 2 1.2051782945 1.2903631038 0.0459513334 0.1161402844 0.2435033988 -0.387121606 -0.0730534115 
102 2 1.1561164293 0.1446521983 0.9797497751 0.2122032247 0.3764610986 -0.1752017778 -0.4559671717 
103 2 1.0996569478 1.1442561829 0.0615878254 0.0034013946 -0.2654660996 0.0623864309 -0.0144735792 
104 2 0.6770119987 0.0260987252 0.2282407943 0.2040057269 0.077180268 0.0729677285 0.2157832921 
105 2 1.5268209425 0.3427195221 1.3005337584 0.6879289101 0.6676213808 0.4855580988 0.9458724919 
106 2 1.6793842653 0.050330879 2.7695567066 4.439249542e-04 -0.3733553581 0.0047268524 -0.0350638751 
107 2 1.227159605 0.5843372571 0.5452648148 0.3763186242 -0.5644630601 0.4689317569 -0.4529826762 
108 2 1.1351399069 0.8311547403 8.3505005023e-05 0.4573043629 0.0083310012 0.6165149544 0.0061795795 
109 2 1.4683350857 1.3930658732 0.1521679672 0.6107740835 0.4604128605 -0.922414512 -0.3048610351 
110 2 0.3778342091 0.0120645911 0.1293060354 0.001388063 -0.0394971448 -0.0040922381 0.0133971984 
111 2 1.2523644856 0.1466965916 0.8864234999 0.5352967133 0.360604085 0.2802252725 0.6888393035 
112 2 1.3739751559 0.3236516736 1.4951261824 0.069029873 0.6956292772 0.1494711809 0.3212605959 
113 2 1.0113732357 0.1294741273 0.5323063498 0.3610953449 0.2625259989 0.216223275 0.4384214239 
114 2 1.1776186782 0.3744065493 0.6023355271 0.4100436748 0.4748877407 0.3918201594 0.4969747207 
115 2 1.6733307873 0.5370510608 1.9576634604 0.3053214027 1.0253610282 -0.4049360236 -0.7731213059 
116 2 1.3640240711 0.0147838137 0.6464619424 1.1993159104 -0.0977607943 -0.1331557845 0.8805180822 
117 2 1.6432760036 0.0065650707 0.2093529199 2.4844380334 0.0370731265 -0.1277126118 -0.7211964757 
118 2 1.0153378588 0.2776450222 0.6672574686 0.0860084768 0.4304192313 0.1545309854 0.23956168 
119 2 1.5824415213 1.70718013 2.8889640816e-05 0.7969121489 -0.0070228072 1.1663929809 -0.0047981773 
120 2 0.7333955791 0.0208569034 0.5142871993 0.0027249727 -0.1035685204 -0.0075388655 0.0374355256 
121 2 1.4951041545 0.6097683214 0.1819476745 1.4436204368 -0.3330854666 -0.9382291887 0.5125069574 
122 2 1.0217657364 0.6137057529 7.9619672137e-04 0.4295032704 0.0221049883 0.5134088312 0.0184924064 
123 2 1.3692424714 0.7002966528 0.0711425138 1.1033857789 0.2232058787 0.879032063 0.2801742993 
124 2 0.6737527356 0.0977492554 0.0316970629 0.3244964305 0.0556629526 -0.1780990861 -0.1014178671 
125 2 0.8067651346 0.1144796321 7.5151236514e-04 0.535638838 0.00927539 -0.2476282236 -0.0200633798 
126 2 1.408751334 1.5014251249 9.9825856523e-06 0.4831452135 -0.0038714474 0.8517079092 -0.0021961417 
127 2 1.6105368067 0.006509476 1.7597766692 0.8275426605 0.1070290805 -0.0733952936 -1.2067685224 
128 2 1.3826909127 0.9264752782 0.0071749968 0.978183885 0.0815319394 0.9519785644 0.0837762868 
129 2 1.6849591383 1.4228367881 0.2483618956 1.167888614 -0.5944564254 -1.2890752051 0.5385712859 
130 2 0.5285085687 5.5712234825e-06 0.2302723199 0.0490434161 0.0011326511 -5.2271582263e-04 -0.1062701331 
131 2 1.6436787114 0.0383327177 0.4798589284 2.1834880603 -0.1356255758 -0.2893078488 1.0236045333 
132 2 1.3068950076 0.5046615336 1.0559662727 0.1473467546 0.7300038073 -0.272690739 -0.3944530432 
133 2 1.2175138145 0.9029535959 0.1221822084 0.4572040841 0.3321518696 0.6425216508 0.2363518663 
134 2 0.5432294298 0.1257417394 0.1088555797 0.0605008943 -0.1169944013 0.0872209131 -0.0811533112 
135 2 0.8487885517 0.6215665625 0.0986937276 1.8171542706e-04 0.2476786648 -0.0106277106 -0.0042348758 
136 2 1.2700062346 0.1056698227 0.5445932029 0.9626528103 -0.2398896979 -0.3189409848 0.7240539878 
137 2 1.0638812988 0.0093307417 0.8911778738 0.2313348025 0.0911885437 0.046459932 0.4540489593 
138 2 1.1752302371 1.1058264131 0.1105229447 0.1648167525 -0.3495986148 0.4269176949 -0.1349667841 
139 2 1.3878848573 0.6099250913 0.1445374679 1.171761818 -0.2969124926 -0.8453915861 0.4115379522 
140 2 1.4651564706 0.2069346847 0.0067297518 1.9330190468 -0.0373178118 0.6324623996 -0.1140558569 
141 2 0.9795320624 0.0920174446 0.7853216188 0.082143998 -0.2688183188 -0.0869406739 0.2539871206 
142 2 1.0237622548 0.0957952548 0.018084229 0.9342096704 -0.0416219092 0.2991535616 -0.1299786969 
143 2 1.442504281 0.1436653594 0.1543093324 1.782843909 0.148892262 -0.5060957527 -0.5245087733 
144 2 1.6199411016 2.3927470303 0.0142102863 0.2172518561 -0.1843952828 -0.7209914933 0.055562677 
145 2 1.543727714 0.637679286 0.0946937661 1.6507222028 -0.245732076 1.0259782433 -0.3953645181 
146 2 0.8308620909 0.5772148225 0.0895457863 0.0235712052 0.2273480925 0.1166432553 0.0459423781 
147 2 1.6487693505 0.0448986781 0.0767123309 2.5968293622 -0.0586880077 -0.3414589368 0.4463281676 
148 2 1.6665334235 0.6185282105 0.9549096499 1.2038957911 0.7685301276 0.8629272908 1.0721994723 
149 2 1.6019745461 0.1011457346 2.3792342283 0.0859424836 0.4905602856 0.093234734 0.4521916613 
150 2 1.6978364879 0.1693589179 0.2803817463 2.4329080753 0.2179108743 -0.6418992748 -0.8259194965 
151 2 0.7662423535 0.533454333 0.0365706679 0.0171023435 -0.1396738388 -0.0955160679 0.0250088809 
152 2 1.2030897876 0.2780344785 0.6563861409 0.5130044176 -0.4271978212 -0.3776677319 0.5802835427 
153 2 1.5733221773 2.4683020092e-04 0.5477111705 1.9273846729 0.0116271948 -0.0218113903 -1.0274483516 
154 2 1.0623295712 0.1709655491 0.0561929553 0.9013856134 0.0980156083 -0.392563226 -0.225058929 
155 2 1.6901514355 0.8035294954 0.0054675877 2.0476147919 -0.0662824861 -1.2826998404 0.1058088531 
156 2 1.5431575728 0.8615592354 0.5840063346 0.9357697245 0.7093349358 -0.8978981281 -0.7392533036 
157 2 1.4735218479 0.3901640941 0.8517817455 0.9293207967 -0.576484738 0.602152478 -0.8897069688 
158 2 0.9996223084 0.4042169369 0.0657532422 0.5292745803 -0.163029366 0.4625383764 -0.1865516542 
159 2 1.1316122712 0.2219081163 0.7695151982 0.2891230179 0.4132331885 -0.2532957644 -0.4716826862 
160 2 1.4857624383 1.5565940028 0.020871643 0.6300243772 0.1802461492 0.9902990292 0.1146718966 
161 2 1.5840872935 1.2694666212 0.7188461269 0.5210198055 0.9552754388 0.813275631 0.6119910695 
162 2 1.5132427649 0.5133835875 0.1406807955 1.6358392826 -0.2687437655 0.916413138 -0.4797198886 
163 2 1.5466221026 1.58556807 0.8063624686 1.093895562e-04 1.1307265731 0.0131698363 0.0093918919 
164 2 1.5793983812 0.0439336474 1.1215779888 1.3289876103 0.2219797555 0.2416345857 1.2208862564 
165 2 1.6347735753 1.3694146102 1.2181993063 0.0848707262 1.2915958842 -0.3409152569 -0.3215423141 
166 2 1.5674464112 0.926906763 0.5093299954 1.0206514936 0.6870963668 -0.9726503853 -0.721005146 
167 2 1.0477341352 0.0236004976 0.9595730937 0.1145732267 -0.1504872172 0.0519998574 -0.3315741028 
168 2 1.5108355752 0.3435899092 0.0194095686 1.9196246577 -0.0816635286 0.8121352484 -0.1930261289 
169 2 1.6777809574 1.364175506 0.6435834934 0.8071899414 0.9369956445 1.0493563488 0.7207594067 
170 2 1.6384353727 1.0615105187 0.0560684039 1.5668915479 0.2439614734 1.2896789755 0.2964002499 
171 2 1.3039080844 0.516414108 0.0202876823 1.1634745021 -0.1023564623 -0.7751352444 0.1536365878 
172 2 1.5593717407 0.7564120179 0.4903990222 1.1848291856 -0.6090514871 -0.9466884573 0.7622591909 
173 2 0.9470873876 0.7757225582 0.0052406688 0.1160112928 0.0637597444 0.2999876278 0.0246571848 
174 2 1.403189493 0.7969970727 0.5324121158 0.6395315646 0.6514068604 -0.713936121 -0.5835189401 
175 2 1.6729324142 2.285488211 0.402312588 0.1109020635 0.9588955506 0.5034534324 0.2112280667 
176 2 1.3083301556 1.2583206491 0.2715969424 0.1818102045 0.5845990428 -0.4783048553 -0.2222140762 
177 2 0.9058865275 0.006037682 0.4823831952 0.3322095236 0.0539673635 -0.0447858845 -0.4003152401 
178 2 0.9599373034 0.4499422142 0.0104220762 0.461115336 -0.0684786979 0.4554945173 -0.0693237275 
179 2 1.5829633217 2.4256113169 0.0082628432 0.0718987176 0.141571346 0.4176102766 0.024373917 
180 2 1.1526096681 0.2115745918 0.9756549516 0.1412795035 -0.4543388583 0.1728905819 -0.3712681607 
181 2 0.7507956062 0.1124599669 0.3863582937 0.0648757817 0.2084462543 -0.0854162061 -0.1583202334 
182 2 1.4695454319 1.0909283765 0.1603771904 0.9082582095 -0.4182822348 -0.9954118012 0.3816594029 
183 2 0.4244724778 0.1539259553 2.2710374105e-04 0.0260238254 0.0059124581 -0.0632909329 -0.0024310714 
184 2 1.7368484687 0.9825085756 1.6130949552 0.4210390726 1.258920024 0.6431753256 0.8241213527 
185 2 1.6048281249 1.4711187054 0.0082735528 1.0960810523 -0.1103239697 1.269828862 -0.0952285906 
186 2 1.660389394 0.0071308774 0.5951344327 2.1546276296 0.0651446905 0.1239531587 1.1323838095 
187 2 1.2996795079 2.4746363921e-04 1.6712318456 0.017687514 -0.0203363988 0.0020921321 -0.1719300342 
188 2 1.6267062961 1.5951714379 0.2262590947 0.8247428412 -0.6007678798 1.1469987898 -0.4319786669 
189 2 1.749792272 0.5149283568 0.0600520504 2.4867925881 0.175847956 1.1316006456 0.3864414494 
190 2 1.3172599705 1.4254154016 0.2894589944 0.0202994339 0.642338936 0.1701032796 0.0766541175 
191 2 1.5335162644 1.0272537256 0.0266651892 1.2977532185 0.1655050298 1.1546089505 0.1860237486 
192 2 0.8431205964 0.0666564276 0.6002445728 0.0439513397 0.2000253957 0.0541261424 0.1624239919 
193 2 1.1089848116 0.5321880713 0.4396045504 0.2580546906 -0.4836861563 -0.3705855206 0.3368115441 
194 2 0.9498545605 0.0083088958 0.1742234587 0.7196913317 0.0380473989 0.0773294271 0.3541004278 
195 2 1.6900656347 0.2982672885 2.1422454648 0.4158090963 -0.7993508279 -0.3521679311 0.9438035552 
196 2 0.9200811287 0.5549168407 0.2814741983 0.0101582444 0.3952148439 -0.0750798302 -0.0534722704 
197 2 1.1643253897 0.066380276 0.829123063 0.4601502742 0.2346005493 0.1747709993 0.6176740279 
198 2 1.5175042525 0.0013465583 0.6969925582 1.60448004 0.0306356181 -0.0464814574 -1.0575020793 
199 2 1.1418592752 7.8161841907e-04 1.1828078819 0.1202531041 -0.0304056644 -0.0096949493 0.3771423065 
200 2 1.3130312363 0.2301185796 1.1423587362 0.3515737118 0.5127162664 -0.2844356574 -0.6337375648 
201 2 1.7166259834 0.8446340184 0.0033369613 2.0988337873 -0.0530896509 -1.3314452357 0.0836882736 
202 1 0.0 0.0 0.0 0.0 0.0 0.0 0.0 
203 1 0.0 0.0 0.0 0.0 0.0 0.0 0.0 
204 1 0.0 0.0 0.0 0.0 0.0 0.0 0.0 
205 1 0.0 0.0 0.0 0.0 0.0 0.0 0.0 
206 1 0.0 0.0 0.0 0.0 0.0 0.0 0.0 
207 1 0.0 0.0 0.0 0.0 0.0 0.0 0.0 
208 1 0.0 0.0 0.0 0.0 0.0 0.0 0.0 
209 1 0.0 0.0 0.0 0.0 0.0 0.0 0.0 
210 1 0.0 0.0 0.0 0.0 0.0 0.0 0.0 
211 1 0.0 0.0 0.0 0.0 0.0 0.0 0.0 
212 1 0.0 0.0 0.0 0.0 0.0 0.0 0.0 
213 1 0.0 0.0 0.0 0.0 0.0 0.0 0.0 
214 1 0.0 0.0 0.0 0.0 0.0 0.0 0.0 
215 1 0.0 0.0 0.0 0.0 0.0 0.0 0.0 
216 1 0.0 0.0 0.0 0.0 0.0 0.0 0.0 
217 1 0.0 0.0 0.0 0.0 0.0 0.0 0.0 
218 1 0.0 0.0 0.0 0.0 0.0 0.0 0.0 
219 1 0.0 0.0 0.0 0.0 0.0 0.0 0.0 
220 1 0.0 0.0 0.0 0.0 0.0 0.0 0.0 
221 1 0.0 0.0 0.0 0.0 0.0 0.0 0.0 
222 1 0.0 0.0 0.0 0.0 0.0 0.0 0.0 
223 1 0.0 0.0 0.0 0.0 0.0 0.0 0.0 
224 1 0.0 0.0 0.0 0.0 0.0 0.0 0.0 
225 1 0.0 0.0 0.0 0.0 0.0 0.0 0.0 
226 1 0.0 0.0 0.0 0.0 0.0 0.0 0.0 
227 1 0.0 0.0 0.0 0.0 0.0 0.0 0.0 
228 1 0.0 0.0 0.0 0.0 0.0 0.0 0.0 
229 1 0.0 0.0 0.0 0.0 0.0 0.0 0.0 
230 1 0.0 0.0 0.0 0.0 0.0 0.0 0.0 
231 1 0.0 0.0 0.0 0.0 0.0 0.0 0.0 
232 1 0.0 0.0 0.0 0.0 0.0 0.0 0.0 
233 1 0.0 0.0 0.0 0.0 0.0 0.0 0.0 
234 1 0.0 0.0 0.0 0.0 0.0 0.0 0.0 
235 1 0.0 0.0 0.0 0.0 0.0 0.0 0.0 
236 1 0.0 0.0 0.0 0.0 0.0 0.0 0.0 
237 1 0.0 0.0 0.0 0.0 0.0 0.0 0.0 
238 1 0.0 0.0 0.0 0.0 0.0 0.0 0.0 
239 1 0.0 0.0 0.0 0.0 0.0 0.0 0.0 
240 1 0.0 0.0 0.0 0.0 0.0 0.0 0.0 
241 1 0.0 0.0 0.0 0.0 0.0 0.0 0.0 
242 1 0.0 0.0 0.0 0.0 0.0 0.0 0.0 
243 1 0.0 0.0 0.0 0.0 0.0 0.0 0.0 
244 1 0.0 0.0 0.0 0.0 0.0 0.0 0.0 
245 1 0.0 0.0 0.0 0.0 0.0 0.0 0.0 
246 1 0.0 0.0 0.0 0.0 0.0 0.0 0.0 
247 1 0.0 0.0 0.0 0.0 0.0 0.0 0.0 
248 1 0.0 0.0 0.0 0.0 0.0 0.0 0.0 
249 1 0.0 0.0 0.0 0.0 0.0 0.0 0.0 
250 1 0.0 0.0 0.0 0.0 0.0 0.0 0.0 
251 1 0.0 0.0 0.0 0.0 0.0 0.0 0.0 
252 1 0.0 0.0 0.0 0.0 0.0 0.0 0.0 
253 1 0.0 0.0 0.0 0.0 0.0 0.0 0.0 
254 1 0.0 0.0 0.0 0.0 0.0 0.0 0.0 
255 1 0.0 0.0 0.0 0.0 0.0 0.0 0.0 
256 1 0.0 0.0 0.0 0.0 0.0 0.0 0.0 
257 1 0.0 0.0 0.0 0.0 0.0 0.0 0.0 
258 1 0.0 0.0 0.0 0.0 0.0 0.0 0.0 
259 1 0.0 0.0 0.0 0.0 0.0 0.0 0.0 
260 1 0.0 0.0 0.0 0.0 0.0 0.0 0.0 
261 1 0.0 0.0 0.0 0.0 0.0 0.0 0.0 
262 1 0.0 0.0 0.0 0.0 0.0 0.0 0.0 
263 1 0.0 0.0 0.0 0.0 0.0 0.0 0.0 
264 1 0.0 0.0 0.0 0.0 0.0 0.0 0.0 
265 1 0.0 0.0 0.0 0.0 0.0 0.0 0.0 
266 1 0.0 0.0 0.0 0.0 0.0 0.0 0.0 
267 1 0.0 0.0 0.0 0.0 0.0 0.0 0.0 
268 1 0.0 0.0 0.0 0.0 0.0 0.0 0.0 
269 1 0.0 0.0 0.0 0.0 0.0 0.0 0.0 
270 1 0.0 0.0 0.0 0.0 0.0 0.0 0.0 
271 1 0.0 0.0 0.0 0.0 0.0 0.0 0.0 
272 1 0.0 0.0 0.0 0.0 0.0 0.0 0.0 
273 1 0.0 0.0 0.0 0.0 0.0 0.0 0.0 
274 1 0.0 0.0 0.0 0.0 0.0 0.0 0.0 
275 1 0.0 0.0 0.0 0.0 0.0 0.0 0.0 
276 1 0.0 0.0 0.0 0.0 0.0 0.0 0.0 
277 1 0.0 0.0 0.0 0.0 0.0 0.0 0.0 
278 1 0.0 0.0 0.0 0.0 0.0 0.0 0.0 
279 1 0.0 0.0 0.0 0.0 0.0 0.0 0.0 
280 1 0.0 0.0 0.0 0.0 0.0 0.0 0.0 
281 1 0.0 0.0 0.0 0.0 0.0 0.0 0.0 
282 1 0.0 0.0 0.0 0.0 0.0 0.0 0.0 
283 1 0.0 0.0 0.0 0.0 0.0 0.0 0.0 
284 1 0.0 0.0 0.0 0.0 0.0 0.0 0.0 
285 1 0.0 0.0 0.0 0.0 0.0 0.0 0.0 
286 1 0.0 0.0 0.0 0.0 0.0 0.0 0.0 
287 1 0.0 0.0 0.0 0.0 0.0 0.0 0.0 
288 1 0.0 0.0 0.0 0.0 0.0 0.0 0.0 
289 1 0.0 0.0 0.0 0.0 0.0 0.0 0.0 
290 1 0.0 0.0 0.0 0.0 0.0 0.0 0.0 
291 1 0.0 0.0 0.0 0.0 0.0 0.0 0.0 
292 1 0.0 0.0 0.0 0.0 0.0 0.0 0.0 
293 1 0.0 0.0 0.0 0.0 0.0 0.0 0.0 
294 1 0.0 0.0 0.0 0.0 0.0 0.0 0.0 
295 1 0.0 0.0 0.0 0.0 0.0 0.0 0.0 
296 1 0.0 0.0 0.0 0.0 0.0 0.0 0.0 
297 1 0.0 0.0 0.0 0.0 0.0 0.0 0.0 
298 1 0.0 0.0 0.0 0.0 0.0 0.0 0.0 
299 1 0.0 0.0 0.0 0.0 0.0 0.0 0.0 
300 1 0.0 0.0 0.0 0.0 0.0 0.0 0.0 
301 1 0.0 0.0 0.0 0.0 0.0 0.0 0.0 
302 1 0.0 0.0 0.0 0.0 0.0 0.0 0.0 
303 1 0.0 0.0 0.0 0.0 0.0 0.0 0.0 
304 1 0.0 0.0 0.0 0.0 0.0 0.0 0.0 
305 1 0.0 0.0 0.0 0.0 0.0 0.0 0.0 
306 1 0.0 0.0 0.0 0.0 0.0 0.0 0.0 
307 1 0.0 0.0 0.0 0.0 0.0 0.0 0.0 
308 1 0.0 0.0 0.0 0.0 0.0 0.0 0.0 
309 1 0.0 0.0 0.0 0.0 0.0 0.0 0.0 
310 1 0.0 0.0 0.0 0.0 0.0 0.0 0.0 
311 1 0.0 0.0 0.0 0.0 0.0 0.0 0.0 
312 1 0.0 0.0 0.0 0.0 0.0 0.0 0.0 
313 1 0.0 0.0 0.0 0.0 0.0 0.0 0.0 
314 1 0.0 0.0 0.0 0.0 0.0 0.0 0.0 
315 1 0.0 0.0 0.0 0.0 0.0 0.0 0.0 
316 1 0.0 0.0 0.0 0.0 0.0 0.0 0.0 
317 1 0.0 0.0 0.0 0.0 0.0 0.0 0.0 
318 1 0.0 0.0 0.0 0.0 0.0 0.0 0.0 
319 1 0.0 0.0 0.0 0.0 0.0 0.0 0.0 
320 1 0.0 0.0 0.0 0.0 0.0 0.0 0.0 
321 1 0.0 0.0 0.0 0.0 0.0 0.0 0.0 
322 1 0.0 0.0 0.0 0.0 0.0 0.0 0.0 
323 1 0.0 0.0 0.0 0.0 0.0 0.0 0.0 
324 1 0.0 0.0 0.0 0.0 0.0 0.0 0.0 
325 1 0.0 0.0 0.0 0.0 0.0 0.0 0.0 
326 1 0.0 0.0 0.0 0.0 0.0 0.0 0.0 
327 1 0.0 0.0 0.0 0.0 0.0 0.0 0.0 
328 1 0.0 0.0 0.0 0.0 0.0 0.0 0.0 
329 1 0.0 0.0 0.0 0.0 0.0 0.0 0.0 
330 1 0.0 0.0 0.0 0.0 0.0 0.0 0.0 
331 1 0.0 0.0 0.0 0.0 0.0 0.0 0.0 
332 1 0.0 0.0 0.0 0.0 0.0 0.0 0.0 
333 1 0.0 0.0 0.0 0.0 0.0 0.0 0.0 
334 1 0.0 0.0 0.0 0.0 0.0 0.0 0.0 
335 1 0.0 0.0 0.0 0.0 0.0 0.0 0.0 
336 1 0.0 0.0 0.0 0.0 0.0 0.0 0.0 
337 1 0.0 0.0 0.0 0.0 0.0 0.0 0.0 
338 1 0.0 0.0 0.0 0.0 0.0 0.0 0.0 
339 1 0.0 0.0 0.0 0.0 0.0 0.0 0.0 
340 1 0.0 0.0 0.0 0.0 0.0 0.0 0.0 
341 1 0.0 0.0 0.0 0.0 0.0 0.0 0.0 
342 1 0.0 0.0 0.0 0.0 0.0 0.0 0.0 
343 1 0.0 0.0 0.0 0.0 0.0 0.0 0.0 
344 1 0.0 0.0 0.0 0.0 0.0 0.0 0.0 
345 1 0.0 0.0 0.0 0.0 0.0 0.0 0.0 
346 1 0.0 0.0 0.0 0.0 0.0 0.0 0.0 
347 1 0.0 0.0 0.0 0.0 0.0 0.0 0.0 
348 1 0.0 0.0 0.0 0.0 0.0 0.0 0.0 
349 1 0.0 0.0 0.0 0.0 0.0 0.0 0.0 
350 1 0.0 0.0 0.0 0.0 0.0 0.0 0.0 
351 1 0.0 0.0 0.0 0.0 0.0 0.0 0.0 
352 1 0.0 0.0 0.0 0.0 0.0 0.0 0.0 
353 1 0.0 0.0 0.0 0.0 0.0 0.0 0.0 
354 1 0.0 0.0 0.0 0.0 0.0 0.0 0.0 
355 1 0.0 0.0 0.0 0.0 0.0 0.0 0.0 
356 1 0.0 0.0 0.0 0.0 0.0 0.0 0.0 
357 1 0.0 0.0 0.0 0.0 0.0 0.0 0.0 
358 1 0.0 0.0 0.0 0.0 0.0 0.0 0.0 
359 1 0.0 0.0 0.0 0.0 0.0 0.0 0.0 
360 1 0.0 0.0 0.0 0.0 0.0 0.0 0.0 
361 1 0.0 0.0 0.0 0.0 0.0 0.0 0.0 
362 1 0.0 0.0 0.0 0.0 0.0 0.0 0.0 
363 1 0.0 0.0 0.0 0.0 0.0 0.0 0.0 
364 1 0.0 0.0 0.0 0.0 0.0 0.0 0.0 
365 1 0.0 0.0 0.0 0.0 0.0 0.0 0.0 
366 1 0.0 0.0 0.0 0.0 0.0 0.0 0.0 
367 1 0.0 0.0 0.0 0.0 0.0 0.0 0.0 
368 1 0.0 0.0 0.0 0.0 0.0 0.0 0.0 
369 1 0.0 0.0 0.0 0.0 0.0 0.0 0.0 
370 1 0.0 0.0 0.0 0.0 0.0 0.0 0.0 
371 1 0.0 0.0 0.0 0.0 0.0 0.0 0.0 
372 1 0.0 0.0 0.0 0.0 0.0 0.0 0.0 
373 1 0.0 0.0 0.0 0.0 0.0 0.0 0.0 
374 1 0.0 0.0 0.0 0.0 0.0 0.0 0.0 
375 1 0.0 0.0 0.0 0.0 0.0 0.0 0.0 
376 1 0.0 0.0 0.0 0.0 0.0 0.0 0.0 
377 1 0.0 0.0 0.0 0.0 0.0 0.0 0.0 
378 1 0.0 0.0 0.0 0.0 0.0 0.0 0.0 
379 1 0.0 0.0 0.0 0.0 0.0 0.0 0.0 
380 1 0.0 0.0 0.0 0.0 0.0 0.0 0.0 
381 1 0.0 0.0 0.0 0.0 0.0 0.0 0.0 
382 1 0.0 0.0 0.0 0.0 0.0 0.0 0.0 
383 1 0.0 0.0 0.0 0.0 0.0 0.0 0.0 
384 1 0.0 0.0 0.0 0.0 0.0 0.0 0.0 
385 1 0.0 0.0 0.0 0.0 0.0 0.0 0.0 
386 1 0.0 0.0 0.0 0.0 0.0 0.0 0.0 
387 1 0.0 0.0 0.0 0.0 0.0 0.0 0.0 
388 1 0.0 0.0 0.0 0.0 0.0 0.0 0.0 
389 1 0.0 0.0 0.0 0.0 0.0 0.0 0.0 
390 1 0.0 0.0 0.0 0.0 0.0 0.0 0.0 
391 1 0.0 0.0 0.0 0.0 0.0 0.0 0.0 
392 1 0.0 0.0 0.0 0.0 0.0 0.0 0.0 
393 1 0.0 0.0 0.0 0.0 0.0 0.0 0.0 
394 1 0.0 0.0 0.0 0.0 0.0 0.0 0.0 
395 1 0.0 0.0 0.0 0.0 0.0 0.0 0.0 
396 1 0.0 0.0 0.0 0.0 0.0 0.0 0.0 
397 1 0.0 0.0 0.0 0.0 0.0 0.0 0.0 
398 1 0.0 0.0 0.0 0.0 0.0 0.0 0.0 
399 1 0.0 0.0 0.0 0.0 0.0 0.0 0.0 
400 1 0.0 0.0 0.0 0.0 0.0 0.0 0.0 
401 1 0.0 0.0 0.0 0.0 0.0 0.0 0.0 
402 1 0.0 0.0 0.0 0.0 0.0 0.0 0.0 
403 1 0.0 0.0 0.0 0.0 0.0 0.0 0.0 
404 1 0.0 0.0 0.0 0.0 0.0 0.0 0.0 
405 1 0.0 0.0 0.0 0.0 0.0 0.0 0.0 
406 1 0.0 0.0 0.0 0.0 0.0 0.0 0.0 
407 1 0.0 0.0 0.0 0.0 0.0 0.0 0.0 
408 1 0.0 0.0 0.0 0.0 0.0 0.0 0.0 
409 1 0.0 0.0 0.0 0.0 0.0 0.0 0.0 
410 1 0.0 0.0 0.0 0.0 0.0 0.0 0.0 
411 1 0.0 0.0 0.0 0.0 0.0 0.0 0.0 
412 1 0.0 0.0 0.0 0.0 0.0 0.0 0.0 
413 1 0.0 0.0 0.0 0.0 0.0 0.0 0.0 
414 1 0.0 0.0 0.0 0.0 0.0 0.0 0.0 
415 1 0.0 0.0 0.0 0.0 0.0 0.0 0.0 
416 1 0.0 0.0 0.0 0.0 0.0 0.0 0.0 
417 1 0.0 0.0 0.0 0.0 0.0 0.0 0.0 
418 1 0.0 0.0 0.0 0.0 0.0 0.0 0.0 
419 1 0.0 0.0 0.0 0.0 0.0 0.0 0.0 
420 1 0.0 0.0 0.0 0.0 0.0 0.0 0.0 
421 1 0.0 0.0 0.0 0.0 0.0 0.0 0.0 
422 1 0.0 0.0 0.0 0.0 0.0 0.0 0.0 
423 1 0.0 0.0 0.0 0.0 0.0 0.0 0.0 
424 1 0.0 0.0 0.0 0.0 0.0 0.0 0.0 
425 1 0.0 0.0 0.0 0.0 0.0 0.0 0.0 
426 1 0.0 0.0 0.0 0.0 0.0 0.0 0.0 
427 1 0.0 0.0 0.0 0.0 0.0 0.0 0.0 
428 1 0.0 0.0 0.0 0.0 0.0 0.0 0.0 
429 1 0.0 0.0 0.0 0.0 0.0 0.0 0.0 
430 1 0.0 0.0 0.0 0.0 0.0 0.0 0.0 
431 1 0.0 0.0 0.0 0.0 0.0 0.0 0.0 
432 1 0.0 0.0 0.0 0.0 0.0 0.0 0.0 
433 1 0.0 0.0 0.0 0.0 0.0 0.0 0.0 
434 1 0.0 0.0 0.0 0.0 0.0 0.0 0.0 
435 1 0.0 0.0 0.0 0.0 0.0 0.0 0.0 
436 1 0.0 0.0 0.0 0.0 0.0 0.0 0.0 
437 1 0.0 0.0 0.0 0.0 0.0 0.0 0.0 
438 1 0.0 0.0 0.0 0.0 0.0 0.0 0.0 
439 1 0.0 0.0 0.0 0.0 0.0 0.0 0.0 
440 1 0.0 0.0 0.0 0.0 0.0 0.0 0.0 
441 1 0.0 0.0 0.0 0.0 0.0 0.0 0.0 
442 1 0.0 0.0 0.0 0.0 0.0 0.0 0.0 
443 1 0.0 0.0 0.0 0.0 0.0 0.0 0.0 
444 1 0.0 0.0 0.0 0.0 0.0 0.0 0.0 
445 1 0.0 0.0 0.0 0.0 0.0 0.0 0.0 
446 1 0.0 0.0 0.0 0.0 0.0 0.0 0.0 
447 1 0.0 0.0 0.0 0.0 0.0 0.0 0.0 
448 1 0.0 0.0 0.0 0.0 0.0 0.0 0.0 
449 1 0.0 0.0 0.0 0.0 0.0 0.0 0.0 
450 1 0.0 0.0 0.0 0.0 0.0 0.0 0.0 
451 1 0.0 0.0 0.0 0.0 0.0 0.0 0.0 
452 1 0.0 0.0 0.0 0.0 0.0 0.0 0.0 
453 1 0.0 0.0 0.0 0.0 0.0 0.0 0.0 
454 1 0.0 0.0 0.0 0.0 0.0 0.0 0.0 
455 1 0.0 0.0 0.0 0.0 0.0 0.0 0.0 
456 1 0.0 0.0 0.0 0.0 0.0 0.0 0.0 
457 1 0.0 0.0 0.0 0.0 0.0 0.0 0.0 
458 1 0.0 0.0 0.0 0.0 0.0 0.0 0.0 
459 1 0.0 0.0 0.0 0.0 0.0 0.0 0.0 
460 1 0.0 0.0 0.0 0.0 0.0 0.0 0.0 
461 1 0.0 0.0 0.0 0.0 0.0 0.0 0.0 
462 1 0.0 0.0 0.0 0.0 0.0 0.0 0.0 
463 1 0.0 0.0 0.0 0.0 0.0 0.0 0.0 
464 1 0.0 0.0 0.0 0.0 0.0 0.0 0.0 
465 1 0.0 0.0 0.0 0.0 0.0 0.0 0.0 
466 1 0.0 0.0 0.0 0.0 0.0 0.0 0.0 
467 1 0.0 0.0 0.0 0.0 0.0 0.0 0.0 
468 1 0.0 0.0 0.0 0.0 0.0 0.0 0.0 
469 1 0.0 0.0 0.0 0.0 0.0 0.0 0.0 
470 1 0.0 0.0 0.0 0.0 0.0 0.0 0.0 
471 1 0.0 0.0 0.0 0.0 0.0 0.0 0.0 
472 1 0.0 0.0 0.0 0.0 0.0 0.0 0.0 
473 1 0.0 0.0 0.0 0.0 0.0 0.0 0.0 
474 1 0.0 0.0 0.0 0.0 0.0 0.0 0.0 
475 1 0.0 0.0 0.0 0.0 0.0 0.0 0.0 
476 1 0.0 0.0 0.0 0.0 0.0 0.0 0.0 
477 1 0.0 0.0 0.0 0.0 0.0 0.0 0.0 
478 1 0.0 0.0 0.0 0.0 0.0 0.0 0.0 
479 1 0.0 0.0 0.0 0.0 0.0 0.0 0.0 
480 1 0.0 0.0 0.0 0.0 0.0 0.0 0.0 
481 1 0.0 0.0 0.0 0.0 0.0 0.0 0.0 
482 1 0.0 0.0 0.0 0.0 0.0 0.0 0.0 
483 1 0.0 0.0 0.0 0.0 0.0 0.0 0.0 
484 1 0.0 0.0 0.0 0.0 0.0 0.0 0.0 
485 1 0.0 0.0 0.0 0.0 0.0 0.0 0.0 
486 1 0.0 0.0 0.0 0.0 0.0 0.0 0.0 
487 1 0.0 0.0 0.0 0.0 0.0 0.0 0.0 
488 1 0.0 0.0 0.0 0.0 0.0 0.0 0.0 
489 1 0.0 0.0 0.0 0.0 0.0 0.0 0.0 
490 1 0.0 0.0 0.0 0.0 0.0 0.0 0.0 
491 1 0.0 0.0 0.0 0.0 0.0 0.0 0.0 
492 1 0.0 0.0 0.0 0.0 0.0 0.0 0.0 
493 1 0.0 0.0 0.0 0.0 0.0 0.0 0.0 
494 1 0.0 0.0 0.0 0.0 0.0 0.0 0.0 
495 1 0.0 0.0 0.0 0.0 0.0 0.0 0.0 
496 1 0.0 0.0 0.0 0.0 0.0 0.0 0.0 
497 1 0.0 0.0 0.0 0.0 0.0 0.0 0.0 
498 1 0.0 0.0 0.0 0.0 0.0 0.0 0.0 
499 1 0.0 0.0 0.0 0.0 0.0 0.0 0.0 
500 1 0.0 0.0 0.0 0.0 0.0 0.0 0.0 
501 1 0.0 0.0 0.0 0.0 0.0 0.0 0.0 
502 1 0.0 0.0 0.0 0.0 0.0 0.0 0.0 
503 1 0.0 0.0 0.0 0.0 0.0 0.0 0.0 
504 1 0.0 0.0 0.0 0.0 0.0 0.0 0.0 
505 1 0.0 0.0 0.0 0.0 0.0 0.0 0.0 
506 1 0.0 0.0 0.0 0.0 0.0 0.0 0.0 
507 1 0.0 0.0 0.0 0.0 0.0 0.0 0.0 
508 1 0.0 0.0 0.0 0.0 0.0 0.0 0.0 
509 1 0.0 0.0 0.0 0.0 0.0 0.0 0.0 
510 1 0.0 0.0 0.0 0.0 0.0 0.0 0.0 
511 1 0.0 0.0 0.0 0.0 0.0 0.0 0.0 
512 1 0.0 0.0 0.0 0.0 0.0 0.0 0.0 
513 1 0.0 0.0 0.0 0.0 0.0 0.0 0.0 
514 1 0.0 0.0 0.0 0.0 0.0 0.0 0.0 
515 1 0.0 0.0 0.0 0.0 0.0 0.0 0.0 
516 1 0.0 0.0 0.0 0.0 0.0 0.0 0.0 
517 1 0.0 0.0 0.0 0.0 0.0 0.0 0.0 
518 1 0.0 0.0 0.0 0.0 0.0 0.0 0.0 
519 1 0.0 0.0 0.0 0.0 0.0 0.0 0.0 
520 1 0.0 0.0 0.0 0.0 0.0 0.0 0.0 
521 1 0.0 0.0 0.0 0.0 0.0 0.0 0.0 
522 1 0.0 0.0 0.0 0.0 0.0 0.0 0.0 
523 1 0.0 0.0 0.0 0.0 0.0 0.0 0.0 
524 1 0.0 0.0 0.0 0.0 0.0 0.0 0.0 
525 1 0.0 0.0 0.0 0.0 0.0 0.0 0.0 
526 1 0.0 0.0 0.0 0.0 0.0 0.0 0.0 
527 1 0.0 0.0 0.0 0.0 0.0 0.0 0.0 
528 1 0.0 0.0 0.0 0.0 0.0 0.0 0.0 
529 1 0.0 0.0 0.0 0.0 0.0 0.0 0.0 
530 1 0.0 0.0 0.0 0.0 0.0 0.0 0.0 
531 1 0.0 0.0 0.0 0.0 0.0 0.0 0.0 
532 1 0.0 0.0 0.0 0.0 0.0 0.0 0.0 
533 1 0.0 0.0 0.0 0.0 0.0 0.0 0.0 
534 1 0.0 0.0 0.0 0.0 0.0 0.0 0.0 
535 1 0.0 0.0 0.0 0.0 0.0 0.0 0.0 
536 1 0.0 0.0 0.0 0.0 0.0 0.0 0.0 
537 1 0.0 0.0 0.0 0.0 0.0 0.0 0.0 
538 1 0.0 0.0 0.0 0.0 0.0 0.0 0.0 
539 1 0.0 0.0 0.0 0.0 0.0 0.0 0.0 
540 1 0.0 0.0 0.0 0.0 0.0 0.0 0.0 
541 1 0.0 0.0 0.0 0.0 0.0 0.0 0.0 
542 1 0.0 0.0 0.0 0.0 0.0 0.0 0.0 
543 1 0.0 0.0 0.0 0.0 0.0 0.0 0.0 
544 1 0.0 0.0 0.0 0.0 0.0 0.0 0.0 
545 1 0.0 0.0 0.0 0.0 0.0 0.0 0.0 
546 1 0.0 0.0 0.0 0.0 0.0 0.0 0.0 
547 1 0.0 0.0 0.0 0.0 0.0 0.0 0.0 
548 1 0.0 0.0 0.0 0.0 0.0 0.0 0.0 
549 1 0.0 0.0 0.0 0.0 0.0 0.0 0.0 
550 1 0.0 0.0 0.0 0.0 0.0 0.0 0.0 
551 1 0.0 0.0 0.0 0.0 0.0 0.0 0.0 
552 1 0.0 0.0 0.0 0.0 0.0 0.0 0.0 
553 1 0.0 0.0 0.0 0.0 0.0 0.0 0.0 
554 1 0.0 0.0 0.0 0.0 0.0 0.0 0.0 
555 1 0.0 0.0 0.0 0.0 0.0 0.0 0.0 
556 1 0.0 0.0 0.0 0.0 0.0 0.0 0.0 
557 1 0.0 0.0 0.0 0.0 0.0 0.0 0.0 
558 1 0.0 0.0 0.0 0.0 0.0 0.0 0.0 
559 1 0.0 0.0 0.0 0.0 0.0 0.0 0.0 
560 1 0.0 0.0 0.0 0.0 0.0 0.0 0.0 
561 1 0.0 0.0 0.0 0.0 0.0 0.0 0.0 
562 1 0.0 0.0 0.0 0.0 0.0 0.0 0.0 
563 1 0.0 0.0 0.0 0.0 0.0 0.0 0.0 
564 1 0.0 0.0 0.0 0.0 0.0 0.0 0.0 
565 1 0.0 0.0 0.0 0.0 0.0 0.0 0.0 
566 1 0.0 0.0 0.0 0.0 0.0 0.0 0.0 
567 1 0.0 0.0 0.0 0.0 0.0 0.0 0.0 
568 1 0.0 0.0 0.0 0.0 0.0 0.0 0.0 
569 1 0.0 0.0 0.0 0.0 0.0 0.0 0.0 
570 1 0.0 0.0 0.0 0.0 0.0 0.0 0.0 
571 1 0.0 0.0 0.0 0.0 0.0 0.0 0.0 
572 1 0.0 0.0 0.0 0.0 0.0 0.0 0.0 
573 1 0.0 0.0 0.0 0.0 0.0 0.0 0.0 
574 1 0.0 0.0 0.0 0.0 0.0 0.0 0.0 
575 1 0.0 0.0 0.0 0.0 0.0 0.0 0.0 
576 1 0.0 0.0 0.0 0.0 0.0 0.0 0.0 
577 1 0.0 0.0 0.0 0.0 0.0 0.0 0.0 
578 1 0.0 0.0 0.0 0.0 0.0 0.0 0.0 
579 1 0.0 0.0 0.0 0.0 0.0 0.0 0.0 
580 1 0.0 0.0 0.0 0.0 0.0 0.0 0.0 
581 1 0.0 0.0 0.0 0.0 0.0 0.0 0.0 
582 1 0.0 0.0 0.0 0.0 0.0 0.0 0.0 
583 1 0.0 0.0 0.0 0.0 0.0 0.0 0.0 
584 1 0.0 0.0 0.0 0.0 0.0 0.0 0.0 
585 1 0.0 0.0 0.0 0.0 0.0 0.0 0.0 
586 1 0.0 0.0 0.0 0.0 0.0 0.0 0.0 
587 1 0.0 0.0 0.0 0.0 0.0 0.0 0.0 
588 1 0.0 0.0 0.0 0.0 0.0 0.0 0.0 
589 1 0.0 0.0 0.0 0.0 0.0 0.0 0.0 
590 1 0.0 0.0 0.0 0.0 0.0 0.0 0.0 
591 1 0.0 0.0 0.0 0.0 0.0 0.0 0.0 
592 1 0.0 0.0 0.0 0.0 0.0 0.0 0.0 
593 1 0.0 0.0 0.0 0.0 0.0 0.0 0.0 
594 1 0.0 0.0 0.0 0.0 0.0 0.0 0.0 
595 1 0.0 0.0 0.0 0.0 0.0 0.0 0.0 
596 1 0.0 0.0 0.0 0.0 0.0 0.0 0.0 
597 1 0.0 0.0 0.0 0.0 0.0 0.0 0.0 
598 1 0.0 0.0 0.0 0.0 0.0 0.0 0.0 
599 1 0.0 0.0 0.0 0.0 0.0 0.0 0.0 
600 1 0.0 0.0 0.0 0.0 0.0 0.0 0.0 
601 1 0.0 0.0 0.0 0.0 0.0 0.0 0.0 
602 1 0.0 0.0 0.0 0.0 0.0 0.0 0.0 
603 1 0.0 0.0 0.0 0.0 0.0 0.0 0.0 
604 1 0.0 0.0 0.0 0.0 0.0 0.0 0.0 
605 1 0.0 0.0 0.0 0.0 0.0 0.0 0.0 
606 1 0.0 0.0 0.0 0.0 0.0 0.0 0.0 
607 1 0.0 0.0 0.0 0.0 0.0 0.0 0.0 
608 1 0.0 0.0 0.0 0.0 0.0 0.0 0.0 
609 1 0.0 0.0 0.0 0.0 0.0 0.0 0.0 
610 1 0.0 0.0 0.0 0.0 0.0 0.0 0.0 
611 1 0.0 0.0 0.0 0.0 0.0 0.0 0.0 
612 1 0.0 0.0 0.0 0.0 0.0 0.0 0.0 
613 1 0.0 0.0 0.0 0.0 0.0 0.0 0.0 
614 1 0.0 0.0 0.0 0.0 0.0 0.0 0.0 
615 1 0.0 0.0 0.0 0.0 0.0 0.0 0.0 
616 1 0.0 0.0 0.0 0.0 0.0 0.0 0.0 
617 1 0.0 0.0 0.0 0.0 0.0 0.0 0.0 
618 1 0.0 0.0 0.0 0.0 0.0 0.0 0.0 
619 1 0.0 0.0 0.0 0.0 0.0 0.0 0.0 
620 1 0.0 0.0 0.0 0.0 0.0 0.0 0.0 
621 1 0.0 0.0 0.0 0.0 0.0 0.0 0.0 
622 1 0.0 0.0 0.0 0.0 0.0 0.0 0.0 
623 1 0.0 0.0 0.0 0.0 0.0 0.0 0.0 
624 1 0.0 0.0 0.0 0.0 0.0 0.0 0.0 
625 1 0.0 0.0 0.0 0.0 0.0 0.0 0.0 
626 1 0.0 0.0 0.0 0.0 0.0 0.0 0.0 
627 1 0.0 0.0 0.0 0.0 0.0 0.0 0.0 
628 1 0.0 0.0 0.0 0.0 0.0 0.0 0.0 
629 1 0.0 0.0 0.0 0.0 0.0 0.0 0.0 
630 1 0.0 0.0 0.0 0.0 0.0 0.0 0.0 
631 1 0.0 0.0 0.0 0.0 0.0 0.0 0.0 
632 1 0.0 0.0 0.0 0.0 0.0 0.0 0.0 
633 1 0.0 0.0 0.0 0.0 0.0 0.0 0.0 
634 1 0.0 0.0 0.0 0.0 0.0 0.0 0.0 
635 1 0.0 0.0 0.0 0.0 0.0 0.0 0.0 
636 1 0.0 0.0 0.0 0.0 0.0 0.0 0.0 
