# Cluster list (52 data points):
# "Cluster Identifier" "Cluster Size" "Radius of Gyration" "Gyration Tensor.XX" "Gyration Tensor.YY" "Gyration Tensor.ZZ" "Gyration Tensor.XY" "Gyration Tensor.XZ" "Gyration Tensor.YZ"
1 76 4.1565179334 9.1388330998 3.4144046074 4.7234036234 0.646791969 -1.7699073024 -0.4020451867 
2 53 3.897271447 7.7116083625 3.5038373511 3.9732790183 0.2678082927 -0.09253127 0.3950781877 
3 53 3.4823894132 4.5818465702 3.4348035051 4.1103859494 -0.5978207162 -0.6312814283 0.4819736881 
4 40 3.1857968972 4.2229622943 2.8308467496 3.0954928265 0.2201652569 0.1048318652 0.1325554219 
5 40 3.1768793626 3.3024522378 3.1514089407 3.638701306 0.622638045 -0.5355173192 0.0095376926 
6 39 3.3297680944 2.4024885223 4.054494318 4.6303727223 -0.0358748436 -0.5352660323 -1.5058478748 
7 36 3.085059755 2.7260102859 2.669195954 4.1223874522 0.231262444 -0.2993597769 -0.7123881885 
8 33 3.0117965393 3.8593273888 2.8103600416 2.4012309634 -0.710486342 -0.0083897881 0.1319074496 
9 31 2.8865773613 3.2714105859 2.6872750335 2.3736432432 -0.4312723879 0.3497707934 -0.1860509386 
10 30 2.9116006449 2.908266897 3.6634017228 1.9057496954 0.1200787759 -0.2514533496 -0.5218975303 
11 29 2.8316525645 2.4102370709 3.357493879 2.250525296 -0.1203013127 -0.0856864295 -0.0998395447 
12 28 2.8202985627 2.0698521708 2.5558158736 3.3284159384 0.1436437692 0.4111404716 0.019190241 
13 27 2.8189325536 3.0326370158 2.9317621329 1.9819815931 0.9729697607 0.0347950934 0.3522434949 
14 23 2.6671195418 3.1339283597 2.5414217218 1.4381765686 0.2302280679 -0.2467104387 -0.0201491266 
15 23 2.6169127311 2.5735228878 1.974202078 2.3005072764 -0.2262304103 -0.0098295324 0.0760325635 
16 22 2.6010275197 2.5791065242 2.0685671686 2.1176704653 0.2645413929 -0.2150849958 0.1207058286 
17 21 2.5859294655 1.9200353281 2.4591457549 2.3078501172 -0.2562721529 0.4054960636 0.4008631682 
18 21 2.5539518412 2.0126235682 2.783985698 1.726060741 0.175444323 -0.3790125672 -0.2274052077 
19 21 2.5519671311 2.0229992389 2.7020295244 1.7875074751 0.4076422814 0.0610982843 -0.1766839338 
20 20 2.4943108933 2.0960985533 1.7988739835 2.3266142958 -0.1201320749 0.3238604756 -0.6062733039 
21 18 2.3854194338 1.5543805832 2.4783245502 1.6575207415 0.0724317747 0.0086799138 -0.2699531653 
22 18 2.4054433776 1.7836433396 2.4129062693 1.5896082338 -0.399556098 0.1006508804 -0.2090955304 
23 17 2.3998082042 2.1725589073 1.6572389765 1.929281533 0.040638712 0.4896379287 -0.4592637533 
24 16 2.2707416405 1.6999237321 1.7914981092 1.6648457565 -0.0529251859 -0.1228724037 -0.0747629351 
25 15 2.2495203742 1.4705672 1.4277412365 2.1620334775 0.1896720887 -0.4479272945 -0.1633940702 
26 15 2.2673682432 1.582278644 2.1987936242 1.3598864822 -0.2397053227 -0.1005434233 -0.11697962 
27 14 2.1662843734 1.4155935594 1.7082465271 1.5689479001 -0.0785241168 -0.1201141985 0.350436297 
28 14 2.1732294941 1.6579122636 1.7147659506 1.3502482198 -0.3991682675 0.0784953393 -0.1307292495 
29 14 2.1685053048 2.0391358339 1.3733522485 1.2899271743 -0.139214238 -0.0531351693 0.0082487337 
30 14 2.1518182461 1.7565091371 1.5583839823 1.3154286448 -0.346354967 0.1083401448 -0.0876424757 
31 13 2.0805659978 1.4367208594 1.4722536521 1.4197803596 1.1436272204e-04 0.038680464 -0.0298000141 
32 13 2.0658046204 1.4096473964 1.4182530085 1.4396483247 -0.0145451681 0.0140235695 0.0141997966 
33 13 2.0682421317 1.3939378457 1.4784351182 1.4052525515 -0.0080979479 0.0213233119 0.0020623647 
34 12 2.0573101395 1.4412669452 1.4211373826 1.3701206822 -0.121264272 -0.1799388988 -0.0809952979 
35 12 2.0692954207 1.4611511306 1.5086585542 1.3121738532 0.0127148729 -0.0452265233 0.0833647907 
36 11 2.0418997474 1.3591586346 1.3861855757 1.4240103681 0.3554444145 -0.1763709416 0.0791015193 
37 11 2.0885528115 1.7471973348 1.7018465733 0.9130089383 -0.2498757766 -0.1105647754 -0.1024510465 
38 10 1.9827040655 1.093178199 1.3105192591 1.5274179532 0.4320682016 -0.1644078042 0.1735403522 
39 10 2.0178122576 1.4739619681 1.3394850656 1.2581192732 -0.2346935276 -0.2914952638 -0.4548127403 
40 9 1.9235951794 1.3738862582 0.9901665292 1.3361656269 -0.0896413433 -0.3222012087 -0.4445959103 
41 9 1.8940091578 1.1121262394 1.1625180042 1.3126264461 0.2058277068 -0.1696996213 0.0972532428 
42 8 1.8077781533 0.8698115702 1.2028144486 1.1954358329 0.0434939298 0.0488351367 0.3376581214 
43 7 1.7241775242 1.1894500014 1.015587665 0.7677504684 -0.1018860342 0.1258024876 0.4146042173 
44 7 1.7226604361 0.5118274833 1.162772223 1.2929592717 0.1407296326 -0.1510932273 0.1127348381 
45 7 1.7295692161 0.9376382271 0.8598134817 1.1939579646 0.4893296396 -0.0389101794 0.0918854328 
46 7 1.7260175142 1.2645690905 0.6232447308 1.091322638 0.2134876081 0.1235503536 -0.2935516284 
47 6 1.6141551936 0.8139087592 0.8880717034 0.9035165263 -0.0203149611 -0.0232431845 -0.0483064173 
48 5 1.5480838931 1.199493757 0.6422063016 0.5548636814 -0.2479981959 -0.0831652009 -0.0321362445 
49 4 1.3928647978 0.6390853963 0.5481386129 0.7528483358 0.0844201982 0.0083510791 -0.0053536811 
50 3 1.2941126946 0.0277451911 0.8366263777 0.8103560976 0.1438424978 0.0496493554 0.0013239882 
51 1 0.0 0.0 0.0 0.0 0.0 0.0 0.0 
52 1 0.0 0.0 0.0 0.0 0.0 0.0 0.0 
