# Cluster list (44 data points):
# "Cluster Identifier" "Cluster Size" "Radius of Gyration" "Gyration Tensor.XX" "Gyration Tensor.YY" "Gyration Tensor.ZZ" "Gyration Tensor.XY" "Gyration Tensor.XZ" "Gyration Tensor.YZ"
1 76 4.1108641605 7.5620930692 4.4638794068 4.8732316704 1.8539271441 -1.8561386191 -0.7987919622 
2 74 3.9364040005 5.8553596538 5.7361069384 3.9038098632 1.2011497107 0.0132814375 0.6523421579 
3 58 3.582436782 5.2365860674 3.7334636797 3.8638035502 0.336822245 -0.0849805172 0.0476252954 
4 53 3.4622218942 3.9872734256 4.1796167028 3.8200903163 0.3209487696 -0.1445250955 0.2639755683 
5 47 3.4004786679 2.8881381675 4.3694020054 4.305714998 0.4516443063 -0.6488551631 0.5898210851 
6 47 3.3344097779 4.0532892067 3.7683185209 3.2966808395 0.349792984 0.722058756 0.3584603931 
7 39 3.1402235599 2.7250432074 4.3763752602 2.7595855387 -0.1467982349 0.0059041435 -0.0798504338 
8 36 3.0910949796 3.2543351975 3.3319832604 2.9685497152 0.8956792192 -0.3428367151 -0.7129837339 
9 33 3.0136974152 2.7665999979 3.8856679378 2.4301041746 -0.6616415992 0.2521264678 -0.2126083041 
10 31 2.9247213663 2.0421168807 3.1338115723 3.3780666173 0.3849938152 0.0845589876 -0.1673247395 
11 31 2.9018338758 3.1433986197 2.5771315661 2.7001096569 -0.3287824647 0.5456056469 -0.3895085144 
12 31 2.9670770391 3.9327153243 2.490941392 2.3798894399 -0.0818008067 -0.054887409 0.3588434298 
13 28 2.8166770489 2.0340492488 2.5845565001 3.3150638489 -0.0510774075 -0.3532994471 0.1125406628 
14 27 2.8103766922 2.59446628 2.5654129112 2.738337961 0.3442101653 0.689590059 0.8554058275 
15 23 2.6709267401 3.0854152133 2.4808962171 1.5675382209 -0.3943549956 0.0167343636 -0.2879479649 
16 23 2.6114378392 1.9780106243 2.6747046032 2.1668923604 -0.0645937164 0.2304571461 -0.0558316648 
17 21 2.5580915828 1.9988659966 2.5637477301 1.9812188192 0.4295372862 -0.0334208484 -0.2934344692 
18 21 2.5972468627 2.7381317759 2.0893406379 1.9182188519 0.360983468 0.270944852 -0.3483394283 
19 20 2.4958174949 1.9067265666 2.2451546818 2.0772237195 -0.1924026194 0.4412513594 -0.0587740764 
20 20 2.4911850281 2.5526963907 2.2296680555 1.4236383981 -0.421088406 -0.1034061578 0.1174991142 
21 17 2.3923636056 1.9069818952 2.4840228085 1.3323989177 -0.0210357846 0.1758793151 -0.3655707203 
22 16 2.311452092 1.6946831801 2.3188727305 1.3292548632 0.1522417378 -0.1151851733 -0.2391839647 
23 15 2.2470139317 1.6577939375 1.9908478488 1.4004298228 -0.3561715318 0.2308707341 -0.2939568511 
24 15 2.2432276822 1.4633077659 1.8561484026 1.7126142655 -0.0933259203 0.0802202479 -0.4788059323 
25 15 2.2487251725 1.3940642301 2.2564837584 1.4062169129 0.0656398017 -0.041534596 -0.3302824174 
26 14 2.1737843069 1.3980048527 1.3480142432 1.9793191169 -0.0505951699 0.0933692141 -0.1824354338 
27 14 2.1934009681 1.6876547992 1.5261403192 1.5972126884 -0.2226668241 0.2824232993 -0.2378717764 
28 14 2.189950982 1.7095136895 1.708634783 1.377736831 -0.3550297243 -0.1046220352 0.0750969894 
29 13 2.063584417 1.4534085108 1.3928612058 1.4121109295 -0.0113178122 -0.0309475263 0.0233894602 
30 13 2.0716638281 1.3801338034 1.4372662567 1.4743909566 -0.0296137575 -0.0322856055 -0.0125715949 
31 12 2.0389963463 1.4527159221 1.2089403854 1.4958497926 -0.0665295228 0.0165825577 -8.8455854893e-05 
32 12 2.0570587994 1.5175872913 1.4115791868 1.3023244262 -0.031253445 -0.0689533425 -0.2053999 
33 11 2.1007687276 1.3920288919 1.9291482229 1.0920521321 -0.1407896935 0.2515176994 -0.0206162307 
34 11 2.0319228129 1.4242972527 1.5419077761 1.162505289 0.0354355078 0.1205674165 -0.3253300153 
35 10 1.9819895705 1.6366834111 0.7382813929 1.5533178537 -0.0385937894 -0.004524842 0.1694894775 
36 10 1.9963911899 1.2615026925 1.1229887886 1.601086302 -0.4715908658 0.1707260237 0.0121521785 
37 9 1.8696941019 1.0024652931 1.1704260286 1.3228647128 0.2400814249 -0.0691594217 0.0681771286 
38 8 1.7973512542 0.8607649526 1.2373984683 1.1323081099 0.1399541019 0.0178610066 0.364808018 
39 7 1.7238448436 1.1243192977 0.6939927076 1.1533290395 -0.2466827473 -0.135548799 -0.2238259856 
40 7 1.7377883386 1.2826266664 1.2314379412 0.5058437021 -0.0716414719 -0.0965123343 -0.2303099907 
41 6 1.6055305058 0.8496567063 0.8565864619 0.8714850367 -0.0555322416 -0.0266308701 -0.008315284 
42 5 1.5460582883 0.6912931066 0.6967891451 1.002213979 0.1403582848 0.303879333 0.305002786 
43 4 1.3770397765 0.6352360066 0.6185323991 0.6424701404 0.058054152 0.0187217877 -0.0298178929 
44 3 1.3229924989 0.8212270159 0.8354269086 0.0936552277 -0.0900503571 0.2155409313 0.151335821 
