# Cluster list (39 data points):
# "Cluster Identifier" "Cluster Size" "Radius of Gyration" "Gyration Tensor.XX" "Gyration Tensor.YY" "Gyration Tensor.ZZ" "Gyration Tensor.XY" "Gyration Tensor.XZ" "Gyration Tensor.YZ"
1 76 4.1121460417 6.530155678 4.7401579283 5.6394314618 1.7186929352 -2.3270328544 -1.1511791512 
2 74 3.9250974916 6.2285303082 4.9146533155 4.263206695 0.9269499079 0.3552434236 1.0370086476 
3 70 3.9217366474 4.692252003 7.1894763147 3.4982900136 -0.9464724736 -0.5785678 0.6457424716 
4 58 3.5483505601 4.851497 3.8097875188 3.9295071785 0.4227953574 -0.2078045579 -0.0239657459 
5 53 3.4584410627 4.157602708 3.9964740359 3.8067378405 0.2249741006 -0.0042867311 0.400771285 
6 47 3.3454964645 4.207754697 3.7504488514 3.2341430458 0.624856294 0.6039221801 0.0177652464 
7 43 3.3107285653 3.9014097678 4.3916954519 2.6678184135 0.9141003966 -0.0120103284 0.319963459 
8 39 3.136767979 2.8399306412 4.2549741838 2.744408529 0.3997068807 -0.0417191643 -0.2092094668 
9 36 3.0974580769 2.6426887064 3.8254860525 3.126071779 0.1642551274 0.074104793 -1.0450634969 
10 33 3.0056517949 2.8194483336 3.7419881752 2.4725062033 -0.7789432943 5.3811890911e-04 0.2844641334 
11 31 2.9100764709 1.9879750955 3.1608044275 3.3197655435 0.0398852266 -0.4878114201 -0.0382458724 
12 31 2.9744260228 3.6925650564 2.1280955647 3.026549544 0.3578537094 -1.0400587291 -0.2028217788 
13 31 2.933515976 3.4448971253 2.5500937539 2.6105251021 0.5721713755 -0.0750056274 0.3507363042 
14 28 2.812583903 2.2603733239 2.3236173787 3.3266375089 0.206823648 0.4597257431 -0.1781652943 
15 27 2.8150973897 2.1657344753 2.3540916249 3.4049472132 -0.3687570907 -0.2388076592 0.924976428 
16 23 2.6248973803 1.9743608329 2.6781991451 2.2375262789 0.0261911423 0.1486504321 0.0628844996 
17 21 2.5715730756 2.3137135971 1.9547043429 2.3445701432 0.5378871489 0.3121913802 -0.1805682528 
18 20 2.4899267 1.5312284654 2.4652959052 2.2032106009 0.1369893576 -0.1293480258 -0.1359529277 
19 20 2.4823830045 2.6652363879 1.9394378654 1.5575511278 0.2281933476 -0.4148192559 -0.0027587651 
20 18 2.4767786585 2.2178151091 2.0105103674 1.9061070467 -0.1225117971 0.2768038226 -0.7320299991 
21 17 2.3956773432 2.2439395893 1.9679540011 1.5273763424 0.5149507487 -0.3392509545 0.2113019985 
22 16 2.3240021188 1.3646509219 2.4151248942 1.6212100321 -0.3027157737 -0.0146802638 0.1415725252 
23 15 2.2531858698 1.5676890021 2.0865652159 1.4225923457 -0.4097932582 -0.0219081728 0.3007747138 
24 15 2.2626935254 2.0058497072 1.5950928848 1.5188393981 0.4212426951 0.4157040232 0.1321171373 
25 14 2.1772046476 1.3512889846 1.4599567142 1.9289743787 -0.0588913716 -0.1313461261 0.2186273701 
26 14 2.1812709614 1.3670944956 1.7422698369 1.6485786744 -0.0103890292 0.0112616416 -0.3923597265 
27 14 2.1857637767 1.991781021 1.4004488013 1.3853334654 -0.1613499647 0.0650166304 -0.0019460766 
28 13 2.0776970968 1.4152615166 1.4946017606 1.4069619489 -0.0039869522 -0.0657469924 -0.0270622284 
29 13 2.0697128761 1.4245552622 1.4009924355 1.4581636919 0.0048111094 0.0188555138 0.0265503754 
30 12 2.0955621273 1.3527909378 1.3452824169 1.6933072746 0.0910153352 -0.0090059629 -0.050635504 
31 12 2.0487954725 1.2242745137 1.4536528064 1.519635568 -0.2209671773 -0.0753598018 -0.0408627264 
32 11 2.0328731087 1.3811426449 1.5424574563 1.2089729749 -0.2038755846 -0.1527287651 -0.1241423161 
33 11 2.0421712156 1.7176403008 1.4659918298 0.9868311432 -0.0601246651 0.1985156579 -0.1858360465 
34 10 2.002847724 1.6185839741 0.7654376812 1.6273773503 0.0797648242 0.0978346345 -0.2015826575 
35 9 1.897283297 1.2736289775 1.0067115898 1.3193433418 0.2195252468 -0.0359011 0.1911493824 
36 7 1.7156749292 0.9647820448 0.7299061368 1.2488522812 0.3715577018 -0.0990244876 0.1189945491 
37 7 1.7334216234 1.2211958894 1.2145959821 0.568958653 0.0639080461 -0.2341652385 0.2743920551 
38 6 1.6071086467 0.8485621086 0.8984944128 0.8357416807 -0.0153305802 0.0217538504 0.0156536722 
39 5 1.5422326944 0.5062658715 0.9098566108 0.9623592015 -0.0516803489 0.0520401755 -0.45336759 
