# Cluster list (43 data points):
# "Cluster Identifier" "Cluster Size" "Radius of Gyration" "Gyration Tensor.XX" "Gyration Tensor.YY" "Gyration Tensor.ZZ" "Gyration Tensor.XY" "Gyration Tensor.XZ" "Gyration Tensor.YZ"
1 76 4.1100704216 7.0775577264 4.7204612592 5.0946598849 1.9367257483 -2.0054948882 -0.9780013761 
2 74 3.9238433648 5.83060509 5.419269328 4.1466723336 1.0895234262 -0.0205520057 0.8991679344 
3 58 3.5420576172 4.8120471425 3.7293803405 4.004744681 0.0264355334 -0.1317139226 0.0521235087 
4 53 3.4579297158 4.1391387955 3.9696556134 3.8484835101 0.4219870855 -0.0655926823 0.3370501914 
5 47 3.3946038366 3.2517318165 3.7375071015 4.5340962895 0.8301328721 -0.2996384945 0.6770492217 
6 47 3.3388505346 3.9209614756 3.8159403907 3.4110210262 0.4647855155 0.8511719076 0.1453771559 
7 39 3.1418428694 2.6643250023 4.4140155989 2.7928360148 0.145971866 -0.0803960753 -0.2421955852 
8 36 3.0962537503 2.7609900828 4.2458936786 2.5799035248 0.5390617817 0.0024872982 -0.6688243002 
9 33 3.01772697 2.7089007002 3.8348203183 2.5629550468 -0.6704974714 0.3124548487 -0.3911838843 
10 31 2.9338794277 2.2254996052 3.1403391737 3.2418097176 0.3453658789 -0.6217547796 0.0925758394 
11 31 2.948920905 3.7257636453 2.2762830507 2.6940878079 -0.090110229 0.1520653297 0.3690407066 
12 31 2.8890991225 2.9484194603 2.4225394208 2.9759348585 0.1107749913 0.645489337 -0.08777642 
13 28 2.8110405664 1.9037633318 2.593820212 3.4043655221 -0.0310829352 0.1107477325 0.1684846613 
14 27 2.8349222629 2.2199067266 2.6828581187 3.1340193911 0.3156046904 0.7413525321 0.8356768792 
15 23 2.6836251618 2.7260895302 2.890016857 1.5857376217 -0.4869740737 0.4401150637 -0.0307111515 
16 23 2.6175631698 1.9737352392 2.668458296 2.2094434126 -0.0200966291 0.1317912241 -0.1079228177 
17 21 2.549110299 2.5821901809 1.707254149 2.2085189865 -0.1374908225 -0.435734771 0.0139789233 
18 21 2.5716679239 2.8394618933 2.2313243308 1.5426896867 0.1123980122 0.0206677883 -0.2720420275 
19 20 2.4923009427 1.6299758805 2.3525434631 2.2290446453 -0.0474346418 0.2405892193 -0.1031764321 
20 20 2.4826779271 2.2164701819 2.2103137175 1.7369057902 -0.5192172093 0.4723391791 -0.0659031475 
21 18 2.4761330585 2.0872993229 1.7308851813 2.3130504193 0.0787533641 0.3614082264 -0.7385853122 
22 17 2.3997993257 1.9581088736 2.5718384672 1.2290894627 -0.0410036208 0.0335073297 -0.0252405693 
23 16 2.3064114973 2.0664931901 1.9321445667 1.3208962382 0.3449150655 0.1642056067 0.1150517894 
24 15 2.2621722646 1.316458742 2.3521636784 1.4488009342 -0.1400473938 0.0648574909 -0.0166790376 
25 15 2.2502167862 1.7265419395 1.7051181719 1.6318154733 0.3478129712 0.3820341682 0.3133002121 
26 14 2.1946691785 2.0596989046 1.3970295001 1.3598443983 -0.0813234076 0.1470858598 -0.0591818902 
27 14 2.1785374963 1.5404323261 1.3784619924 1.8271313044 -0.1305221208 0.3347265952 -0.1640635747 
28 14 2.18010121 1.5296012362 1.4177616675 1.8054783823 0.1384954312 -0.3056063279 -0.1978671645 
29 13 2.081711601 1.4944051258 1.4146303076 1.4244877563 -0.0166258963 -0.0067698985 0.00137257 
30 13 2.07040218 1.4666956018 1.434163067 1.3857065181 -0.0179594174 -0.041109111 -0.0467602718 
31 12 2.0511833522 1.4918038186 1.2585248711 1.4570244548 -0.0586968538 -0.0631564368 -0.2143427888 
32 12 2.0540615177 1.5147762685 1.5225578671 1.1818345828 -1.9733884422e-04 -0.1191934779 -0.1232752737 
33 11 2.0310074056 1.4221203716 1.6246745474 1.0781961624 -0.0667974778 -0.1753056645 0.0731504498 
34 11 2.042115421 1.433811281 1.3239558649 1.4124682469 -0.2566617458 0.0484334306 0.0298607696 
35 10 1.9873970254 1.6211681451 0.7121986659 1.6163801254 0.0318060151 0.0108382142 0.0672566493 
36 10 1.9916836443 1.7163500005 0.763067832 1.4873859065 -0.1529210635 0.0666765243 0.1675754678 
37 9 1.9077347056 1.4277205188 1.394506533 0.8172246553 -0.0056958443 0.0129885389 -0.0372916915 
38 8 1.8177956609 1.0477929432 0.9827589402 1.2738291816 -0.2104122026 0.3035373673 -0.2433409962 
39 7 1.7607180424 0.8352376338 1.1787264443 1.0861639466 -0.2672991728 -0.4071173004 -0.1373674271 
40 7 1.7327712862 1.1754746164 1.208240571 0.6187811431 -0.1493476094 -0.1352585133 -0.3114609957 
41 6 1.5783489161 0.8659629134 0.8098268295 0.8153955582 -0.0183081091 -0.0436462262 -0.003215073 
42 5 1.5476569606 0.617028835 0.6569279533 1.1212852793 0.0472282265 -0.2703294911 -0.2371394139 
43 4 1.418267926 0.6571250603 0.6621957856 0.6921630641 -0.027440084 -0.0057637118 0.0258848553 
