# Cluster list (49 data points):
# "Cluster Identifier" "Cluster Size" "Radius of Gyration" "Gyration Tensor.XX" "Gyration Tensor.YY" "Gyration Tensor.ZZ" "Gyration Tensor.XY" "Gyration Tensor.XZ" "Gyration Tensor.YZ"
1 76 4.1583166369 8.4046234019 3.4510950429 5.4358788075 1.0336454877 -2.3711397742 -0.5003600081 
2 53 3.4826935264 3.9286609337 4.1280181976 4.0724750674 0.3844450185 0.0701813693 0.4960629735 
3 53 3.487373473 4.7640867819 3.4438381049 3.9538488532 -0.5410559174 -0.6521161078 0.4321069224 
4 47 3.4405298521 3.2251753517 5.3776781246 3.2343921867 0.9878931642 0.7042708541 0.8010643382 
5 40 3.1781146324 4.0516744421 2.8928904731 3.1558477015 -0.3295178973 0.3572406024 -0.0873761394 
6 40 3.1812147732 2.9088272034 3.6041484728 3.6071517571 0.589021036 -0.4282797999 -0.2127546917 
7 39 3.1463194257 2.6649580791 4.2939545425 2.9404133072 0.0380961849 0.0157214499 -0.5351594088 
8 36 3.1028898777 2.9186554089 3.1209120235 3.5883581605 0.6955883432 -0.5237187291 -0.8557647639 
9 33 3.0219303657 3.3396359318 3.3633006266 2.4291265768 -0.952573098 0.2274369051 0.0318883128 
10 31 2.9506846385 2.441394399 2.722862733 3.5422827039 0.3835134882 0.3463590825 -0.7541673139 
11 31 2.9017358741 3.135601398 2.9371973846 2.3472723003 -0.5859282987 0.2569546324 -0.1323723503 
12 28 2.8193323061 1.8955001338 2.4843013963 3.5688331219 0.1299180859 0.1447723609 0.1462311061 
13 27 2.8242058076 3.10506772 3.0814517898 1.789618934 0.898920454 -0.1458199299 -0.0054460474 
14 23 2.6141908349 2.1931559463 2.3293377838 2.3114999912 -0.4161421432 -0.0475835678 -0.0132868546 
15 23 2.673927712 2.985962732 2.3194087984 1.8445178785 0.1647318068 -0.4905110804 -0.5246945108 
16 22 2.6010260475 2.8087176947 1.9937533489 1.962865456 0.1592672188 -0.1777918105 0.1672764627 
17 21 2.5501897755 2.1405222356 2.3605819432 2.0023637123 0.6743738575 -0.1064632425 0.3061564667 
18 21 2.5773022269 2.4860923879 2.4596226747 1.6967717059 0.319162988 0.3376408949 -0.2402393345 
19 21 2.5713244295 1.6705383381 2.6264269094 2.3147440741 0.0225906889 0.1505330347 0.4480972583 
20 20 2.4897497185 2.3629391327 1.5090075366 2.3269069913 0.267346074 0.4535715973 0.1368497181 
21 18 2.395890278 1.9576963656 2.0564744822 1.7261193762 0.4288411485 0.1383529032 0.1684296616 
22 17 2.3944968311 1.5561107418 1.9980645445 2.179439788 0.1111960496 0.4579465013 -0.3771982887 
23 16 2.2703795534 1.9450730217 1.5462343648 1.6633159299 -0.0945533502 0.1125037125 -0.0540333225 
24 15 2.2502874537 2.2613755166 1.4091551573 1.3932629503 0.2750430074 0.1029391409 0.063264351 
25 15 2.2787857259 1.560735857 1.4158409102 2.2162876172 0.2238540625 -0.0157730735 0.0796709475 
26 15 2.2711472025 1.3277177434 1.8459884657 1.9844034063 0.0713465317 0.0636685069 -0.5415721975 
27 14 2.18082508 2.0467226405 1.3542885855 1.3549868034 0.0269244816 0.0124570332 0.0114360625 
28 14 2.1706012435 1.8275642552 1.4993242027 1.3846213002 -0.2573029586 0.2197461032 -0.0891755956 
29 14 2.1829044689 1.3324933923 1.7581364892 1.6744420388 -0.0614709584 -0.0896590034 0.3847230011 
30 13 2.0622502361 1.4583916645 1.39119903 1.4032853416 -0.0156591541 0.0330014629 0.0062615771 
31 13 2.0777442432 1.4283620802 1.4245160654 1.4641429945 -0.023348463 -0.0155649536 -0.0302217955 
32 13 2.0561738541 1.4044243904 1.3818700388 1.4415564889 0.0154752352 0.002740429 -0.0238649428 
33 12 2.0670232378 1.1000302194 1.584533342 1.5880215042 -0.0265166664 -0.1079954038 -0.002719553 
34 12 2.07086353 1.3756043607 1.3764176175 1.5364537818 0.2113593686 -0.0854321052 0.1178973994 
35 11 2.0339994729 1.0186940307 1.5740749986 1.5443848264 0.208696243 0.1395988951 0.1249729157 
36 11 2.1072271354 1.7432101682 1.6914568368 1.005739195 -0.3325903834 -0.3376632077 -0.0476630722 
37 10 1.9835571922 1.6073723219 0.814926192 1.5122006208 0.2671467169 -0.0154909636 0.1970944014 
38 10 1.9755685478 1.2226612361 1.6032136916 1.0769961595 -0.1383402431 -0.4400585614 -0.1687915541 
39 9 1.9175305795 0.7008352709 1.1730540082 1.8030342442 0.162524757 0.051540582 -0.06969178 
40 9 1.9090020606 1.0758637771 1.1981311774 1.3702939128 -0.2331336451 -0.0217672431 0.0530958775 
41 8 1.8175101498 1.0391515936 1.2336296618 1.030561889 0.2665419578 -0.1676481621 -0.3098880271 
42 7 1.7336021942 1.1889254014 1.1361648915 0.6802862748 -0.1590752077 -0.2071334851 -0.309505782 
43 7 1.7163043778 1.0276329362 1.0717517639 0.8463160171 0.1814731258 0.2955897223 -0.3185344763 
44 7 1.7324702561 0.6625302679 1.0561415779 1.2827813425 0.352297533 -0.2173205979 0.1319691715 
45 7 1.7134430789 1.0629933505 1.206841641 0.666052193 0.1651597213 -0.3488095339 0.1734796384 
46 6 1.5911089859 0.8278621447 0.808024195 0.8957414653 0.0174374554 -0.0064266355 0.0210582572 
47 5 1.5609371473 0.6207365988 1.0957185669 0.7200696122 0.2472552794 0.2039353919 0.3108791814 
48 4 1.4406765824 0.6721910343 0.7129979995 0.6903599814 0.0132306921 -0.0366553102 -0.052205837 
49 3 1.2906785193 0.3902185064 0.5108691891 0.7647633445 0.3852312418 -0.0995011662 0.2124730693 
