# Cluster list (37 data points):
# "Cluster Identifier" "Cluster Size" "Radius of Gyration" "Gyration Tensor.XX" "Gyration Tensor.YY" "Gyration Tensor.ZZ" "Gyration Tensor.XY" "Gyration Tensor.XZ" "Gyration Tensor.YZ"
1 76 4.1034811396 6.6335531356 4.9661554309 5.2388488967 2.087696528 -1.9767113114 -1.14842082 
2 74 3.9329996824 6.2711501354 4.6338448257 4.563491541 0.396589963 0.8099558762 1.0248386701 
3 70 3.9305737025 4.0577673758 6.6782454624 4.7133967924 0.1046092796 -0.3808282917 2.1079953147 
4 58 3.550567242 4.9188982543 3.7561028721 3.9315266138 0.3811239165 -0.3068483427 -0.0773745998 
5 53 3.4618052536 4.1557560217 3.8227288797 4.0056107127 0.0754884572 0.1923430755 0.4251307561 
6 47 3.3409273729 3.6681831929 4.3417411548 3.1518713632 0.6333629685 0.2363113938 -0.3201812884 
7 43 3.3077557515 5.0636459067 3.1229029007 2.754699304 0.6248033122 0.2798466231 0.426821272 
8 43 3.3587054529 3.9992942797 4.7195927076 2.5620153321 -1.6544937521 0.0991606181 0.1319547002 
9 39 3.1354418677 2.9671156642 3.8502362717 3.0136437698 0.6068034331 -0.3451602227 -0.5816303868 
10 36 3.1009331118 3.0282961229 3.9961363615 2.5913536793 -0.5877155191 0.2584486555 -0.7492462013 
11 31 2.9287177516 2.2703171635 2.8705559108 3.4365145945 -0.5190259347 -0.3177892306 -0.2374703267 
12 31 2.9883365679 4.1661064991 2.1388751146 2.6251738296 0.4847793024 -0.8097373027 -0.2011769218 
13 31 2.9406446589 3.7165507527 2.0380107549 2.8928295023 0.2147969621 -0.0665152642 0.1277593321 
14 28 2.8150580896 2.3392677088 2.3257176117 3.2595667273 0.360936539 0.5283853725 -0.0053678537 
15 27 2.8244599485 1.9250324146 2.3920601127 3.6604814736 -0.0528836508 -0.3990394567 -0.6857481602 
16 23 2.6218534619 2.0944183533 2.7142475727 2.0654496497 -0.1042066211 0.1790192269 0.0846769778 
17 21 2.5752208903 2.6932460639 1.6105591936 2.3279573764 0.2749330086 0.0784711349 0.3054972287 
18 20 2.502138852 2.2276172052 2.4432900879 1.5897915417 -0.1968919754 -0.1884512299 -0.00587562 
19 20 2.5437688034 1.5136746679 2.3698502816 2.5872347755 0.0020454948 0.4527143119 0.3887897687 
20 20 2.4957829634 2.3909543233 2.3726390241 1.465339253 -0.5041817663 0.0233220539 -0.0372377425 
21 18 2.467552482 1.7056695718 2.0215577569 2.3615879226 0.656130771 0.302485952 0.2979598872 
22 17 2.3850924255 2.0888182416 1.9117554291 1.6880922074 0.3094388336 0.0432829997 0.6116792074 
23 16 2.3130740358 2.0268576583 1.6400560752 1.6833977615 -0.583287458 0.2609268982 -0.1108846736 
24 15 2.2663065371 1.6457838882 1.5907025587 1.8996588735 -0.3530699553 -0.388512653 0.3732651937 
25 15 2.261139125 2.133978178 1.2867674833 1.6920044813 0.1273621256 0.4761615102 0.0248959332 
26 14 2.1778252424 1.4052416401 1.3799841656 1.9576969809 -0.0767417149 0.076681482 -0.1919047728 
27 14 2.1832912097 1.5074311245 1.4959773971 1.7633519849 -0.155132867 -0.2160029062 0.231353058 
28 14 2.1885529385 1.5161843582 1.92098334 1.3525962663 -0.3325248365 0.0021718913 -0.0589933365 
29 13 2.0676375485 1.4092613546 1.4365137567 1.4293499206 -0.0023217989 0.0421506118 -0.0223452804 
30 13 2.0671559334 1.4018921745 1.4530138936 1.418227585 -0.0037641652 -0.0076543843 0.0593634546 
31 12 2.0670944313 1.4272896975 1.2858446938 1.5597449964 -0.1541652869 0.0686839692 0.1067762137 
32 12 2.080017252 1.5069477085 1.3535559263 1.4659681339 0.0949093146 -0.1108214956 0.2210176964 
33 11 2.033944446 1.3421773142 1.683908216 1.1108444791 -0.1992971854 -0.1795741047 -0.0767382462 
34 7 1.7227679484 1.1864936663 1.2422711775 0.5391645601 -0.0016925988 -0.2859236076 0.0311705735 
35 7 1.7225519931 0.4298226175 1.2784549657 1.2589077859 0.0187781218 0.0195872749 0.0520554005 
36 6 1.637467665 0.8795528271 0.9065771513 0.8951703754 -0.0627357232 -0.0498790481 -0.0192010011 
37 5 1.5751099517 1.0458527804 0.8554261996 0.57969238 0.4440372776 -0.2054600976 -0.1003201338 
