# Cluster list (50 data points):
# "Cluster Identifier" "Cluster Size" "Radius of Gyration" "Gyration Tensor.XX" "Gyration Tensor.YY" "Gyration Tensor.ZZ" "Gyration Tensor.XY" "Gyration Tensor.XZ" "Gyration Tensor.YZ"
1 76 4.1745375584 9.2233382673 3.3989767953 4.8044487637 0.8733338031 -2.0358189162 -0.4835230607 
2 53 3.5359633526 4.6520518468 3.640380953 4.2106040307 0.3483029187 0.2684257072 0.638990584 
3 53 3.4831975185 4.5431262135 3.4538942933 4.1356444462 -0.590942408 -0.6390912215 0.5004515386 
4 47 3.6871333336 3.2492072336 6.9488372866 3.3969076995 1.60049411 0.7464677099 1.708128472 
5 40 3.1707499361 4.1864646258 2.8699097288 2.9972808025 0.338177521 0.1353471319 0.0323355058 
6 40 3.1752546749 3.1594164956 3.3307250504 3.5921007043 0.6597209755 -0.5509453523 -0.0924116249 
7 39 3.199171663 2.5899460357 4.2924283565 3.3523249374 -0.0147913302 -0.2730608767 -0.9638316457 
8 36 3.1014025044 2.8048323806 2.5189531696 4.294911944 0.2874993859 -0.5322757406 -0.5946747273 
9 33 3.0160753809 3.5236337776 3.1870522005 2.3860247251 -0.814706038 0.0960414973 0.0805434602 
10 31 2.9038807252 3.404871094 2.7129010849 2.3147510872 -0.4953798597 0.2807784589 -0.2502512073 
11 30 2.9035567826 2.9194516604 3.5415979203 1.9695924092 0.0518096685 0.1560356619 -0.5328415335 
12 28 2.8096963806 2.096182825 2.569307163 3.2289037634 -0.0119883076 0.5573589639 -0.032282695 
13 27 2.8246205043 3.1988930461 2.7009127134 2.0786752336 0.9207190375 0.0354902778 0.374863215 
14 23 2.6573868256 3.0577436438 2.3390926622 1.664868435 0.1807116893 -0.3817619242 -0.3262489398 
15 23 2.6036871955 2.6135988651 1.9656662043 2.1999219429 -0.2135233467 -0.0486433494 0.072204838 
16 22 2.6057452325 2.5290792884 2.0893724562 2.1714564721 0.3498704219 -0.247877672 0.0633948712 
17 21 2.553797137 2.2199268917 2.7591049073 1.5428480178 0.2908524624 -0.2795396837 0.003811097 
18 21 2.5604034739 2.0963496648 2.6853498916 1.7739663925 0.4119954252 0.2549297551 0.2090282405 
19 21 2.5636432845 1.9211248294 2.4991827317 2.151959329 -0.0777377354 0.4682460933 0.3619928454 
20 20 2.4859044279 2.1365283436 1.5901926357 2.4529998451 -0.2807448044 0.3235635127 -0.3919228814 
21 18 2.3969520796 1.5668618191 2.5914511531 1.5870662998 0.0885971488 8.9153026992e-04 -0.1765519713 
22 17 2.380856817 1.9699110957 2.008154638 1.6904134494 -0.0648061631 0.4626833884 -0.4985113905 
23 16 2.285808699 1.6988132789 1.7982533909 1.7278547386 0.0020997356 -0.1380510585 -0.1388387535 
24 15 2.2944845784 2.0525394402 1.2955064769 1.9166135635 -0.0110735468 0.14484331 -0.1497027112 
25 15 2.2434517813 1.3846685613 2.1986842908 1.4497230429 -0.1656512025 0.0508804011 -0.4052556457 
26 15 2.2641619404 1.3855183299 1.3676720238 2.3732389388 0.1404493026 -0.2814203091 -0.0168719859 
27 14 2.1829619043 1.4867352943 1.6917210249 1.5868663567 -0.1549348484 -0.2276279993 0.2906439119 
28 14 2.1749304628 1.8041125773 1.4001561573 1.5260537835 -0.1952366778 0.2992255657 -0.1191518801 
29 14 2.1614380388 1.8896498752 1.4878149719 1.2943495485 -0.3100011972 -0.0968161281 0.0528514943 
30 13 2.0702501791 1.4315921795 1.4606941925 1.3936494321 -0.0188112278 0.0139461338 -0.0134480403 
31 13 2.073685127 1.452155548 1.3903793399 1.457635118 0.0253337676 0.0215909846 0.047042135 
32 13 2.0650904101 1.4909302504 1.3936964418 1.3799717095 -0.0238745044 0.0328052629 -1.9097251153e-04 
33 12 2.0502272344 1.3597320181 1.4113773737 1.4323223211 -0.1173759262 -0.1999172856 -0.1167729081 
34 12 2.064861792 1.505100133 1.4849170811 1.2736370061 0.0697671311 -0.1060526678 0.1122371389 
35 11 2.033970044 1.1445565471 1.5780235999 1.4144539931 0.356217052 -0.1552379403 -0.0283749706 
36 11 2.0959714755 1.7537820675 1.5885741547 1.0507402039 -0.2960968278 -0.3814024864 0.089984897 
37 10 1.9944860997 1.1765492487 1.5147369425 1.2866886107 0.1235128421 -0.462219187 0.1005531188 
38 10 1.9762681108 0.9680729221 1.379541086 1.5580216377 -0.3042936071 -0.3291573153 -0.181644728 
39 9 1.9646278587 1.456889642 0.702286121 1.7005868603 0.0048202994 -0.2764880988 -0.3248822019 
40 9 1.8784297661 0.9121988646 1.3421440808 1.2741554407 0.0116985874 -0.2319251716 0.0440553856 
41 8 1.8080733192 0.9947610818 1.4087863619 0.8655816841 0.2948362337 0.0595469464 0.1674967947 
42 7 1.7196811788 0.7917446515 1.1583808696 1.0071778355 0.2817588031 0.2990000595 -0.0753240705 
43 7 1.7427001747 1.2788431855 0.709589116 1.0485715972 -0.0333657217 0.0472119311 0.3911945202 
44 7 1.7670667481 1.207438486 0.902169617 1.0129167893 -0.2111099617 0.3199123432 0.3340825392 
45 7 1.759706475 1.2717725424 0.4694229653 1.3553713703 0.1958211153 0.13349905 -0.1589145365 
46 6 1.5946740788 0.8937173166 0.7864673562 0.8628007448 -0.0217910069 0.0500027121 -0.0647856468 
47 5 1.5190019153 0.7570511887 0.7977334092 0.7525822207 0.112092741 0.3550576778 0.1694554028 
48 4 1.450448281 0.5484909265 0.8450981958 0.7102110936 0.0515735629 -0.0328267868 -0.106338031 
49 3 1.3028252269 0.513092981 0.5088733922 0.6753871986 -0.3397981414 0.2760094413 0.2039403371 
50 1 0.0 0.0 0.0 0.0 0.0 0.0 0.0 
