# Cluster list (44 data points):
# "Cluster Identifier" "Cluster Size" "Radius of Gyration" "Gyration Tensor.XX" "Gyration Tensor.YY" "Gyration Tensor.ZZ" "Gyration Tensor.XY" "Gyration Tensor.XZ" "Gyration Tensor.YZ"
1 76 4.1110157075 7.4964464794 4.4149065964 4.9890970719 1.8368718745 -1.9444179423 -0.8630474655 
2 74 3.932043193 5.9807250908 5.6730461144 3.8071924666 1.042707145 0.117560294 0.7277238165 
3 58 3.5662911142 5.1613829477 3.7879324179 3.7691169457 0.2848584785 -0.0496059692 0.0631286322 
4 53 3.4587032946 4.0275642615 4.0986052489 3.8364589697 0.3642132989 -0.1733472024 0.2445194661 
5 47 3.4002462917 2.7547205051 4.3896371367 4.4173172025 0.4898876543 -0.5015234137 0.5066638522 
6 47 3.3503657571 3.9773141076 3.9012279878 3.3464086111 0.3138467365 0.7802215323 0.356651011 
7 39 3.1442405056 2.7818646527 4.3386694564 2.7657142478 -0.2276517987 0.0371905729 -0.2155338024 
8 36 3.1015910549 3.2458146088 3.4441728301 2.9298796327 0.9550091115 -0.3050819549 -0.6626678252 
9 33 3.034003283 2.7699306958 4.0271710859 2.4080741395 -0.6239563884 0.2365330927 -0.1095750652 
10 31 2.9234991164 2.07216774 3.0474637622 3.4272155816 0.4494066343 -0.0363214387 -0.1494188726 
11 31 2.9064808885 2.9547716947 2.6362011725 2.8566582879 -0.3055021434 0.5497656948 -0.4278439937 
12 31 2.9401591343 3.6028994871 2.5218609502 2.5197752978 -0.2165447005 0.1486147822 0.4063011358 
13 28 2.8021007439 1.9671442046 2.5869650802 3.2976592942 -0.1132225989 -0.3490228726 0.1437748146 
14 27 2.8135612204 2.4300233293 2.5752263871 2.9108770244 0.2384467605 0.6508804852 0.8589652857 
15 23 2.6776609295 3.1638143814 2.4316741113 1.5743795606 -0.3150012173 0.0289658923 -0.319421111 
16 23 2.6098277058 1.9704655673 2.7373630194 2.1033720672 -0.0511586792 0.1834651132 -0.0278039816 
17 21 2.5596726727 2.1067921257 2.5275824358 1.91754963 0.5090076614 -0.0593020778 -0.2441466494 
18 21 2.5756491739 2.5850046253 2.079540471 1.9694235705 0.380565381 0.3405174503 -0.2582673923 
19 20 2.5025359147 2.0566647035 2.317929109 1.8880921916 -0.1941210098 0.4331583288 -0.0783978832 
20 20 2.4813887646 2.4711453214 2.2165487227 1.4695961572 -0.3910392675 -0.2596178515 0.2214171149 
21 17 2.4002270862 1.9154912881 2.5270735877 1.3185251893 0.0221141708 0.275177518 -0.2623396585 
22 16 2.3189420108 1.746386543 2.3201828718 1.3109226346 0.2384669642 -0.2024355941 -0.2154928832 
23 15 2.2387662033 1.7057840705 1.8764987037 1.429791339 -0.374657825 0.216717198 -0.2200166901 
24 15 2.2500264119 1.4932362601 1.6924938737 1.8768887207 -0.1025298384 0.150042074 -0.5301287543 
25 15 2.256831222 1.4085899204 2.2463801008 1.4383171435 0.257184409 -0.0544968988 -0.3885098758 
26 14 2.1646082392 1.3066843215 1.5621049158 1.8167395919 -0.0338198277 0.0323468109 -0.3202391967 
27 14 2.1884880383 1.7812288963 1.5296080672 1.4786429302 -0.2434419486 0.3047643369 -0.1728847918 
28 14 2.1922082185 1.6517178333 1.6903716625 1.4636873776 -0.3182834454 -0.1908170019 0.1627847662 
29 13 2.0601044378 1.3709860627 1.4058897263 1.4671545057 0.0174873865 0.0054985145 -0.0137261442 
30 13 2.0714269585 1.3794625032 1.4575249983 1.4538221429 -0.0323383118 -0.0159824394 -9.3477271814e-04 
31 12 2.0569964003 1.4596305229 1.1609219311 1.6106817367 -0.1189397911 0.0123061638 0.0155564096 
32 12 2.0468035767 1.5481928723 1.4686200016 1.1725920076 -0.0262221998 -0.0689079719 -0.187814002 
33 11 2.095223163 1.4969078017 2.0397538485 0.8532984526 -0.1082499451 0.1768536289 -0.1051631408 
34 11 2.0244378432 1.39290081 1.7485607616 0.9568870093 0.0080340095 0.0964867341 -0.1706869046 
35 10 1.992366553 1.6239748818 0.7401888901 1.6053607095 -0.2390533936 -0.0097614235 0.1257198003 
36 10 1.9774809247 1.4327939959 0.9368709632 1.5407658482 -0.3587335037 -0.1480487515 -0.1823494051 
37 9 1.9022136317 0.8986201452 1.342086001 1.3777105546 0.1752058093 -0.1509260099 0.0310683723 
38 8 1.8265502344 0.9078564259 1.2217073787 1.2067219541 0.0795402362 0.1766202536 0.2990252599 
39 7 1.7429127683 1.1982732515 0.5882271879 1.2512444786 -0.2878624463 -0.1119800181 -0.2788587543 
40 7 1.7542492303 1.273934063 0.9072786947 0.8961776042 -0.0295259996 -0.1490409379 -0.5101443133 
41 6 1.587113058 0.8559162642 0.8025453246 0.8604662701 0.0118815944 -0.0315949749 -0.0213994213 
42 5 1.5213104355 0.8694681862 0.6156220767 0.8292951782 0.1205355585 0.3431588359 0.0710338225 
43 4 1.458898179 0.7359057311 0.5677166754 0.8247614901 -0.0267172532 -0.0205504831 -0.1706180976 
44 3 1.3296753861 0.8255823373 0.7719483665 0.1705059285 -0.1128208183 -0.1843958581 -0.2875871401 
