# Cluster list (43 data points):
# "Cluster Identifier" "Cluster Size" "Radius of Gyration" "Gyration Tensor.XX" "Gyration Tensor.YY" "Gyration Tensor.ZZ" "Gyration Tensor.XY" "Gyration Tensor.XZ" "Gyration Tensor.YZ"
1 76 4.1003430774 7.8573149925 4.2244535428 4.7310448175 1.6417824193 -1.8139335199 -0.5361749288 
2 74 3.9242123193 6.0582446174 5.5093870529 3.8318106567 0.9114321956 0.2393310672 0.7843917531 
3 58 3.5718268274 5.184314038 3.7049311097 3.8687017371 0.0686722116 -0.3059497836 0.0251230241 
4 53 3.4538910615 4.1217585106 3.9624127005 3.8451922533 0.3480402507 -0.0404738851 0.3308343118 
5 47 3.3928284759 2.8692738895 4.0219467542 4.620064423 0.6588615303 -0.3667996362 0.5321132477 
6 47 3.3413569991 3.9657900906 3.6858702735 3.5130062311 0.1837366384 0.8955186543 0.2923770732 
7 39 3.143627383 2.7181772376 4.3915328948 2.7726829906 -0.0377900618 -0.0084067116 -0.27251318 
8 36 3.0936174338 2.8631510746 4.0906753314 2.616642421 0.7175345992 -0.0090540153 -0.6002498219 
9 33 3.0204344181 2.6541801441 4.0329362217 2.4359077085 -0.4099685084 0.2648917964 -0.280175118 
10 31 2.9254345857 2.3199187149 3.1478492222 3.0903995781 0.1526924116 -0.6890971739 0.044573692 
11 31 2.9383572972 3.6392574787 2.4046578071 2.5900283202 -0.015346626 -0.1412218083 0.3995456617 
12 31 2.9063783826 2.9702870223 2.4803474377 2.9964008431 -0.2111573148 0.6466858075 -0.3784316025 
13 28 2.8156495415 1.9174937341 2.7216038912 3.2887847151 -0.2349131324 -0.1659579861 0.3457704209 
14 27 2.839666307 2.0429426073 2.8312093361 3.189552792 0.0984860894 0.4894495754 0.9850680061 
15 23 2.6714893248 2.7643402949 2.7302803418 1.642234576 -0.3771890806 -0.4928677698 0.2184925384 
16 23 2.62316525 1.9553531545 2.6075114843 2.3181312901 -0.1469317349 0.1753504408 -0.0378757519 
17 21 2.5470219926 2.5258930802 1.9921052557 1.969322695 0.4924280865 -0.1145428052 -0.2012342599 
18 21 2.5807390993 2.6040894404 2.0512440148 2.0048808432 0.3054602505 0.3858735461 -0.316815226 
19 20 2.5007323152 1.8314417774 2.3196289644 2.1025913706 -0.2136303018 0.4347882392 -0.132794622 
20 20 2.4833265793 2.48309264 2.2368308409 1.4469874186 -0.4744394513 -0.1114021123 0.1974283941 
21 18 2.5306065346 2.2488187657 1.9941111321 2.1610395351 -0.2328253708 0.0867695759 -0.6317625294 
22 17 2.3908151634 1.9678437571 2.5652615697 1.1828918187 0.1999591547 0.0134162837 0.1093990275 
23 16 2.3171019632 1.7533288216 2.3172645786 1.2983681079 0.3817270005 0.048658326 0.2420839888 
24 15 2.2536876792 1.2749459962 2.183405849 1.6207563104 -0.0655798084 0.1228659746 -0.464613061 
25 15 2.2542339906 1.4928296135 2.2852428837 1.303498387 0.2581831473 0.1135581319 0.1470654678 
26 14 2.1751965752 1.9751279053 1.3531362925 1.4032159428 -0.1365954712 -0.2025729326 0.0223095073 
27 14 2.1706813708 1.6139570036 1.3692946491 1.728605961 -0.1047414251 0.3933074663 -0.1658180134 
28 14 2.1635318013 1.3390376108 1.533597286 1.8082349584 0.0016172157 -0.0073439681 -0.3032658691 
29 13 2.0743551655 1.3842859829 1.47764008 1.4410232897 0.0248287515 -0.0055606729 -0.0078022655 
30 13 2.0534710151 1.3806654357 1.433191895 1.4028858794 0.0462831727 0.0138095064 0.0024944892 
31 12 2.0569815064 1.5462783056 1.2542700406 1.4306245713 0.0094962984 -0.0066539613 -0.2496608743 
32 12 2.0659203555 1.5278422398 1.5429225113 1.1972621641 -0.0531074534 -0.0928370028 -0.0156524803 
33 11 2.0398805179 1.2700516265 1.7404808159 1.1505800851 -0.0358802566 -0.2217642659 0.1758816636 
34 11 2.076825448 1.50491883 1.9195065999 0.8887785117 -0.1810850452 0.0522546503 -0.0888700385 
35 10 1.9928483631 1.3317545247 1.062441619 1.5772484548 0.4707400117 0.0828317707 -0.0145532005 
36 10 1.9740068491 1.6378326083 0.6607276399 1.598142792 0.0694706037 -0.0409442881 0.0054103248 
37 9 1.8929080756 1.1711060789 1.2328378303 1.1791570734 0.3128127523 0.1399321928 -0.1275902705 
38 8 1.8103758835 1.1072123105 0.9557200788 1.2145284502 -0.1843598738 0.2243145969 -0.1561782267 
39 7 1.737894537 0.5701559451 1.2978953669 1.1522261097 -0.2069490432 -0.2625920126 -0.0329694818 
40 7 1.7305551133 1.1860471362 1.141325798 0.6674480659 -0.017854399 -0.2136004201 -0.2639196857 
41 6 1.5991950901 0.8486379512 0.8666644852 0.8421224998 0.0570949584 0.0057306786 0.0417039536 
42 5 1.5592228959 0.7545920258 1.0206956352 0.6558883779 0.3692486764 -0.15929062 -0.1394205128 
43 4 1.3608032326 0.6175244575 0.5691519764 0.665109004 0.0165243932 0.0259864243 0.0311649262 
