# Cluster list (103 data points):
# "Cluster Identifier" "Cluster Size" "Radius of Gyration" "Gyration Tensor.XX" "Gyration Tensor.YY" "Gyration Tensor.ZZ" "Gyration Tensor.XY" "Gyration Tensor.XZ" "Gyration Tensor.YZ"
1 53 3.6536781608 4.6352668408 3.5133437212 5.2007535403 -0.550637491 -1.2636566253 0.370928138 
2 40 3.2148011331 4.2384809443 2.9278872998 3.1685780814 -0.1768849571 0.308707681 0.0582180175 
3 38 3.456574281 2.4616573308 4.138146394 5.3481020353 -1.0964045055 -0.7737142819 1.5113549993 
4 37 3.1341452642 3.7923588107 3.2263292977 2.8041784284 0.5104645044 -0.528302184 -0.2209923099 
5 35 3.226360233 2.6655571727 2.4544315972 5.2894115833 0.4750142053 -0.5957228163 -0.1795901764 
6 31 3.0402605234 3.3129092859 4.1811287015 1.7491460627 -0.5609939106 0.1128298996 -0.0915840985 
7 27 3.1554418849 2.2620149922 4.8489979806 2.8458005161 0.5098243407 0.4252528754 2.064245281 
8 24 2.7443961572 2.5469299433 2.6807116607 2.3040686639 -0.1833193621 -0.0866735686 -0.1907598333 
9 23 2.6461766731 2.6632942825 2.3153993669 2.023557336 0.2388535823 -0.1112995311 -0.0715544946 
10 23 2.668265274 2.1726979568 2.8543901109 2.092551505 -0.2580599086 -0.1582798233 -0.0574958859 
11 21 2.6260767005 2.4451532473 2.1582484119 2.2928771779 -0.2042580457 -0.205620149 -0.432231361 
12 21 2.5775964727 2.3607359236 2.1187040372 2.1645636153 0.4403204187 0.2700980154 0.2295500543 
13 20 2.6078946711 2.069398782 2.7413937625 1.9903220709 -0.4206170233 -0.6745830737 0.5706330285 
14 20 2.8221820292 4.326944529 2.2244958422 1.4132710349 -1.3789760631 0.3512474885 0.0197734441 
15 20 2.5945623507 2.3013268976 1.6296553487 2.8007715456 0.1267138279 0.6547903447 0.0328521917 
16 20 2.5165684503 1.8197815342 1.8602225069 2.6531127239 -0.2802406948 -0.0747278012 -0.071086581 
17 20 2.6060770731 3.0179743124 2.0310584169 1.7426049815 0.1275238739 -0.1883399166 0.0899926457 
18 20 2.5569034224 2.1203819127 2.5941166398 1.8232565588 -0.241410199 0.155093711 0.5513862668 
19 20 2.5329290691 2.6684148027 1.9284141367 1.8189007296 -0.1116039869 -0.577060761 -0.207066258 
20 19 2.5229070996 1.8232788028 2.1871679527 2.3546134776 -0.0446454296 0.0465196776 -0.2701492559 
21 19 2.4888466561 1.8656431087 1.9099713399 2.4187432291 0.1404370295 0.3761009436 0.1833157262 
22 17 2.5274885745 2.092262822 1.9430253356 2.3529103365 0.0216222475 0.3898178528 -0.5030488037 
23 17 2.3790671271 1.5445818946 2.376477952 1.7389005485 -0.1847082604 -0.1329796359 -0.211214786 
24 16 2.6492297832 1.0658797643 1.8598974879 4.0926411921 -0.1965459409 -0.7330727107 -0.3184104091 
25 14 2.1685011546 1.4872338576 1.5809143532 1.6342490465 -0.0562485314 0.0425584219 -0.2866658412 
26 14 2.4607625135 2.6640358457 1.5394077197 1.8519085827 -0.6030578479 -0.0036097622 -0.4606423674 
27 14 2.1961756162 1.6742132259 1.5467840813 1.6021900298 -0.181364756 0.2505358504 -0.2260014471 
28 14 2.2121997881 1.9560491906 1.6320734745 1.3057052376 -0.0014392905 -0.0604378308 0.0713272158 
29 14 2.3133860624 1.2048611418 1.5355863178 2.611307614 -0.1839908341 0.2410984564 0.1691702514 
30 13 2.1000750316 1.5629723535 1.3841594964 1.4631832882 0.0684614433 0.0220237281 0.0094056048 
31 13 2.2167716725 1.3868033601 1.6520436518 1.8752296362 0.0738392495 -0.0041731951 -0.0432367604 
32 13 2.1502047748 1.3529608821 1.6582719116 1.6121477797 0.0135243918 0.0170964144 -0.0073242759 
33 12 2.074340391 1.4008901331 1.3163920703 1.5856058542 -0.1853675698 0.0536539128 0.0319184814 
34 12 2.076285396 1.4148873655 1.3358180047 1.5602556755 0.1419826744 -0.0943478989 0.1737430107 
35 11 2.053536231 1.3419969164 1.2825620027 1.592452133 0.244889235 -0.0877007395 0.249615628 
36 11 2.0725125039 1.4595036457 1.4719986752 1.3638057578 0.1162340588 0.0841820224 -0.0587724366 
37 10 2.0636395217 1.6105004917 1.4214555006 1.2266520832 0.2368713581 -0.0115133911 0.1045503966 
38 10 2.0341557442 1.7590845477 0.7744063409 1.604298703 0.0349377866 -0.0581984863 0.1799915914 
39 10 2.0428431446 1.4349774955 1.2850237023 1.4532069156 0.0106294798 -0.0141883699 -0.0370849495 
40 9 2.1032226601 1.5023617383 1.4355594841 1.4856243356 0.4014779801 -0.2148971309 -0.6329810236 
41 9 1.9170918515 1.351866434 1.1398940661 1.183480667 -0.2251736779 0.2080633761 0.236043471 
42 9 1.917763154 1.0408365205 1.1701252118 1.4668537824 -0.2214379915 0.2245848475 0.0201000139 
43 8 1.8732542451 1.5411088492 0.8303819733 1.1375906442 0.10710092 -0.5144800057 0.0365376179 
44 8 1.8467521925 0.8763269017 1.1612472925 1.3729194663 0.0051552055 -0.0506394437 -0.4167494891 
45 8 1.9126961191 1.2637017005 1.2998994948 1.0948052487 -0.4120776977 -0.1730715916 0.3883653729 
46 8 1.8390967946 0.8611622463 1.0247462651 1.4963685086 0.0304635995 -0.2917811396 0.0364741408 
47 7 1.7807538484 1.3470208961 0.5888872153 1.2351761574 0.098850616 0.0077915252 0.3131686733 
48 7 1.7450971405 0.7032923226 1.2793533773 1.06271833 0.0702733892 0.4022858221 0.0638748411 
49 7 1.773707483 0.917122554 1.2978281658 0.9310875154 -0.0129909497 0.0530545773 0.3597456214 
50 7 1.8624027155 1.3865428453 0.8824563942 1.199544635 -0.3408973489 -0.5366225854 0.3607064366 
51 7 1.7805769853 1.3494970995 0.7622751067 1.0586821945 -0.026889768 -0.0472826132 0.4527856294 
52 7 1.8694981681 0.8355907961 0.8476267028 1.8118059018 0.0027890372 -0.0251236042 -0.0606776109 
53 7 1.7177991528 0.5646352054 1.2038057235 1.1823930005 -0.1956077599 0.1074166691 -0.0626581293 
54 7 1.760132207 1.2785067933 0.5433754362 1.2761831567 -0.3100120994 0.0722479087 0.1758396131 
55 7 1.837071521 0.6536844489 1.64726777 1.0738795543 -0.0173161122 -0.0700982949 0.4687570943 
56 6 1.7615585466 0.8679516966 0.7917743784 1.4433624382 0.3458600388 0.1641517216 0.1348796038 
57 6 1.6242757164 0.7983958281 0.8390542971 1.0008214776 0.00814979 0.174810024 0.0400118499 
58 5 1.6182807263 0.605915862 0.8573227367 1.1555939105 -0.0241318782 -0.2040196423 0.3851680615 
59 4 1.347348642 0.6464626129 0.5734814498 0.5954043004 -0.0161694258 -0.013705082 -0.0181969587 
60 4 1.3914799977 0.579456116 0.5437459977 0.8130144703 0.0646559587 -0.1714576536 0.0598118479 
61 4 1.3431422908 0.6254101527 0.6062205479 0.5724005126 -0.0442256733 -0.0740302131 -0.0334119416 
62 4 1.4419073591 0.6124409153 0.7459893154 0.7206666016 0.0707312822 0.0637781267 -0.0539055867 
63 3 1.3645526657 0.8548464387 0.2446373087 0.76252023 0.1527647106 -0.3601458313 0.2999862469 
64 3 1.3412634781 0.7821535669 0.5892542769 0.4275798738 0.2223626071 0.2892373675 -0.328451963 
65 3 1.3355315126 0.5683846438 0.7485365244 0.4667232529 0.0059182221 0.5113303991 0.0762449673 
66 3 1.4136176293 0.5009633653 1.01896447 0.4783869665 -0.2382084198 -0.267288284 -0.4243666274 
67 3 1.3147413575 0.2459959129 0.7707553909 0.7117935335 -0.0867711294 -0.4107420545 0.0062323862 
68 2 1.1940478249 1.1230793282 0.033413245 0.2692576348 -0.193715577 -0.5499069772 0.0948513117 
69 2 1.1213642918 0.6223126432 0.4106735296 0.224471702 0.505536675 -0.3737533654 -0.3036191465 
70 2 1.1496086064 0.2547617453 0.0267621412 1.0400760613 -0.0825709986 -0.5147539147 0.1668372333 
71 2 1.210861507 0.9657243405 0.2179661035 0.2824951453 -0.4587975278 -0.5223145009 0.2481418265 
72 2 1.1039454793 0.0387409361 1.0062678015 0.1736868835 -0.1974430465 -0.0820292171 0.4180616204 
73 2 1.1195078529 0.0587594603 0.885063726 0.3094746464 0.2280479487 0.1348501509 0.5233591345 
74 2 1.0987061418 0.307418014 0.3438331219 0.5559040501 0.3251161262 -0.4133943868 -0.4371935785 
75 2 1.189729926 0.407828068 0.7168043204 0.2908249084 0.5406782048 -0.3443930321 -0.4565791836 
76 1 0.0 0.0 0.0 0.0 0.0 0.0 0.0 
77 1 0.0 0.0 0.0 0.0 0.0 0.0 0.0 
78 1 0.0 0.0 0.0 0.0 0.0 0.0 0.0 
79 1 0.0 0.0 0.0 0.0 0.0 0.0 0.0 
80 1 0.0 0.0 0.0 0.0 0.0 0.0 0.0 
81 1 0.0 0.0 0.0 0.0 0.0 0.0 0.0 
82 1 0.0 0.0 0.0 0.0 0.0 0.0 0.0 
83 1 0.0 0.0 0.0 0.0 0.0 0.0 0.0 
84 1 0.0 0.0 0.0 0.0 0.0 0.0 0.0 
85 1 0.0 0.0 0.0 0.0 0.0 0.0 0.0 
86 1 0.0 0.0 0.0 0.0 0.0 0.0 0.0 
87 1 0.0 0.0 0.0 0.0 0.0 0.0 0.0 
88 1 0.0 0.0 0.0 0.0 0.0 0.0 0.0 
89 1 0.0 0.0 0.0 0.0 0.0 0.0 0.0 
90 1 0.0 0.0 0.0 0.0 0.0 0.0 0.0 
91 1 0.0 0.0 0.0 0.0 0.0 0.0 0.0 
92 1 0.0 0.0 0.0 0.0 0.0 0.0 0.0 
93 1 0.0 0.0 0.0 0.0 0.0 0.0 0.0 
94 1 0.0 0.0 0.0 0.0 0.0 0.0 0.0 
95 1 0.0 0.0 0.0 0.0 0.0 0.0 0.0 
96 1 0.0 0.0 0.0 0.0 0.0 0.0 0.0 
97 1 0.0 0.0 0.0 0.0 0.0 0.0 0.0 
98 1 0.0 0.0 0.0 0.0 0.0 0.0 0.0 
99 1 0.0 0.0 0.0 0.0 0.0 0.0 0.0 
100 1 0.0 0.0 0.0 0.0 0.0 0.0 0.0 
101 1 0.0 0.0 0.0 0.0 0.0 0.0 0.0 
102 1 0.0 0.0 0.0 0.0 0.0 0.0 0.0 
103 1 0.0 0.0 0.0 0.0 0.0 0.0 0.0 
