# Cluster list (38 data points):
# "Cluster Identifier" "Cluster Size" "Radius of Gyration" "Gyration Tensor.XX" "Gyration Tensor.YY" "Gyration Tensor.ZZ" "Gyration Tensor.XY" "Gyration Tensor.XZ" "Gyration Tensor.YZ"
1 76 4.106775096 5.8559670503 5.3647686449 5.6448659937 1.9596647107 -1.9680259246 -1.5767183651 
2 74 3.9236103498 6.397103975 4.2774398647 4.7201743375 0.4887598399 0.6405813614 0.9106993358 
3 70 3.9273597141 4.0436211536 6.7782770007 4.6022561699 -0.1147274946 -0.5247106908 2.047758732 
4 58 3.549399713 4.9960036194 3.7354261979 3.8668085053 0.2076700149 -0.1448537514 -0.0400146934 
5 53 3.4641844003 4.1213989202 3.9423774442 3.9367971951 0.2068792032 0.0883231655 0.4908428966 
6 47 3.3576754255 3.6466872873 4.487506044 3.139790932 0.6145878541 0.4568486384 0.0303697835 
7 43 3.3024928651 4.6563513708 3.5792971916 2.6708105616 0.9775962414 0.1627974927 0.3486570031 
8 43 3.3460454761 4.1559088085 4.3638964997 2.6762150201 -1.5555212223 -0.1205317523 0.4544421795 
9 39 3.1494835612 3.0033160913 3.8643015257 3.0516290854 0.6107729488 -0.2974020743 -0.5804869471 
10 36 3.0900145877 2.5885741558 3.5857847321 3.3738312644 -0.0387518805 0.3207586418 -0.9846359321 
11 31 2.9184425676 2.5569305648 2.6019670902 3.3584093652 -0.6394887897 -0.2181949998 -0.2012997028 
12 31 2.9826545424 3.9732810574 2.101627328 2.8213197342 0.0444142316 -1.0063086634 0.082888583 
13 31 2.9413809178 3.4909599364 2.2294164736 2.9313452938 0.4489104652 -0.3476470662 0.116728531 
14 28 2.8171185221 2.7344014497 2.1865389399 3.0152163778 0.5045615361 0.4811027963 0.2040768728 
15 27 2.8268485621 2.4041639194 2.0193493928 3.5675594807 -0.3194078837 -0.8441752633 0.0367057638 
16 23 2.6134287478 2.177710018 2.6812204259 1.9710793761 -0.0241697363 0.1476807903 0.0599082692 
17 21 2.570667057 2.3597376139 1.955697366 2.2928941382 0.5800635352 -0.0732671983 0.2359674031 
18 20 2.4909083072 1.7130967095 2.5541571471 1.9373703381 -0.0939595831 -0.2983943897 0.0529287996 
19 20 2.4946157593 2.7707065486 2.0234822307 1.4289190071 -0.3383833168 -0.0803828078 0.0538333582 
20 18 2.4703690805 1.4014328128 2.0407618492 2.6605287319 0.4247012375 0.2461486204 0.1677364508 
21 17 2.387077624 2.2245063027 1.85867564 1.6149576401 0.2930635958 -0.0255613744 0.5131165521 
22 16 2.3002294626 1.5872428936 1.9414889695 1.7623237174 -0.4657638484 0.2152985155 -0.2776902194 
23 15 2.2628161838 1.4644035966 2.1762892309 1.4796442544 -0.3122991435 -0.0611628881 0.3433551263 
24 15 2.2500066773 1.9388183291 1.7747122705 1.3489994481 0.5652119025 -0.0479882975 -0.1235385649 
25 14 2.189659775 1.3794462492 1.8866356737 1.5285280075 -0.1185805606 -0.0235007144 0.3257610982 
26 14 2.175051477 1.435857305 1.3340429002 1.9609487223 -0.0327628451 0.1590368367 -0.1363429919 
27 14 2.1691365092 1.6984405125 1.5617792033 1.4449334796 -0.281373958 0.2115357845 -0.1383913661 
28 13 2.082147731 1.4521207096 1.448218522 1.4349999421 -0.0405772707 -0.0328621988 0.006878919 
29 13 2.0730259454 1.405826605 1.4735259866 1.4180839787 -0.0165452547 0.0220537203 0.0075205131 
30 12 2.0636519865 1.4552427724 1.2150756631 1.5883410858 -0.1559845659 0.0139138558 0.0462247375 
31 12 2.0683539717 1.4048958617 1.3689382899 1.5042540008 0.1404400099 -0.1477889673 0.0940710615 
32 11 2.0479816032 1.3541082175 1.6967726983 1.1433477313 -0.2744151593 -0.1648467366 -0.1457621723 
33 11 2.0360622771 1.526810353 1.3461352536 1.2726039897 -0.2252871862 -0.1138894805 -0.1848061635 
34 9 1.8932105525 1.3575134441 1.2994504895 0.9272822623 -6.9039729196e-04 0.0214214026 0.1173612243 
35 7 1.7051007717 0.9907567834 0.618143856 1.2984680021 -0.3550878074 -0.106092713 -0.1647260672 
36 7 1.7427347404 1.2099284195 0.5710750254 1.2561209306 -0.2191342726 -0.070713007 -0.1440607914 
37 6 1.5868968416 0.8162532282 0.8588636905 0.8431246672 -0.0105524152 -0.0257197937 0.003838452 
38 5 1.5643623777 0.9700338963 0.8762480012 0.6009477514 0.4479715664 -0.1589116643 -0.1531931568 
