# Cluster list (48 data points):
# "Cluster Identifier" "Cluster Size" "Radius of Gyration" "Gyration Tensor.XX" "Gyration Tensor.YY" "Gyration Tensor.ZZ" "Gyration Tensor.XY" "Gyration Tensor.XZ" "Gyration Tensor.YZ"
1 76 4.1136007924 7.472682906 3.7682387733 5.6807898004 1.1330827718 -2.3025948449 -0.7695049305 
2 53 3.4806242388 3.8349036443 4.142434305 4.1374071422 0.0832741804 -0.1195329664 0.6296263068 
3 53 3.4834265805 4.5679808922 3.4702705656 4.0960092841 -0.5761550464 -0.6686945479 0.4850520231 
4 47 3.3954632047 4.4675383535 3.8052350793 3.2563969416 0.7833498584 0.9028588776 0.3949981954 
5 40 3.1621344302 4.0466700735 2.8000270095 3.1523970717 -0.0451971935 0.3575794015 -0.0135378268 
6 40 3.1880051146 2.9566052767 3.7087893746 3.4979819594 0.4210800791 -0.6200608872 -0.2744696599 
7 39 3.1340957755 3.0572343065 3.9024418029 2.8628802209 -0.6087057052 0.229629582 -0.3766500468 
8 36 3.0983563418 3.3975651144 2.5815369972 3.6207099089 0.5397427511 -0.7510174947 -0.617914811 
9 33 3.008871969 3.0818024849 3.240924892 2.7305831493 -0.7016380459 0.5318382295 -0.3745342673 
10 31 2.9202789055 2.4323852501 2.6139454174 3.4816982185 0.6026648033 0.1277528664 -0.1725838161 
11 31 2.9064226688 2.5268278003 3.6027617544 2.3177031752 -0.2888277535 0.0938538534 -0.2087335733 
12 28 2.8250921565 2.0979772411 2.5657328243 3.3174356271 0.0750474153 -0.4963730442 0.1430960793 
13 27 2.813585979 2.7404529667 3.4049017013 1.7709113931 0.7766600544 -0.1380571973 -0.2444985803 
14 23 2.6153309142 2.1465203079 2.6525063927 2.0409290902 -0.1868432425 0.1524570889 0.1312032908 
15 23 2.6686361105 3.1935883354 2.5126863549 1.4153440001 -0.3679499981 0.0208245755 -0.03878066 
16 22 2.6047542094 2.7031553043 2.157407122 1.9241820651 0.0106736839 -0.2419881732 0.1516885629 
17 21 2.5896281765 2.7151162073 2.4751646758 1.5158932094 0.3332447215 0.1628310143 -0.1951768212 
18 21 2.5596971735 2.1537721532 2.4902212069 1.90805626 0.5867161074 -0.3965301558 0.047821375 
19 21 2.5572900735 1.7409913295 2.817930746 1.9808104446 -0.2702689193 0.0673112975 0.0557103133 
20 20 4.0610540749 7.4835004818 2.4083426247 6.600317093 -2.9377647389 5.6860498335 -2.5456348021 
21 20 2.4864291649 2.2560809585 1.8883247465 2.0379242872 -0.0144701932 0.6830264151 -0.2272223336 
22 18 2.3955020096 2.5003940351 1.6222766525 1.6157591902 -0.0078595223 0.1419827071 -0.0176922616 
23 17 2.4013469422 2.109727543 1.9827615484 1.6739780455 -0.065191748 0.68492848 -0.1656480405 
24 16 2.292675076 2.0189161412 1.6328392446 1.6046036184 0.1518911341 0.0879169422 -0.0122915157 
25 15 2.2744359367 1.3381863688 1.3988989869 2.4359734743 -0.0894278317 0.010249264 0.146560308 
26 15 2.2399103367 1.8061169553 1.8213988271 1.389682534 0.4263589939 -0.1586408273 -0.290213154 
27 15 2.2455026716 1.5240698329 1.6001628422 1.9180495732 -0.204009365 0.4130003384 -0.3200592964 
28 14 2.1688885482 1.5111751728 1.6544794079 1.5384229536 0.2380842512 0.1633954596 0.2471162157 
29 14 2.1738184098 1.7891200844 1.6186528282 1.317713566 -0.3551858354 -0.1049421101 0.1484966048 
30 14 2.1776643406 1.99980076 1.3788144229 1.3636067973 0.1581052412 0.1219856725 0.0435623868 
31 13 2.054874046 1.4045123127 1.3933555642 1.424639468 -0.0086570739 -0.0290698292 0.0195848311 
32 13 2.0712022542 1.4053454266 1.4346004382 1.4499329128 0.0103456836 -0.0195506048 0.0026583393 
33 12 2.0856267233 1.6105886313 1.4133186383 1.3259315594 0.1149071076 -0.0686869405 0.1618368528 
34 12 2.0506333779 1.1315321328 1.5346384262 1.5389266917 -0.0486342485 -8.8554503843e-06 -0.0186959405 
35 11 2.0204268122 1.2540744737 1.4921609774 1.3358890525 -0.0562724716 0.216444219 0.2034960292 
36 11 2.0951548804 1.7104514329 1.1267665711 1.5524559687 -0.4986902623 0.1862215449 -0.0407172163 
37 10 1.9741152793 1.496318347 1.4505583308 0.950254458 0.0809482453 -0.237136621 0.3133237089 
38 10 1.975846141 1.600954164 1.3732459607 0.9297678483 0.03772505 -0.1024265267 0.3267308747 
39 9 1.9286420178 1.2868565141 1.3042437819 1.1285597368 -0.3011062252 0.1363561696 0.4247796091 
40 9 1.8745845112 0.9742546716 1.2093303335 1.3304820846 -0.2023363297 -0.1421911006 -0.0853094012 
41 8 1.7956810367 1.2994229588 0.8114575402 1.1135898866 -0.0674977505 -0.3981548248 0.0311053511 
42 7 1.7464486934 1.1222439286 0.8076151131 1.1202239968 0.2426646425 0.2459523182 -0.3928608363 
43 7 1.7275694477 0.6306161132 1.0727279785 1.2811521048 -0.3497274731 -0.0665277309 -0.0120678651 
44 7 1.733633255 1.0409150112 1.3145529622 0.6500162896 -0.0155852202 0.3989766471 -0.0108037052 
45 6 1.5925738915 0.8194754323 0.8536810273 0.8631351402 -0.0167934605 0.0414590498 -0.0365620071 
46 5 1.5477100161 1.1730120034 0.6941025921 0.5282916983 -0.3514979322 0.12948258 -0.0735665294 
47 4 1.3845624208 0.6459545893 0.5994917636 0.6715667441 0.004449431 -0.0614200839 -0.0332045959 
48 3 1.297020199 0.8466427646 0.8111042092 0.024514423 0.0026110843 0.0904330962 0.1100457973 
