# Cluster list (50 data points):
# "Cluster Identifier" "Cluster Size" "Radius of Gyration" "Gyration Tensor.XX" "Gyration Tensor.YY" "Gyration Tensor.ZZ" "Gyration Tensor.XY" "Gyration Tensor.XZ" "Gyration Tensor.YZ"
1 76 4.1713080872 8.8302114596 3.5372940682 5.0323056302 0.9700298727 -2.1911757893 -0.507931852 
2 53 3.5200755282 4.5339442643 3.7736739528 4.0833135071 0.5794597899 0.338600114 0.6941834499 
3 53 3.4836665477 4.6230304314 3.4572942442 4.0556079399 -0.5369024126 -0.6390206969 0.4142862995 
4 47 3.5549257041 3.2125824717 6.1681942937 3.2567199966 1.3832113501 0.7271071243 0.8512987067 
5 40 3.1680244992 4.2169772734 2.7758713141 3.0435306397 0.2805766031 0.0860333247 0.0816112073 
6 40 3.1843610055 3.1716898269 3.3547214539 3.6137437322 0.6880467682 -0.522583828 -0.1689120148 
7 39 3.1401302057 2.7535996495 4.1436851993 2.9631328599 -0.017020571 -0.038853296 -0.5807116037 
8 36 3.0967322435 2.8788646633 2.5171243885 4.193761536 0.3431779476 -0.5766172621 -0.5301173054 
9 33 3.0157384053 3.7225897192 3.019313658 2.3527747517 -0.7346885464 0.1727059604 0.0561635812 
10 31 2.9012605944 3.2321800385 2.7988845078 2.3862484903 -0.49637796 0.2403457361 -0.2082449913 
11 30 2.9165066448 2.8554932615 3.6268375533 2.0236801944 0.0928504455 0.3369911965 -0.5470583044 
12 28 2.8080400658 2.2312564926 2.5628957688 3.09093675 0.0869864353 0.6476230698 0.056369212 
13 27 2.8254633828 3.3202436439 2.5400759639 2.1229237194 0.8966444043 0.2235660792 0.434203174 
14 23 2.6746381098 2.9424822322 2.4435005027 1.7677062835 0.1893755018 -0.5200038112 -0.472015103 
15 23 2.6033951336 2.5326244775 1.999934323 2.2451074209 -0.2819301772 -0.0215021818 0.1206374746 
16 22 2.603060702 2.4816008026 2.1416955221 2.1526286936 0.3678938455 -0.2388655595 0.0853362343 
17 21 2.5461846436 2.1705149336 2.7342576271 1.5782836786 0.388516292 -0.2459209373 0.1126472619 
18 21 2.5584514124 2.04678321 2.5771376165 1.9217528032 0.2640955114 0.3301069146 0.3755667604 
19 21 2.57577993 1.830806228 2.563263313 2.2405727067 -0.0819043039 0.4273440181 0.3641175619 
20 20 2.4810011635 2.1408628771 1.5979317398 2.4165721563 -0.363703164 0.3874627336 -0.245666126 
21 18 2.3968884288 1.634528218 2.4964158731 1.6141300489 0.1713958386 -0.0334562684 -0.1040970552 
22 17 2.3852231352 1.8306962638 2.0890721524 1.7695209883 -0.0055643667 0.3348504286 -0.5945055647 
23 16 2.286059467 1.6219623128 1.8899824409 1.7141231327 -0.176715914 -0.0143371764 -0.0258013815 
24 15 2.2943853195 2.2541917204 1.2713495935 1.7386626807 -0.0017803994 0.2800809659 -0.107085721 
25 15 2.2632847638 1.3781916856 2.3439490955 1.4003171409 -0.0562061191 0.0377622019 -0.3635120116 
26 15 2.273966118 1.5315745588 1.3843087572 2.25503859 0.092036849 -0.4635283366 7.2501693641e-04 
27 14 2.1785255967 1.4077921 1.7649055775 1.5732760978 -0.1939418595 -0.1711729322 0.344499949 
28 14 2.1648824788 1.7161725918 1.376488012 1.5940555434 -0.0779695768 0.3008402407 -0.132266337 
29 14 2.1912654979 2.0642426578 1.3398208622 1.3975809624 -0.1674480213 -0.283642749 0.0541332838 
30 13 2.0708820119 1.3952897027 1.4227544997 1.4705081047 0.0201787029 -0.0028324563 -6.0431814038e-04 
31 13 2.0671998129 1.4267724487 1.4280610336 1.4184815843 -0.0023341333 0.0158153049 0.0122000124 
32 13 2.0781384244 1.4555868752 1.4052761379 1.4577962977 0.0355943179 0.0047363127 0.0180607012 
33 12 2.0450461608 1.3368909491 1.4482843049 1.3970385457 -0.1270640298 -0.1197211175 -0.1046121992 
34 12 2.0528959124 1.3353489074 1.5264037208 1.3526289991 0.0689212277 -0.1699633153 0.0588236017 
35 11 2.0263860639 0.9013845917 1.7137654613 1.4910904269 0.2143733266 -0.0498077392 -0.1072699783 
36 11 2.1163224757 1.656254934 1.6703964158 1.1521694713 -0.218688367 -0.5017353345 0.1266158399 
37 10 1.9820071544 1.0954210153 1.6037188499 1.2292124949 0.0763822856 -0.4250449593 0.1473796964 
38 10 1.9685869324 0.8156074627 1.4491369991 1.6105900486 -0.2613364483 0.0508482381 -0.0169564102 
39 9 1.9170610277 1.2442541967 0.8147839872 1.6160848 -0.2383937524 -0.0733598492 0.3264376655 
40 9 1.8685054236 0.8671909587 1.3047540429 1.3193675166 -0.016487607 -0.167208482 -0.0470002201 
41 8 1.8171940086 0.8613186788 1.5297383074 0.9111370787 0.1686575176 -0.0034159545 0.2333714751 
42 7 1.7449234381 0.7997415896 1.2660804893 0.9789357259 -0.0039016382 0.4236477575 -0.041352503 
43 7 1.6967312894 1.0072208947 1.0228699839 0.84880619 -0.2087276123 0.3025679739 0.2926182199 
44 7 1.7652351825 1.2154876053 1.017366612 0.8832010323 -0.218690812 0.3054783514 0.437061408 
45 7 1.7339797162 1.1535735733 0.4833525333 1.3697595497 0.3046469322 0.0093726952 -0.1001293595 
46 6 1.5963547984 0.8366208285 0.8805398735 0.8311879405 -0.0272125189 -0.0243985979 -0.0245006139 
47 5 1.5110517173 0.6235097024 0.9066265934 0.7531409965 0.1405670173 0.0678758839 0.3062719423 
48 4 1.3778011394 0.652146394 0.5587841922 0.6874053935 -0.0170299685 -0.0611594636 -0.0363920381 
49 3 1.3135310301 0.4518162755 0.5905250862 0.6830224055 -0.3524873557 0.2153948348 0.2598761294 
50 1 0.0 0.0 0.0 0.0 0.0 0.0 0.0 
