# Cluster list (37 data points):
# "Cluster Identifier" "Cluster Size" "Radius of Gyration" "Gyration Tensor.XX" "Gyration Tensor.YY" "Gyration Tensor.ZZ" "Gyration Tensor.XY" "Gyration Tensor.XZ" "Gyration Tensor.YZ"
1 76 4.1048914958 6.7222061358 5.0473724993 5.0805555573 2.1427337477 -1.9121316023 -1.1766872038 
2 74 3.9303094672 6.2490184413 4.5120780829 4.6862359841 0.5041147901 0.7589020872 1.0187860859 
3 70 3.9270980935 4.0596848879 6.723891423 4.6385231253 0.1267842899 -0.3080673984 2.045832763 
4 58 3.5543455442 4.9525182354 3.7274210212 3.9534329908 0.1954082217 -0.367126912 0.0263617892 
5 53 3.462461276 4.1354339491 3.8164313865 4.0367727523 0.0193255389 0.251398525 0.5195730874 
6 47 3.3389612115 3.5034557751 4.5351218161 3.1100843805 0.4449794186 0.3486372946 -0.1624069465 
7 43 3.3118321876 5.0132430134 3.2074253424 2.7475640829 0.6893098962 0.4571273161 0.4370155084 
8 43 3.357885712 3.9470233167 4.7730208168 2.5553523215 -1.7222715491 -0.1144318898 0.2473763087 
9 39 3.13257951 3.0547977079 3.7470210567 3.011235622 0.5919728984 -0.3457412603 -0.5426327854 
10 36 3.0898216503 2.828586851 3.9475873781 2.7708236014 -0.4344141334 0.2941323263 -0.8925307564 
11 31 2.9390882405 2.2742959408 2.8717526375 3.492191107 -0.4968232832 -0.2687522306 -0.1634421547 
12 31 2.9937892585 4.1663832669 2.0410026034 2.7553882542 0.190636031 -0.8921417305 -0.07130889 
13 31 2.9455747522 3.6689510378 2.071455157 2.9360044259 0.1164008149 -0.2133978119 0.0864046325 
14 28 2.8167016149 2.4217530841 2.2304252685 3.2816296348 0.3974418047 0.5168766598 0.0558807507 
15 27 2.8249625903 2.0993633602 2.2631941548 3.6178561214 -0.021859861 -0.559382858 -0.6856176679 
16 23 2.5981415993 2.1818987519 2.6018953218 1.9665456961 -0.0365504397 0.1599232894 0.001603952 
17 21 2.5860301865 2.6299685583 1.6982680463 2.3593155209 0.4353645487 -2.6394109032e-04 0.1922215332 
18 20 2.5156761253 2.112110772 2.5411096731 1.6754059222 -0.1664945181 -0.2386412097 -0.1279311655 
19 20 2.5594266516 1.5789860054 2.465875333 2.5058034465 0.2675168059 0.4411826778 0.3460375638 
20 20 2.4942096441 2.5773156281 2.1796262773 1.4641398434 -0.4133887144 0.137333538 -0.1581276854 
21 18 2.481799388 1.7525967786 2.0161237176 2.3906077059 0.6240711582 0.287745335 0.2085961914 
22 17 2.4100188744 2.2323140587 1.9036731375 1.6722037786 0.2874378321 0.0403600892 0.580239258 
23 16 2.3008757167 1.977235843 1.701593792 1.6151994285 -0.5607336604 0.3132821896 -0.114824567 
24 15 2.2793837085 1.5153101687 1.7993302703 1.8809496515 -0.3722715785 -0.2474805896 0.4686986626 
25 15 2.2581479702 2.0358875114 1.4084804553 1.6548642885 0.2881049683 0.4506894541 0.1607694836 
26 14 2.1594793911 1.4123373686 1.3534936255 1.8975202466 -0.0874543051 0.1902884495 -0.1787237798 
27 14 2.1668075468 1.5073612451 1.4849065662 1.7027871336 -0.1520981075 -0.20251221 0.2479618959 
28 14 2.1807384445 1.4351433886 1.9687004242 1.3517763504 -0.2053255796 6.1130041629e-04 -0.0819389934 
29 13 2.0663886032 1.4547843793 1.4285165035 1.3866609766 8.3524474893e-04 0.0012494129 -0.0192459458 
30 13 2.0627341455 1.3660557208 1.472306569 1.4165098653 0.0238758356 -0.0321116302 0.0346548194 
31 12 2.0739510011 1.4303474516 1.3351171618 1.5358081416 -0.248903777 -0.0543658204 -0.0707839846 
32 12 2.0588235007 1.4007021436 1.3655054947 1.4725465687 0.1823010068 -0.0605485461 0.1125346609 
33 11 2.0481646428 1.4692191305 1.6319237411 1.0938355325 -0.228605112 -0.1487649799 -0.1338366699 
34 7 1.7381805063 1.0451622862 1.2820689965 0.69404019 -0.0936378967 -0.3073029646 -0.1308286946 
35 7 1.7304242221 0.661553315 1.2587330455 1.0740816279 -0.1074015962 -0.3775050636 -0.0170058575 
36 6 1.5881186765 0.8612727119 0.8473928146 0.8134554043 -0.0142368784 0.0530685077 -0.0211400411 
37 5 1.529645041 0.7678844237 1.0545866301 0.5173428979 0.3335309163 -0.0452318196 0.0271543525 
