# Cluster list (39 data points):
# "Cluster Identifier" "Cluster Size" "Radius of Gyration" "Gyration Tensor.XX" "Gyration Tensor.YY" "Gyration Tensor.ZZ" "Gyration Tensor.XY" "Gyration Tensor.XZ" "Gyration Tensor.YZ"
1 76 4.1070383536 5.9255031177 5.3883205316 5.5539403887 2.0620475979 -2.0097678612 -1.562522561 
2 74 3.9279273216 6.5549344959 4.246721365 4.626957183 0.4347150561 0.6183935177 0.8563984705 
3 70 3.9361496791 4.213427275 7.1401312369 4.1397157846 -0.375065239 -0.4544183983 1.8292799216 
4 58 3.5555658422 5.0157197709 3.764405678 3.861923009 0.2338458552 -0.1620186919 0.0284761541 
5 53 3.4595737863 4.0340327506 4.1034858124 3.8311322199 0.1968381494 0.0192272487 0.4918866382 
6 47 3.3407957341 3.6570353275 4.2380241127 3.2658566971 0.612968424 0.5289525945 0.0755641338 
7 43 3.3087655995 4.3659079892 4.0091281829 2.5728936201 1.0655696142 -0.0790714535 0.1353225486 
8 39 3.1473583475 2.8315120716 4.1145906009 2.9597618953 0.3463238995 -0.1324509367 -0.5252137048 
9 36 3.1087733549 2.6542797423 3.4634372306 3.546754799 -0.046138022 0.3967336895 -1.1134178559 
10 33 3.027445304 2.668638477 3.8869143055 2.6098722863 -0.7588468625 -0.0398516125 0.250946655 
11 31 2.9150414502 2.2343959339 2.8417979443 3.4212727783 -0.5076937126 -0.1645887621 -0.1125291882 
12 31 3.005823713 4.3290685206 2.1151413377 2.5907663351 -0.0058295741 -0.9428836067 0.1032673456 
13 31 2.950828027 3.5159532244 2.3467794533 2.8446533671 0.5898760595 -0.2452319265 0.1596420292 
14 28 2.8054578306 2.7427003187 2.2559256934 2.871967627 0.3263884043 0.5765595434 -0.0507624933 
15 27 2.8233778267 2.4749942225 2.0005038575 3.4959642724 -0.405639431 -0.7397223481 0.2006359629 
16 23 2.5998246144 2.2035843932 2.565399312 1.9901043207 -0.0355803669 0.1734349488 0.1886229851 
17 21 2.5785128309 2.3519165408 1.9344401343 2.3623717439 0.5632548904 -0.0100991885 0.2657512703 
18 20 2.5032415336 1.8844536519 2.5555242136 1.8262403098 0.0401767434 -0.3348566875 0.0975303946 
19 20 2.4837847656 2.7589578443 1.9908981242 1.4193307933 -0.3390695663 -0.050875447 0.1048568623 
20 18 2.4774378189 1.9515495254 1.7030185487 2.4831300727 0.3873076757 0.5436320243 -0.2643676878 
21 17 2.4046653411 2.5027084889 1.3814829951 1.8982239188 0.2059582 0.2073757649 0.3876439433 
22 16 2.3035636718 1.5836696608 1.7732668333 1.9494690957 -0.4570945468 0.1836994978 -0.3481964305 
23 15 2.2579175989 1.3515252455 2.0846446163 1.6620220217 -0.0206086812 0.1035964856 0.4714087236 
24 15 2.2533642498 1.991833195 1.6723660527 1.4134511948 0.4140080115 -0.1974574626 -0.2033374849 
25 14 2.1857147413 1.387259794 1.8604620344 1.5296271017 -0.1356867841 -0.106887896 0.3277308558 
26 14 2.1713809929 1.3798737614 1.5612150195 1.7738066354 -0.0781908865 0.1156488379 -0.3216473703 
27 14 2.1841118989 1.8658462209 1.5105794392 1.3939191268 -0.3315437143 0.1785146499 -0.1312650054 
28 13 2.0639602405 1.4432693673 1.3971391877 1.4195233195 0.0278864596 0.001566122 0.0316620147 
29 13 2.0544851308 1.4106333989 1.4430730288 1.3672027252 -8.5836459637e-04 0.0368493379 -0.0047168557 
30 12 2.0350699603 1.321614358 1.4173015171 1.4025938682 -0.1753395573 0.090389523 0.1347542184 
31 12 2.046208623 1.3108677849 1.440306437 1.4357955069 0.1393134583 -0.1603108352 0.0923372055 
32 11 2.051778521 1.5224078656 1.2134163494 1.4739708843 -0.3084367467 0.0292312586 -0.1992401702 
33 11 2.0319055904 1.5509479695 1.1928787979 1.3848135607 -0.3033349365 -0.159084679 -0.0993273126 
34 10 1.9903976771 0.8302134573 1.5123358428 1.619133613 -0.3554244345 0.1616237922 0.0012481061 
35 9 1.8793474425 1.3614955288 0.9065382771 1.2639130038 0.1087733942 -0.0958807845 0.2201029249 
36 7 1.7439398316 0.8936488648 1.3132712425 0.8344060288 0.0350507463 -0.4808964833 0.0735997934 
37 7 1.7240558397 1.1578487263 0.6079396457 1.2065801662 -0.20086096 -0.1201402934 -0.276131006 
38 6 1.6098138761 0.8900790668 0.8452781696 0.8561434794 0.0284903485 0.0448203843 -0.024770734 
39 5 1.561486148 0.5957416676 1.1286951711 0.7138021516 0.0945591025 0.0484008121 -0.2293947292 
