# Cluster list (41 data points):
# "Cluster Identifier" "Cluster Size" "Radius of Gyration" "Gyration Tensor.XX" "Gyration Tensor.YY" "Gyration Tensor.ZZ" "Gyration Tensor.XY" "Gyration Tensor.XZ" "Gyration Tensor.YZ"
1 76 4.1076499013 6.8085709628 5.0488779199 5.0153388292 2.1890921494 -1.8356052273 -1.1003504503 
2 74 3.9230475625 6.1138479524 4.9648678959 4.3115863289 1.0064941883 0.1838779334 0.977199163 
3 70 4.0900298169 4.3826345061 8.5952939358 3.7504154615 -1.0275847131 -0.7045787838 1.622417046 
4 58 3.5610099845 5.0793322993 3.7314009761 3.8700588341 0.1742250889 -0.2148667115 0.0165927841 
5 53 3.4612084646 4.2184475144 3.8338251686 3.9276913522 0.3674596541 0.028576362 0.4635004195 
6 47 3.3427060736 3.9627594256 3.8378410139 3.373083455 0.5429772009 0.7733650029 0.121963575 
7 39 3.1491659634 2.936296304 4.1570824543 2.8238675065 0.5462314479 -0.1030962956 -0.2717359021 
8 36 3.0870224544 2.6789403693 4.0433704796 2.8073967853 0.11283066 0.026195266 -0.9185397741 
9 33 3.0181314745 2.7205473464 3.8934506313 2.4951196194 -0.6681574205 0.3687128882 -0.451269117 
10 31 2.9227430642 2.1118610075 3.141937354 3.2886286578 -0.0293511669 -0.5472781556 -0.0357244333 
11 31 2.8949831925 3.4521453628 2.2987674213 2.630014901 0.1484090535 0.4657040072 -0.0628570846 
12 31 3.0515781634 4.9295248757 2.0663040547 2.3163003571 0.0369485112 -0.3049932969 -0.101449945 
13 31 2.9450604779 3.4913634625 2.4699380174 2.7120797387 0.3518642401 -0.1550870909 0.3291788085 
14 28 2.8207944469 2.0353975888 2.5650631194 3.3564206037 0.0971205634 0.4038195883 -0.2410693319 
15 27 2.8162492202 2.0231460766 2.3629268569 3.5451867366 -0.1869124691 0.1128526573 0.8973344186 
16 23 2.6195395492 1.954703485 2.708317536 2.1989664289 -0.0353509742 0.14197779 0.0896005602 
17 21 2.5879175417 2.5859568812 2.2873902732 1.823970048 0.3021612625 0.2096691477 -0.3759952226 
18 20 2.4948056009 1.6548127994 2.3852171856 2.1840250014 0.0523399631 -0.20397895 -0.2219732022 
19 20 2.4986952252 2.2158138932 1.8307313926 2.1969325426 -0.12547087 0.6926054113 0.2054283448 
20 18 2.4720304999 2.0678723963 1.7353859116 2.3076764846 0.0574108625 0.2087737928 -0.6865819486 
21 17 2.4051119264 1.8464484827 2.5863858318 1.3517290638 0.0931231916 -0.3127682959 -0.2769837138 
22 16 2.3208731399 1.2767589619 2.2407900644 1.868903105 -0.0937096047 0.0376763124 0.4222655659 
23 15 2.2637883343 1.3489908091 2.3286362335 1.44711058 -0.1153450391 0.1105475103 -0.4001373695 
24 15 2.26144353 1.6964634283 1.9536279109 1.4640355001 0.4475957031 0.2834143448 0.2012389879 
25 14 2.1936221213 1.6099548757 1.493797263 1.7082258725 -0.1965205725 0.2799188737 -0.1971865014 
26 14 2.1862097217 1.3974935582 1.7625672807 1.6194521084 -0.1802001603 -0.1021251592 0.3293549746 
27 14 2.1841123246 1.7052217183 1.3470635091 1.7180614192 0.1634650188 -0.3258530136 -0.218763639 
28 13 2.0709142481 1.4303311356 1.4244407471 1.4339139402 -0.0129942829 0.013420284 0.0175856685 
29 13 2.0812003484 1.4654087001 1.4118115109 1.4541746793 -9.9625008646e-04 0.0103798083 -0.0100655905 
30 12 2.0676406469 1.5466425379 1.399710641 1.3287846658 0.0314927984 0.049696809 -0.1554173077 
31 12 2.0595242477 1.5426843338 1.3811457418 1.3178100514 -0.0284689501 0.0174345538 -0.2244222786 
32 11 2.0302381572 1.551804489 1.3560468167 1.2140156694 -0.2492826968 -0.1295393642 -0.2518596015 
33 11 2.0250248967 1.5169533051 1.4467158371 1.1370566901 -0.1680968599 -0.0539550476 -0.2240921171 
34 10 1.9897904853 1.4489392968 0.8649247922 1.6454020862 0.371180767 -0.0325392131 0.0606253878 
35 9 1.8846224452 1.022991987 1.3621560268 1.1666537472 0.0883957747 -0.2246155086 0.1035846202 
36 8 1.8218360027 0.897252481 1.4751290051 0.9467049345 0.1929019377 -0.0122833207 -0.2223199969 
37 7 1.7388828005 0.6622041908 1.0805658977 1.2809433053 -0.3650392734 -0.1179089919 -0.1121045085 
38 7 1.7208515651 1.210845786 1.1925348799 0.5579494433 -0.0108367962 -0.1719262174 0.2694759059 
39 6 1.5776198461 0.8352483819 0.8092462372 0.8443897598 0.0496961591 0.0171833774 0.0089957613 
40 5 1.5439993075 0.5958461272 0.5271505489 1.2609371855 0.0497117909 -0.1072439999 -0.1318321971 
41 4 1.4102402572 0.6665628253 0.6977360698 0.624478688 0.0377067852 -0.0095812206 -0.0282304038 
