# Cluster list (45 data points):
# "Cluster Identifier" "Cluster Size" "Radius of Gyration" "Gyration Tensor.XX" "Gyration Tensor.YY" "Gyration Tensor.ZZ" "Gyration Tensor.XY" "Gyration Tensor.XZ" "Gyration Tensor.YZ"
1 76 4.1237916509 7.8160566534 4.5789246065 4.61067632 2.0388831465 -1.5969181806 -0.7313709293 
2 74 4.0957794591 5.918829701 6.9569812652 3.8995984115 2.0055740128 -0.0767004244 0.3511387592 
3 58 3.5852857911 5.3050575476 3.6074169707 3.9417996859 0.2889997091 -0.0471629702 -0.0362565202 
4 53 3.4566084711 4.0230866928 4.1869912399 3.7380641895 0.374248951 -0.1316443036 0.3077591241 
5 47 4.2687123893 2.89366164 7.8893106868 7.4389331357 -0.1015171026 -1.2128493085 4.4802356784 
6 47 3.3390934987 4.1510912747 3.7707538282 3.2277002899 0.3687208622 0.7157000601 0.3283258566 
7 39 3.1473946156 2.8698011796 4.2556770345 2.7806146522 -0.5543303952 0.0623717098 -0.0973366437 
8 36 3.0978093803 3.3958608654 3.1035455537 3.0970165374 0.9230000196 -0.4529213003 -0.5951848931 
9 33 3.0172289568 2.9569013756 3.5418938922 2.6048753097 -0.7400721438 0.3771339889 -0.3748816045 
10 31 2.9214566129 2.0675915205 3.1083334471 3.3589837737 0.4161966881 0.1712956647 -0.186477347 
11 31 2.902182125 3.04980421 2.7047486346 2.6681082418 -0.3970460524 0.3996125057 -0.467526364 
12 28 2.8221909899 2.1431321854 2.5280638567 3.2935659413 0.1275428525 -0.6523810835 0.0697588561 
13 27 2.8275828481 2.9084159669 2.6227828972 2.4640258988 0.506893942 0.6896428916 0.7687327231 
14 23 2.6676233624 3.0406518678 2.6273838756 1.4481786603 -0.4510633325 0.0172688826 -0.0120010718 
15 23 2.6191014434 2.0171253584 2.6338772993 2.2086897131 -0.1416990643 0.2449987817 0.0016586805 
16 22 2.6136160688 2.5569951928 2.3188249536 1.9551688086 -0.2880590537 -0.0927637413 0.2343805248 
17 21 2.5584535471 1.7561273615 2.8738651389 1.9156920522 -0.103816152 0.1625285949 0.0095995555 
18 21 2.5760907941 2.8013643643 2.0996889419 1.7351904732 0.0977090037 0.1089554346 -0.369060215 
19 20 2.5031957354 1.5563710431 2.5322461727 2.1773716738 -0.1904113889 0.1472866078 -0.1607611162 
20 20 2.5007720816 2.7764323735 2.044156684 1.4332719465 -0.2774255093 0.1440374055 0.0731320054 
21 17 2.3908297376 1.9246550854 2.3132658397 1.4781459092 -0.1296627418 0.3385534246 -0.4903688217 
22 16 2.323638146 1.6672572706 2.4347712574 1.2972657056 0.3308970206 -0.160423567 -0.1022436659 
23 15 2.2512724402 1.5899006753 2.0739666272 1.4043602977 -0.3439331422 0.1995018246 -0.3901358973 
24 15 2.2535611238 1.3988835621 1.5439790291 2.1356751477 -0.0385916445 -0.0039691561 -0.4890622046 
25 15 2.2474309332 1.3801038181 2.3613717945 1.3094701867 0.0245548245 -0.0402376381 -0.2768603816 
26 14 2.20168472 1.6389071335 1.4357770728 1.7727313999 -0.0603122513 0.3779059373 -0.1127375018 
27 14 2.1795390152 1.9094268326 1.3900431055 1.4509203808 -0.170862682 0.2257416943 -0.1271152632 
28 14 2.1849252603 1.6891958472 1.7409856412 1.3437169048 -0.3836953722 0.0125421661 0.0216770641 
29 13 2.0464385126 1.4670032814 1.3708915412 1.3500157633 -0.0394502578 0.0150237801 0.0154494961 
30 13 2.063459804 1.4787610422 1.3853005132 1.3938048073 0.0167731189 0.0160766669 -0.0138813276 
31 12 2.0573451207 1.5376179915 1.1634174134 1.5316335406 -0.0611096678 0.0654754052 0.0259585014 
32 12 2.0839756567 1.5641492584 1.3827446837 1.3960605957 0.062944553 0.0847415045 -0.2506891983 
33 11 2.079815162 1.5345922757 1.752961865 1.0380769677 -0.2395984351 0.2057081991 0.0956634642 
34 11 2.040362398 1.5532294096 1.2523974811 1.3574518246 -0.1488189236 0.0296180782 -0.3596568018 
35 10 1.9997503854 1.3439953078 1.5097573803 1.145248916 -0.2533899694 0.3501520278 0.3055968768 
36 10 1.9781133437 1.431217489 1.080126019 1.4015888924 0.3183605477 -0.1600429075 0.3493567608 
37 9 1.9316602317 0.831664356 1.4125444356 1.487102459 0.0838614398 -0.4331502771 0.2192983889 
38 9 1.8949817485 1.2802215495 1.1225597158 1.1881745617 0.1805896379 -0.1592596584 0.2178595165 
39 8 1.8426485744 0.8291956075 1.6263254566 0.9398327045 0.0122327005 -0.0863105422 0.14793551 
40 7 1.7607200611 1.3171211763 0.9624133722 0.8206005852 -0.1425551917 -0.1897702285 -0.4207457638 
41 7 1.7491160664 1.2158917804 1.1984146505 0.645100583 -0.0875322404 0.1879792978 0.3110492934 
42 6 1.5920198019 0.8747716634 0.8564385484 0.8033168377 -0.0122865616 0.0070431564 -0.0026230171 
43 5 1.5420261391 0.6478722061 0.8757472793 0.8542251283 -0.2166823892 -0.1434570582 0.3095081 
44 4 1.4480197627 0.690267809 0.7282760035 0.6782174207 0.0209096999 0.0812699074 0.0083472409 
45 3 1.3122563183 0.7464661912 0.2796727291 0.6958777247 -0.213549747 -0.1193341882 -0.3504841613 
