# Cluster list (56 data points):
# "Cluster Identifier" "Cluster Size" "Radius of Gyration" "Gyration Tensor.XX" "Gyration Tensor.YY" "Gyration Tensor.ZZ" "Gyration Tensor.XY" "Gyration Tensor.XZ" "Gyration Tensor.YZ"
1 76 4.2129741896 9.9851623163 3.3673513098 4.3966378963 0.1738711148 -1.5098334386 -0.0759918705 
2 53 3.4758827181 4.570303267 3.3028443908 4.2086130124 -0.4095158929 -0.7170058681 0.3412842427 
3 47 3.4793272819 2.6699634269 4.1728054276 5.2629494801 0.2257827545 0.7683150332 0.7814382169 
4 40 3.173539738 4.2743871335 2.7848640291 3.0121033061 0.007061771 -0.1284126208 0.0414726665 
5 40 3.1844376104 3.4141918088 2.9182676644 3.8081834215 0.6241416872 -0.5818659377 -0.055566961 
6 36 3.1152011852 2.7732366598 2.7668716416 4.1643701229 0.0905005755 -0.0886744166 -1.0156982978 
7 33 2.9973077597 3.8956967798 2.679160171 2.4089968555 -0.5524615707 -0.1875025885 0.1900531799 
8 31 2.8918858039 3.404931879 2.6326473501 2.3254242736 -0.4562976735 0.2835819455 -0.134399787 
9 30 3.019569502 2.0204549184 4.8805975054 2.2167475535 0.6988124148 -0.1434337711 0.2564607875 
10 29 2.8531059452 2.6349209599 3.0693067647 2.4359858096 -0.1935651003 0.0204224535 -0.4059214809 
11 28 2.8130442386 2.4014862229 2.2134969065 3.2982347586 0.2913394056 0.4996014611 -0.0360200959 
12 27 2.8103692425 2.6776206127 3.1666627547 2.0538919118 0.8874157456 -0.0316413326 0.4004853705 
13 23 2.6173406176 2.4889221826 2.2517575951 2.109792131 -0.1921419356 0.1839992848 0.1639055494 
14 23 2.6805450619 3.0391673004 2.3581266704 1.7880278584 0.1886628229 -0.6426787092 0.2225368147 
15 23 2.7702928484 4.2326005156 1.9092760462 1.5326459041 0.5652889326 -0.6457703675 0.0102274893 
16 22 2.6004379099 2.6615593619 2.1072396861 1.9934782754 0.2027424382 -0.1258768227 0.1752241109 
17 21 2.553011223 1.5394826563 2.8838468433 2.0945368053 -0.1655318378 -0.1888923111 -0.1222886057 
18 21 2.5743458011 1.8322670701 2.3656123811 2.4293768523 -0.1549479211 0.4817373087 0.3312692599 
19 21 2.5505739152 1.9992778731 2.526510465 1.9796389589 0.3325746308 -0.0412214807 -0.4400479032 
20 20 2.4897777872 2.056987417 1.8452520823 2.2967539301 -0.0779971499 0.464542627 -0.4967951101 
21 18 2.3971802832 1.8158412811 2.1090964184 1.8215356108 0.326604682 -0.1838093597 -0.3657025074 
22 18 2.4080803406 1.8194147164 2.2613228533 1.7181133573 -0.4142817978 0.1784071982 -0.2937201418 
23 17 2.399427574 2.1789066132 1.5487228302 2.0296232395 -0.3482103131 0.1734610105 -0.48757927 
24 16 2.4532514256 1.7539389782 1.5998294119 2.6646741674 0.578502386 -0.759961733 0.1837252253 
25 16 2.2801334816 1.8127491136 1.8087054051 1.5775541752 -0.0726126118 -0.1373992232 -0.0122295141 
26 15 2.238829653 2.0747218887 1.392255929 1.5453803976 -0.0620931458 -0.4679728688 0.0980031319 
27 14 2.1749393389 1.4127351881 2.0430492513 1.2745766885 0.1662839252 -0.0897876893 -0.0926164776 
28 14 2.1909518162 1.6104332714 1.6147377696 1.57509882 -0.2791659248 0.1767221576 -0.2106095687 
29 14 2.1842158022 2.0340607406 1.3600392803 1.3766986497 -0.1931167585 0.1672494734 -0.0091453256 
30 14 2.1803478396 1.4031322194 1.999646324 1.351138158 0.2040945469 0.0654197832 0.0907846063 
31 14 2.181216179 1.9278729322 1.4337217551 1.3961093323 -0.1842839477 -0.1824528624 0.0424466792 
32 13 2.0973137031 1.4109069055 1.4537835208 1.5340343428 -0.0388148252 0.0254065987 0.0627380037 
33 13 2.0654417492 1.4073864697 1.4354364999 1.4232266498 -0.023484063 -0.0077289683 -0.013637874 
34 13 2.0778301211 1.4547175447 1.4144233535 1.448237114 0.0012421547 -0.0717016789 -0.013754355 
35 12 2.0634802596 1.543249447 1.1673916759 1.5473096591 -0.1026795053 -0.0691488866 -0.104329128 
36 12 2.0551209278 1.507358011 1.3703963096 1.3457677072 -0.1047116433 0.1284151242 0.1512471137 
37 11 2.0789434547 1.8966294787 1.5437657721 0.8816106371 0.1923081686 -0.0526938791 -0.0325560618 
38 11 2.0268506828 1.5757281205 1.0210939661 1.5113016039 0.115678807 -0.1081794538 0.0118835553 
39 10 1.9814789531 1.4826386515 1.0128720998 1.4307480905 0.3043979034 -0.1240497865 0.2935797115 
40 10 2.1149111934 1.4366014455 2.1247149296 0.9115329807 -0.3992021052 0.0672896035 -0.0592962974 
41 9 1.9232170185 1.0138990398 1.2792752742 1.4055893861 -0.2381332741 -0.3208525473 -0.3367677082 
42 9 1.8990185882 0.8231736546 1.3684430194 1.4146549242 0.0935430791 0.065490246 -0.0127197203 
43 8 1.7997482767 0.8808515649 0.8681139657 1.490128329 -0.0416074767 0.2033742365 0.037980217 
44 7 1.7499795725 1.1592630567 1.2748032026 0.628362245 0.0476279852 -0.3293545639 0.1029430601 
45 7 1.7727865438 1.068644786 1.3319522195 0.7421751244 -0.0742982093 0.3617116276 0.2234858219 
46 7 1.7330463816 1.3390629256 0.9800440616 0.6843427735 0.0529748818 0.003320943 0.3762045698 
47 7 1.7535198793 1.0094649187 0.6889778074 1.376389241 -0.3864397473 -0.0963970373 -0.1675628666 
48 6 1.5820266298 0.8131719127 0.8321533311 0.8574830137 -0.044496975 -0.0223544219 0.0078830912 
49 5 1.5685470777 1.1635425416 0.7618665647 0.5349308286 -0.4246382336 5.1425241541e-04 0.0303849282 
50 4 1.3402116384 0.6250465356 0.572783105 0.598337595 -0.0039749462 -0.012793827 0.0283333825 
51 4 1.408844488 0.7458154358 0.6743142615 0.5647130941 -0.0635328219 0.0570837714 0.0189401482 
52 3 1.3302448978 0.7790855831 0.9039944475 0.0864714575 -0.0518456898 -0.2248476356 -0.1244401602 
53 2 1.2788476841 0.3612168469 0.7293861997 0.5448483526 -0.5132899602 -0.4436309321 0.6304005626 
54 1 0.0 0.0 0.0 0.0 0.0 0.0 0.0 
55 1 0.0 0.0 0.0 0.0 0.0 0.0 0.0 
56 1 0.0 0.0 0.0 0.0 0.0 0.0 0.0 
