# Cluster list (44 data points):
# "Cluster Identifier" "Cluster Size" "Radius of Gyration" "Gyration Tensor.XX" "Gyration Tensor.YY" "Gyration Tensor.ZZ" "Gyration Tensor.XY" "Gyration Tensor.XZ" "Gyration Tensor.YZ"
1 76 4.1083136334 7.646411186 4.5333457744 4.6984839498 1.9803817336 -1.636423292 -0.7728555413 
2 74 3.9399803619 5.7861429462 5.8339609532 3.9033413525 1.1188840259 -0.0909116704 0.5457918388 
3 58 3.5716458819 5.0528616242 3.8501579045 3.8536347773 0.2458944243 -0.0983099875 -8.5351255277e-04 
4 53 3.4528893687 4.0339621587 4.1206696858 3.7678131481 0.320971936 -0.2139597526 0.2539103677 
5 47 3.4225737341 3.1180992214 4.4826471358 4.113264608 0.4764423625 -0.7449531335 0.68000018 
6 47 3.3441535742 4.0976179642 3.7635477855 3.322197378 0.3070529906 0.7632587758 0.3432755611 
7 39 3.1329439379 2.7325296964 4.3575120572 2.7252959644 -0.2460268326 0.0112336789 -0.0730859284 
8 36 3.0954733061 3.1777118372 3.3176579803 3.0865851714 0.9394841158 -0.4126760258 -0.7165805361 
9 33 3.0148321536 2.7068284941 3.87822878 2.5041556404 -0.6302575072 0.306479136 -0.40243126 
10 31 2.933790322 2.0150033966 3.1775716009 3.4145506562 0.3455690519 0.1362215059 -0.1951842735 
11 31 2.9037385751 3.093531255 2.6149591878 2.72320727 -0.3150629915 0.4698578075 -0.3837508757 
12 31 3.088440412 4.587567779 2.6555429312 2.2953534684 -0.3558619207 0.1907189121 0.2883295848 
13 28 2.8223771285 2.1216577861 2.5143746501 3.3297802191 0.0451669275 -0.5253114734 -0.0019847434 
14 27 2.8198534572 2.7304190154 2.7218027799 2.4993517244 0.5097575401 0.6491993009 0.8479067518 
15 23 2.6745544799 3.0457362963 2.6080109216 1.4994944479 -0.4417812897 -0.1268704171 -0.083842279 
16 23 2.5964598266 1.993790854 2.6344099256 2.1134028517 -0.0367692241 0.1741831347 0.0072671779 
17 21 2.5625818472 1.8399725369 2.7734138444 1.9534393424 0.3080031399 0.0192217244 -0.2874559644 
18 21 2.5778817454 2.6725062251 2.1956187622 1.7773493062 0.3396021387 0.2384291762 -0.3511683348 
19 20 2.4952625191 1.6985930132 2.3198994557 2.2078425701 -0.152016627 0.3332002898 -0.1296183279 
20 20 2.4893831656 2.5991628583 2.161767251 1.436098436 -0.4166226285 -0.0253547135 0.0814707739 
21 17 2.3724901055 1.8486023961 2.4097558367 1.3703510681 -0.0181113461 0.176523642 -0.3883793206 
22 16 2.3117251352 1.640858956 2.3453485495 1.3578655954 0.0943935964 -0.0836806568 -0.3556759892 
23 15 2.2492850303 1.6249824313 1.9951286307 1.4391720853 -0.3228841476 0.2421826876 -0.3622204172 
24 15 2.2460549047 1.4520656817 1.9357085332 1.6569884201 -0.0900783758 0.0613160756 -0.4635785928 
25 15 2.2579214363 1.3935031126 2.2608789706 1.4438271295 0.009144162 -0.0462346403 -0.3588775763 
26 14 2.1775622303 1.4577393501 1.3117529155 1.9722850011 -0.0698872795 0.23691579 -0.1120732459 
27 14 2.1802512733 1.7927975884 1.4715629656 1.4891350608 -0.2865699222 0.2912168664 -0.1381808887 
28 14 2.1825121782 1.6899972346 1.7080333907 1.3653287826 -0.3686163267 0.0309914349 -0.0367807471 
29 13 2.0602731202 1.3915302375 1.4182005151 1.4349945771 0.0109478385 0.0368927325 0.0039710852 
30 13 2.0652883104 1.4279801895 1.3812562297 1.456179386 -0.006186245 -0.0223976049 0.0127945016 
31 12 2.0615963328 1.506290097 1.1525100614 1.5913792808 -0.031680909 -0.0123411791 0.0112327891 
32 12 2.0634566073 1.5514209392 1.4196801392 1.2867520916 -0.035138711 0.0128571852 -0.1461658966 
33 11 2.0809316755 1.4105832894 1.8577408236 1.0619525252 -0.2786070505 0.3353759775 0.048981402 
34 11 2.0341577738 1.4597116523 1.2650438401 1.4130423564 0.0527920165 0.1534260721 -0.4099559673 
35 10 1.9736636052 1.5330698774 0.782184582 1.5800935672 0.0794922447 -0.0894018363 0.1067012489 
36 10 1.993453073 1.2281145189 1.3570191359 1.3887214994 -0.3292418015 0.3029123133 0.3093267 
37 9 1.8842137573 1.1427633297 1.1956126889 1.2118854645 0.1582330214 -0.1596568813 0.2018855105 
38 8 1.8083445822 0.8830370984 1.2953025615 1.0917704681 0.118980351 0.1037286025 0.3726807186 
39 7 1.7254009592 1.0888004958 0.7798726189 1.1083353552 -0.3401011652 -0.1528140678 -0.2358565397 
40 7 1.7473709599 1.2643513151 1.2182384302 0.5707155264 -0.0343510977 0.0648487266 0.2060070935 
41 6 1.6050833377 0.9243650231 0.8612013184 0.7907261795 -0.0309131563 0.0117173682 0.0490323752 
42 5 1.5447446078 0.5527798978 0.8608528684 0.9726031372 0.0229171332 0.0134471156 0.4304231309 
43 4 1.3891176328 0.6407172885 0.61046403 0.6784664793 0.0033883963 -0.0381271426 0.0050250471 
44 3 1.3576232645 0.8313102582 0.1120719762 0.899758694 -0.1178131006 0.1857350207 0.2597844621 
