# Cluster list (100 data points):
# "Cluster Identifier" "Cluster Size" "Radius of Gyration" "Gyration Tensor.XX" "Gyration Tensor.YY" "Gyration Tensor.ZZ" "Gyration Tensor.XY" "Gyration Tensor.XZ" "Gyration Tensor.YZ"
1 53 3.5857638933 4.8227680891 3.1162859001 4.9186487095 -0.5533634688 -0.8695772567 0.3089493343 
2 40 3.2080690834 4.1451923815 2.9619165403 3.1845983223 -0.3178060688 0.450881855 0.0182719965 
3 38 3.1990473639 2.6039137168 3.0491443569 4.580845963 -0.1944212027 -0.3081072372 0.5394216259 
4 37 3.0747840487 3.4478510167 2.7671003733 3.2393455559 0.2270549936 -0.3139511076 0.163462318 
5 35 3.1487980277 2.5309084909 2.3151101546 5.0689103736 0.3677119727 -0.301203629 -0.2532413889 
6 31 2.9655837562 3.0007571898 3.8167597351 1.9771700902 -0.4192113074 -0.0403301271 -0.1919916762 
7 27 2.9179164274 2.2741068069 3.6372927387 2.6028367317 0.2913828269 -0.158906549 1.3219657962 
8 24 2.6779899587 2.758936577 1.9973186947 2.4153749473 -0.2998442381 -0.2797930158 -0.1870919568 
9 23 2.6611868659 2.2957500417 2.6589882018 2.1271772916 -0.3133389611 -0.0194883042 -0.1945825663 
10 23 2.6227439315 2.2420453029 2.3588470812 2.2778933462 0.1809999665 -0.3742827067 -0.038280103 
11 21 2.5704595199 2.227905435 2.2277533929 2.1516033157 0.5539001147 0.1729939636 0.2292811707 
12 21 2.6093917497 2.2747931897 2.6784112242 1.8557208893 -0.2647712778 -0.0755167515 -0.4477027649 
13 21 2.7093646468 2.7672803384 2.4323335491 2.1410429016 -0.1935279899 -0.5403595747 0.4032624069 
14 20 2.5177977222 2.0762166717 2.3949415572 1.8681471412 -0.2432286779 -0.4977376292 0.1557661494 
15 20 2.5848776278 2.322218992 1.4832376812 2.8761356775 0.1956125027 0.9964436817 0.1853184546 
16 20 2.5225020239 1.7334793898 1.981803249 2.6477338216 -0.3065976281 0.034322869 -0.0974739017 
17 20 2.48710775 2.5150813729 1.8246807861 1.8459428013 -0.0618046858 -0.5117394672 -0.1381836646 
18 20 2.5809156058 2.8700820297 1.9786094091 1.8124339253 -0.1676532555 0.1337094573 -0.3587767349 
19 20 2.5714496251 2.088759201 2.8353995957 1.6881943777 -0.4653356251 0.4723940314 0.1973223165 
20 19 2.5065800676 1.8292490655 2.1595671335 2.2941274361 0.0208627811 -0.0198932485 -0.1757894052 
21 19 2.4980713671 1.8966033655 1.9287870576 2.4149701319 0.2443646032 0.3052769847 0.2021761865 
22 17 2.3773625312 1.7222047404 2.3691229247 1.5605249396 -0.3005857031 -0.2212528729 0.0612496337 
23 17 2.433323268 1.8149691283 1.9569919556 2.1491010427 0.1564961517 0.4483286254 -0.2218767427 
24 16 2.5857588777 0.8670770464 1.8503337331 3.9687381939 -0.2292314715 -0.3284134367 -0.3869127963 
25 14 2.1883397503 1.610867143 1.7380065549 1.4399571648 -0.3334137382 0.0825236559 -0.1539982401 
26 14 2.1849584026 1.2950645836 1.7296544043 1.7493242334 0.0360070824 0.004482249 -0.3486434038 
27 14 2.2894670188 1.769258373 1.8398758164 1.6325250407 0.2514116719 -0.2706943725 -0.2027824863 
28 14 2.217259658 1.4758861508 1.3929669477 2.0473872923 -0.0277282763 0.1691879423 -0.1039214643 
29 14 2.2112280139 1.9494635356 1.5434577483 1.3966080455 0.2477126804 -0.0642837732 -0.0084291346 
30 13 2.1199205334 1.4868176766 1.4634327821 1.5438126091 0.0194678585 0.0554817447 -0.0875997828 
31 13 2.077953062 1.4476458903 1.3907942064 1.4794488313 -0.0391537849 0.0082276459 0.0414983833 
32 13 2.1074621047 1.5287405501 1.3852694168 1.5273865558 -0.039881366 -0.0904674353 -9.4392360409e-04 
33 12 2.0758492273 1.4994342868 1.3730473068 1.436668421 0.2256282501 -0.0974272497 0.164878381 
34 12 2.056765723 1.299949805 1.3389768854 1.5913585488 -0.197960519 0.0257516084 0.0677576882 
35 11 2.0605266725 1.4119146771 1.0868148949 1.747040596 0.2367120783 0.0112917209 -0.0101884018 
36 11 2.0497116009 1.291343224 1.5478119895 1.3621624334 0.0417271862 -0.0955273629 0.0131947709 
37 10 2.0387874966 1.5690870658 1.3107450518 1.2768223385 0.1098569216 -0.2118766709 0.4077525842 
38 10 2.0071262087 1.4866201522 0.9661055278 1.5758299376 0.188104829 -0.0804334725 0.314818849 
39 10 2.0221058846 1.5261422406 1.0865374136 1.4762325544 0.0989561071 -0.036333358 -0.1195562634 
40 9 1.9067379507 1.3822521342 1.421934368 0.8314631102 -0.0639992911 0.196760086 -7.8263028997e-05 
41 9 2.0125889314 1.1156621912 1.4609906417 1.4738613741 0.1282149561 0.4117398161 -0.3472232325 
42 9 1.9064622031 1.1286633832 1.1630817931 1.3428529555 -0.2200166682 0.154328325 0.1419261226 
43 8 1.8012670485 1.2335416019 0.7462713828 1.2647499955 0.1005513778 -0.3304375111 -0.0248421446 
44 8 1.8681915756 1.4343521311 1.0555296895 1.0002579427 -0.145772907 -0.3246174162 0.1881822358 
45 8 1.8053455855 1.5322420485 0.7670046811 0.9600259536 -0.1249855265 -0.2251359153 -0.0491998316 
46 8 1.7928209234 0.9196022281 1.1409942665 1.1536103688 0.0983747885 -0.2260657261 -0.3565515442 
47 7 1.8240881838 1.3549994067 0.8561377889 1.1161605066 -0.121971417 0.5317978255 -0.1502527226 
48 7 1.7507970871 0.8174803911 1.0564415291 1.19136852 0.3795454942 -0.3176849353 0.1993585747 
49 7 1.696130323 0.8103622465 1.200403917 0.8660919092 0.1642010003 0.3679474764 -0.1830254478 
50 7 1.7826768588 0.8709385919 1.4843228771 0.8226753139 -0.1707646266 -0.0866677436 0.3151770119 
51 7 1.7260693559 1.093475311 0.5648904148 1.3209496957 -0.3683710065 -0.0369804277 0.0153991214 
52 7 1.7683291856 0.9363152073 0.9998890908 1.1907838105 -0.2095100512 -0.3638398925 0.2921026791 
53 7 1.8124733376 1.1095406571 1.6303119346 0.5452070079 -0.1608138606 -0.141358803 0.0432916829 
54 7 1.7386324015 1.3196420476 0.4954210517 1.2077795282 -0.0525221318 -0.0365175713 0.3194031078 
55 7 1.7253986383 0.4519122283 1.2741572327 1.2509309999 -0.2013134607 0.0515159686 -0.0050616867 
56 6 1.6176712447 0.8960135394 0.8383249342 0.8825217825 -0.0717906367 -0.0924334737 -0.0110160907 
57 6 1.6620555422 0.7693002983 0.9796117608 1.0135165661 0.1361871122 0.0184588138 0.0882427131 
58 5 1.5735094136 0.6722763988 1.088863279 0.7147921969 -0.1605870403 -0.130970026 0.3189539502 
59 4 1.435259372 0.6910133655 0.6761743032 0.6927817962 0.0681989672 -0.0440626285 -0.0213404126 
60 4 1.3960307192 0.6004773278 0.7068199555 0.6416044857 0.10555696 -0.0200621753 -0.0624104522 
61 4 1.399234544 0.6602154806 0.7147592232 0.5828826052 -0.0026025879 -0.0384863934 0.0835963282 
62 4 1.3992945159 0.5654857332 0.7425282124 0.6500111966 0.0091368708 0.0171605045 0.058237843 
63 4 1.4813725936 0.9028321346 0.6115888051 0.6800438212 -0.1150855311 0.1444153745 -0.0858747685 
64 3 1.3205868202 0.6325612075 0.6738457535 0.4375425887 -0.1804327577 -0.2680745137 -0.3725441332 
65 3 1.3004764528 0.8750780989 0.0732695709 0.7428913346 -0.0846359536 0.0306620063 0.21676203 
66 3 1.2898769614 0.7022927275 0.4062270205 0.5552628276 0.2816818854 0.2434489007 -0.2739490784 
67 3 1.3011389898 0.3644684934 0.9252732056 0.4032209718 0.1588725891 0.3487340003 -0.0919728445 
68 2 1.2367402228 0.7123985518 0.8042417614 0.0128860656 -0.7569284419 -0.0958123921 0.1018013364 
69 2 1.1627118417 0.0501285766 1.2178982841 0.0838719661 0.2470860325 -0.0648412082 -0.3196052621 
70 2 1.1625798308 0.0622501491 0.318106366 0.9712353478 -0.1407201788 0.2458852277 -0.5558382381 
71 2 1.1364274197 0.0756575107 0.105887872 1.1099218976 -0.0895053786 0.2897825526 -0.3428225019 
72 2 1.1444046445 0.3303237981 0.8788132692 0.100524923 0.5387883972 0.1822245164 0.2972248917 
73 2 1.1879820898 1.0771888391 0.1033202897 0.230792317 -0.3336097464 -0.4986049619 0.1544199762 
74 2 1.1377253768 0.2879089775 0.3681467337 0.6383633219 0.3255652771 -0.428707979 -0.4847797148 
75 2 1.1153776603 1.0000114441 0.1226091056 0.1214467755 0.350157834 0.3484941396 0.1220265566 
76 2 1.1677974013 0.696344614 0.2643037897 0.4031023666 0.429006434 0.5298095525 0.3264069288 
77 1 0.0 0.0 0.0 0.0 0.0 0.0 0.0 
78 1 0.0 0.0 0.0 0.0 0.0 0.0 0.0 
79 1 0.0 0.0 0.0 0.0 0.0 0.0 0.0 
80 1 0.0 0.0 0.0 0.0 0.0 0.0 0.0 
81 1 0.0 0.0 0.0 0.0 0.0 0.0 0.0 
82 1 0.0 0.0 0.0 0.0 0.0 0.0 0.0 
83 1 0.0 0.0 0.0 0.0 0.0 0.0 0.0 
84 1 0.0 0.0 0.0 0.0 0.0 0.0 0.0 
85 1 0.0 0.0 0.0 0.0 0.0 0.0 0.0 
86 1 0.0 0.0 0.0 0.0 0.0 0.0 0.0 
87 1 0.0 0.0 0.0 0.0 0.0 0.0 0.0 
88 1 0.0 0.0 0.0 0.0 0.0 0.0 0.0 
89 1 0.0 0.0 0.0 0.0 0.0 0.0 0.0 
90 1 0.0 0.0 0.0 0.0 0.0 0.0 0.0 
91 1 0.0 0.0 0.0 0.0 0.0 0.0 0.0 
92 1 0.0 0.0 0.0 0.0 0.0 0.0 0.0 
93 1 0.0 0.0 0.0 0.0 0.0 0.0 0.0 
94 1 0.0 0.0 0.0 0.0 0.0 0.0 0.0 
95 1 0.0 0.0 0.0 0.0 0.0 0.0 0.0 
96 1 0.0 0.0 0.0 0.0 0.0 0.0 0.0 
97 1 0.0 0.0 0.0 0.0 0.0 0.0 0.0 
98 1 0.0 0.0 0.0 0.0 0.0 0.0 0.0 
99 1 0.0 0.0 0.0 0.0 0.0 0.0 0.0 
100 1 0.0 0.0 0.0 0.0 0.0 0.0 0.0 
