# Cluster list (39 data points):
# "Cluster Identifier" "Cluster Size" "Radius of Gyration" "Gyration Tensor.XX" "Gyration Tensor.YY" "Gyration Tensor.ZZ" "Gyration Tensor.XY" "Gyration Tensor.XZ" "Gyration Tensor.YZ"
1 76 4.1079516381 5.9202142666 5.428403634 5.5266487604 2.0594460152 -1.9762893152 -1.4963595094 
2 74 3.928584097 6.4064715986 4.6381991328 4.3891022755 0.8048207896 0.2642439668 0.9865418324 
3 70 3.9329502483 4.4326324447 7.4004542575 3.6350109533 -0.826529967 -0.5792980587 1.1998579819 
4 58 3.5529900257 4.9415326304 3.7718439068 3.9103615858 0.3745298718 -0.2595147297 -0.0302399558 
5 53 3.4589464015 4.0469098147 4.1365888354 3.7808115584 0.2024001209 -0.0457696721 0.4002563222 
6 47 3.3491527045 3.9169187373 3.9602052669 3.3396998342 0.6146719141 0.599931246 0.0601228487 
7 43 3.3046256263 4.0482615023 4.3350873844 2.5372016434 1.0776635986 0.048519113 0.1301946777 
8 39 3.1346514795 2.7019090755 4.246108248 2.8780225744 0.0829436455 -0.0476268845 -0.3833154589 
9 36 3.0969528185 2.6200945513 3.1830186827 3.7880035261 0.1971653859 0.1075941225 -1.0370471969 
10 33 3.0187674509 2.5135304215 4.0754149514 2.5240115497 -0.4504849714 0.1247147462 0.055392317 
11 31 2.9164540019 2.0405365936 3.0602201144 3.404947237 -0.2151957634 -0.3114643638 -0.0891025781 
12 31 2.9997929124 4.0438762833 2.1886774729 2.7662037608 0.4762578345 -1.0116263789 -0.1344702575 
13 31 2.94974065 3.6075588378 2.3820662072 2.7113448571 0.4747515552 -0.2020697112 0.3081222708 
14 28 2.8230082458 2.3805031953 2.3758046307 3.2130677299 0.2689906758 0.5508115416 -0.2965545086 
15 27 2.8220887328 2.1678428679 2.2624459905 3.5338959574 -0.4252826171 -0.3222936577 0.7189454824 
16 23 2.617780077 2.1510725542 2.6656465773 2.0360533998 0.0368160322 0.1641179233 0.0446199139 
17 21 2.5911761072 2.3967480312 1.8193844628 2.4980611246 0.5611502951 0.1396981603 0.1229213977 
18 20 2.5031359874 1.8501756577 2.5806493377 1.8348647759 0.0192570837 -0.3257139218 0.0326483726 
19 20 2.4881561567 2.7983410515 1.915218475 1.4773615339 -0.2201144879 -0.1379575978 0.1597370211 
20 18 2.4624471187 2.2674103166 1.5000382891 2.2961972069 -0.1126157306 0.3596241751 -0.5714230432 
21 17 2.3971300287 2.4574867181 1.5583108442 1.7304348124 0.4220623338 0.0359691722 0.3479151044 
22 16 2.3026971583 1.6223249255 1.8341192211 1.845970056 -0.4288501437 0.173073419 -0.3207978106 
23 15 2.2560545295 1.5123207374 2.0839602415 1.4935010613 -0.4244856696 -0.0755590564 0.2246316268 
24 15 2.259253026 2.0084715669 1.790993645 1.3047590238 0.4790968907 0.0927944725 -0.0018020903 
25 14 2.1864092078 1.4272033909 1.9339881027 1.4191937303 -0.183286759 -0.0657010946 0.1893448198 
26 14 2.1702589411 1.3379590111 1.6261921864 1.7458726738 -0.0912945234 0.1054549363 -0.3741731568 
27 14 2.1774114912 2.0096653361 1.3544553687 1.3770000971 -0.191012018 -0.1685613264 0.0212030223 
28 13 2.0740458852 1.4690058072 1.434691424 1.3979691027 0.0041512475 -0.0341394322 0.0150383715 
29 13 2.064620371 1.4361794769 1.4195096106 1.4069681889 -1.3387384936e-04 -0.014059793 -0.0296878684 
30 12 2.0786498444 1.2363400218 1.5859371252 1.4985080289 -0.036156942 0.1684410882 0.0179618827 
31 12 2.0662968693 1.1748540917 1.5911737141 1.5035549464 0.1014263709 0.0010607287 -0.0040602917 
32 11 2.0453309954 1.5310659619 1.1213333781 1.5309795406 -0.2412661812 0.0180886046 -0.2736141138 
33 11 2.0444680133 1.8006506829 1.2539228128 1.1252759615 -0.0011502105 -0.098996722 -0.2902436325 
34 10 2.0064670284 1.5129892073 1.0098682638 1.5030524648 -0.3274032552 -0.109486601 -0.2876165818 
35 9 1.9041555449 1.334625468 0.9723341721 1.3188486993 -0.0112136485 -0.0343428785 0.1084999303 
36 7 1.7474782679 0.5733665029 1.2442133012 1.2361004926 0.2953976061 -0.1916098192 0.1505715335 
37 7 1.7225412741 0.7561098684 0.988828817 1.2222097555 -0.4094624631 0.0596205517 1.0318578071e-05 
38 6 1.6012778588 0.8079379185 0.8801587996 0.8759940631 0.0558150286 -0.0223865325 -0.0432040987 
39 5 1.52958147 0.6063279778 0.9976429551 0.7356485405 0.2091310078 -0.1335743962 -0.3673727945 
