# Cluster list (43 data points):
# "Cluster Identifier" "Cluster Size" "Radius of Gyration" "Gyration Tensor.XX" "Gyration Tensor.YY" "Gyration Tensor.ZZ" "Gyration Tensor.XY" "Gyration Tensor.XZ" "Gyration Tensor.YZ"
1 76 4.1038666886 7.3132019169 4.4636207348 5.0648991461 1.8530910467 -1.9488439545 -0.8183500454 
2 74 3.9229632304 5.9216468918 5.4509585819 4.0170350335 1.0721067324 0.007678678 0.8279330983 
3 58 3.5621713842 5.0979400639 3.5684903314 4.022634575 0.0188942701 -0.2713374672 0.0575740215 
4 53 3.4622701083 4.1109474151 4.0012047177 3.8751621698 0.4066377321 -0.1057894871 0.2894472941 
5 47 3.3875522346 3.1302256317 3.8055432648 4.5397412456 0.8453113868 -0.2000860981 0.5685275855 
6 47 3.3607982221 4.2133378173 3.711663187 3.3699636852 0.4260981275 0.8432792699 0.1113037235 
7 39 3.1371095699 2.6876693651 4.4106604873 2.7431266013 0.0808290344 -0.0218816363 -0.2864778385 
8 36 3.1035987077 2.7653039234 4.2262675796 2.6407534352 0.5672315026 0.0361700675 -0.6748667895 
9 33 3.0107048341 2.7290345276 3.8517034469 2.4836056235 -0.638454408 0.2285287081 -0.270435005 
10 31 2.9285824615 2.3496974869 3.1114375369 3.1154602099 0.3561117674 -0.6472015995 0.1147506771 
11 31 2.9359798966 3.6650435261 2.3532767454 2.6016576815 -0.1941267328 0.2339406151 0.3794142608 
12 31 2.8915088272 2.8589787074 2.4623662124 3.039478378 -0.072516181 0.7235058584 -0.1986676294 
13 28 2.8157697401 1.8420397569 2.6010490139 3.4854704586 -0.0773527959 0.0921381054 0.2710049594 
14 27 2.8242370644 2.2087309206 2.7798796571 2.9877044185 0.274522002 0.7396522569 0.7440743383 
15 23 2.6621452593 2.8187491376 2.8176049659 1.4506632779 -0.4507357066 0.1800318065 0.0360589397 
16 23 2.6233007826 1.9224615689 2.6647160905 2.2945293366 -0.0191182941 0.1277430901 -0.0900012051 
17 21 2.5630469087 2.7195434563 1.7111537216 2.1385122785 -0.0601831049 -0.4801448238 -0.0491903396 
18 21 2.5606689679 2.7122712515 2.2281548504 1.6165994611 0.1242133225 0.1319601835 -0.3352939642 
19 20 2.4965555098 1.7103140224 2.4210164146 2.1014589766 -0.0470128607 0.3827469902 -0.1756557562 
20 20 2.4946110407 2.4026497535 2.2107353706 1.6096991205 -0.5199483359 0.3138080103 0.0131979464 
21 18 2.4700347208 2.1079762886 1.7177109265 2.2753843069 0.0270336677 0.3135658386 -0.7138284336 
22 17 2.404371671 1.9714046506 2.621491706 1.1881067757 0.04564103 0.1298117254 0.0368885196 
23 16 2.3041577952 1.9372749879 2.0195486247 1.3523195324 0.2941832268 0.0571229958 0.0744713555 
24 15 2.2428046265 1.3265707402 2.3005954798 1.4030063726 -0.1283555128 0.0157804812 -0.1509868972 
25 15 2.2341463277 1.6099345806 1.9270687839 1.454406449 0.3838443635 0.2422111968 0.3033040808 
26 14 2.1938999315 2.0141542421 1.362744579 1.4362980883 0.006264323 0.1727228278 -0.0131829042 
27 14 2.1597422743 1.4841682528 1.3680131522 1.8123052864 -0.127149715 0.2925359939 -0.2037632631 
28 14 2.1736956377 1.4046647133 1.4451092111 1.8751788009 0.0683517381 -0.1445851706 -0.2744083162 
29 13 2.071192043 1.4576570193 1.4562655811 1.3759138787 0.0091806841 0.012953177 0.0386257687 
30 13 2.0664069332 1.4166293115 1.4319940784 1.4214142237 -0.0137038258 -0.0430338734 0.0309224862 
31 12 2.0463798965 1.4722184181 1.2734459426 1.44200632 -0.0574891274 -0.0094357752 -0.1847902861 
32 12 2.0671193901 1.5184757805 1.51675599 1.2377508025 0.0671065412 -0.0502938536 -0.091384745 
33 11 2.0297697155 1.4124306327 1.5966231118 1.1109113536 -0.2065089162 -0.3236819866 0.0137103344 
34 11 2.0859779926 1.658590334 1.4131383847 1.2795754667 -0.4445883107 0.371761097 0.1042190325 
35 10 2.0048734652 1.6822742303 0.7993293824 1.5379139986 0.0764457089 -3.3987054783e-04 0.2967134521 
36 10 1.9868669841 1.5566462859 0.7527651834 1.6382289433 -0.1907967665 0.0183690789 -0.0434154659 
37 9 1.9034919619 1.3751723173 1.3451181245 0.902991207 0.0738393982 -0.0882002898 -0.1099724052 
38 8 1.8272595727 1.2345326227 0.8674709103 1.236874013 -0.1308665109 0.3654403311 -0.1607952029 
39 7 1.7191309435 0.9540504782 1.2214977046 0.7798630183 -0.1724615665 -0.3958103464 -0.2353930385 
40 7 1.7236009612 1.1941048758 1.1901557505 0.586539647 -0.0160069365 -0.1811690119 -0.2424701505 
41 6 1.6044522404 0.8479876562 0.8258236097 0.9004557258 0.0712560811 0.0110860618 0.0296483137 
42 5 1.5366970871 0.594150388 0.6834466 1.0838409497 0.1429524486 -0.2216794649 -0.292355705 
43 4 1.4022929023 0.6220128303 0.7649106709 0.5795018826 -0.0423009359 -0.0116334245 -0.0068134453 
