# Cluster list (43 data points):
# "Cluster Identifier" "Cluster Size" "Radius of Gyration" "Gyration Tensor.XX" "Gyration Tensor.YY" "Gyration Tensor.ZZ" "Gyration Tensor.XY" "Gyration Tensor.XZ" "Gyration Tensor.YZ"
1 76 4.1074598177 7.9808521416 4.172066909 4.7183071032 1.6422676479 -1.8478470325 -0.5895747068 
2 74 3.930514238 6.0605649224 5.6131503357 3.775226917 0.9758555183 0.1811883928 0.7046688203 
3 58 3.5766243125 5.2055674493 3.7389511055 3.8477229181 0.1394860639 -0.2817949883 0.0600943068 
4 53 3.4622754669 4.2946444736 3.9230707383 3.7696361966 0.274546743 -0.1232544436 0.3587102389 
5 47 3.3839942446 2.8357875916 4.0695241278 4.546105328 0.5235926142 -0.5424237087 0.5703713957 
6 47 3.3472329532 3.9702139192 3.6018995044 3.6318550196 0.1455562145 0.9154144508 0.334448985 
7 39 3.1463341429 2.7223218757 4.356225388 2.8208712749 0.0153250092 -0.0200880057 -0.2498057007 
8 36 3.1073812803 2.8324976877 4.0899174612 2.733403272 0.7057040513 -0.0509783818 -0.7472898302 
9 33 3.0236877099 2.6438091993 4.2060683951 2.2928097725 -0.431647296 0.1640642787 -0.1775172957 
10 31 2.9245134449 2.2622277584 3.1494402335 3.1411108974 0.1773057206 -0.720036822 -0.0340203666 
11 31 2.9350381335 3.6423837213 2.3689123191 2.6031528049 0.0339275939 -0.2250318877 0.4075182644 
12 31 2.901271394 2.8769565107 2.4814886673 3.0589305235 -0.2454649348 0.6091569388 -0.4412965649 
13 28 2.8213391768 1.90052162 2.7178874443 3.3415456863 -0.1830926959 -0.1988427867 0.3371985258 
14 27 2.8092196836 2.0577178373 2.7602701394 3.0737272541 0.0870720953 0.4512051616 0.8912730107 
15 23 2.6709273964 2.8962860185 2.6971688523 1.540398286 -0.4050212509 -0.4002416034 -0.0135522505 
16 23 2.6190487382 2.0564029732 2.6244446014 2.1785687182 -0.1913638894 0.1308227545 -0.0161132313 
17 21 2.5679988472 2.6114692017 2.0140112948 1.9691375825 0.5258287202 -0.1215839944 -0.2259627348 
18 21 2.5820462971 2.599340885 1.9546616258 2.1129605698 0.329723511 0.3604941643 -0.3536270525 
19 20 2.5209378464 2.0010693221 2.2766592786 2.0773990247 -0.2245221198 0.4457981551 -0.0662130046 
20 20 2.4973228827 2.4696871599 2.246158504 1.5207759163 -0.4222371386 -0.2236068814 0.2330391711 
21 18 2.8846706259 3.3441164976 3.2671685587 1.7100395635 -1.9941521474 0.4380149131 -0.859421497 
22 17 2.4029113301 1.9083537178 2.6633196246 1.2023095178 0.1344698816 -0.0261759438 0.067743136 
23 16 2.3172376019 1.8056968217 2.2895196117 1.2743736704 0.3633988481 -0.101186426 -0.0271042736 
24 15 2.2485750958 1.4096961605 2.0528308087 1.5935629925 -0.1662106353 0.1694537131 -0.4302484385 
25 15 2.2497956756 1.4843805594 2.3216340512 1.2555659714 0.2870805039 0.0970441255 0.1334159066 
26 14 2.1675657304 1.9064903442 1.3190398386 1.4728110126 -0.055369981 -0.272729403 0.0340619492 
27 14 2.1763384766 1.6474032923 1.4775603681 1.6114855043 -0.2135025896 0.2714087604 -0.0948418719 
28 14 2.1770146662 1.3875046959 1.5973817733 1.7545063875 0.154397024 -0.1378527971 -0.3964595756 
29 13 2.0707816193 1.4190901837 1.4197209255 1.4493254057 -0.0276375474 -0.0226328628 -0.0168274949 
30 13 2.0903641793 1.4418223716 1.4991187061 1.4286813244 0.0070667938 -0.0288213289 0.0666575744 
31 12 2.0480947053 1.5730712143 1.2312096407 1.3904110667 3.9430104835e-06 0.0263623351 -0.1837716929 
32 12 2.0608347409 1.5044075863 1.5130431377 1.2295891053 -0.0140216711 -0.1335832102 -0.0837603918 
33 11 2.0452434602 1.4863415871 1.5990936381 1.0975855861 -0.0465410322 -0.2060396847 0.1861328367 
34 11 2.1051685685 1.506920486 2.0465753201 0.8782388957 -0.1553549849 -0.1700799671 0.0215428196 
35 10 1.9849111486 1.4902917646 0.9293591324 1.5202213709 0.3438521552 0.0088360546 -0.1473857208 
36 10 1.9703659545 1.5248938856 0.7146400519 1.642808057 -0.0932708171 -0.067981796 -0.1443208072 
37 9 1.9111391949 0.9992773578 1.3911272731 1.2620483913 0.091543479 0.2794051163 -0.1085360409 
38 8 1.8309217578 1.2134231618 0.87573755 1.2631137713 -0.2018854337 0.3984133919 -0.223848948 
39 7 1.7297784048 0.847790864 1.1855112789 0.9588311867 -0.1983318993 -0.3796196988 -0.2376564757 
40 7 1.7302886295 1.1699435866 1.2268307545 0.5971244002 -0.0289894698 -0.0567225126 -0.3012278361 
41 6 1.6207964341 0.8639309604 0.8536061791 0.9094439414 -0.015868008 -0.0192832707 -0.011500784 
42 5 1.5363292349 0.897804838 0.9431549927 0.5193476875 0.4052989818 0.1148960485 0.1157223429 
43 4 1.3867270643 0.6718693157 0.6175962231 0.6335464121 3.8399699156e-04 0.0967474631 0.025160787 
