# Cluster list (69 data points):
# "Cluster Identifier" "Cluster Size" "Radius of Gyration" "Gyration Tensor.XX" "Gyration Tensor.YY" "Gyration Tensor.ZZ" "Gyration Tensor.XY" "Gyration Tensor.XZ" "Gyration Tensor.YZ"
1 53 3.4806108251 4.5431247077 3.3739296185 4.1975973898 -0.5765934974 -0.7309849582 0.2048232149 
2 40 3.1871413165 4.3379993799 2.8495670989 2.9703032924 -0.2036544187 -0.1309746042 0.0859437336 
3 39 3.183746856 2.5905097429 3.4353895412 4.1103447587 -0.0921310514 -0.0998852334 0.9076528721 
4 37 3.0808112285 3.484336953 2.9997605903 3.0073002823 0.6561979299 -0.2894807773 -0.0884267263 
5 35 3.0510332325 2.8236270426 2.4497724913 4.0354042517 -0.100544508 -0.0099020896 -0.39835749 
6 33 3.0214355906 4.0943332875 2.8067284396 2.2280113014 -0.6355537721 -0.0903080628 0.0439453183 
7 32 3.1482710061 2.4844001092 2.3448232198 5.0823869988 -0.2690126015 1.2632044842 -1.0030997501 
8 31 2.9107564619 3.4659799033 2.5339894108 2.4725338663 -0.2461628875 0.4865424346 -0.2088682592 
9 28 2.8286784415 2.4696366878 2.2116177235 3.3201673139 0.2159618386 -0.3325536112 0.4660593133 
10 28 2.7984762392 2.3258355198 2.9115501267 2.5940836151 0.005463674 0.0751585207 -0.0666520987 
11 27 2.9652923612 3.1809598751 3.5779617809 2.0340371314 1.2470207732 -0.4779429743 -0.0274472133 
12 23 2.8045753246 3.7871353467 2.664670715 1.4138366896 1.2973595143 -0.4076191181 -0.0164099323 
13 23 2.6232332984 2.4127422057 2.4396550071 2.0289557252 -0.222660416 -0.0321511282 -0.3052103808 
14 23 2.638941013 2.673589971 2.037936548 2.2524831512 0.2436722172 -0.2085312882 0.1494679527 
15 22 2.6148695307 1.7209106399 2.6466301358 2.4700018871 0.0720760895 -0.5090965027 -0.3546193125 
16 22 2.6088912244 2.7383416875 1.8579305341 2.2100411992 -0.0892705559 -0.09084525 0.0934091122 
17 21 2.5461486057 1.4462882899 2.8652192216 2.1713652107 0.0146846996 -0.0864113271 0.188510924 
18 21 2.5531939404 2.0312406198 2.1883599611 2.2991987162 0.4049125132 -0.1781483832 -0.441692111 
19 21 2.5561547166 1.5169519653 2.3251568436 2.6918181262 -0.1881492803 0.1683081274 0.1752805446 
20 20 2.4887770139 2.0259265574 2.4227533057 1.745331162 -0.5713160238 -0.4122342531 0.1211395298 
21 20 2.5589089217 3.1118445501 1.5645677782 1.8716025411 0.5082429147 0.6312760915 0.1955718525 
22 20 2.491950156 2.3424254079 1.498475436 2.3689147362 0.1939725643 0.5440758826 -0.1042181087 
23 18 2.4318004257 2.1596806054 1.9852329451 1.7687397601 -0.5032304698 -0.1844173034 0.1183518786 
24 18 2.3888145521 1.541117155 2.3353293241 1.8299884854 -0.0140081489 -0.0317126091 -0.4277473861 
25 17 2.3983998072 2.0955765331 1.5437809871 2.1129641152 0.0130375792 0.3657038173 -0.5421754376 
26 16 2.4343898366 1.3481681289 1.6069710839 2.9711146634 0.6027823395 -0.1247696235 -0.1460402398 
27 16 2.4725410888 2.346505129 1.6201756914 2.1467786152 -0.1372465451 0.7764110353 -0.4071994692 
28 15 2.2464581709 1.3278359026 1.3946190028 2.3241194082 -0.0109765883 -0.2838626483 0.1115112956 
29 14 2.1856424868 1.550790039 1.6585570574 1.5676859838 -0.231491354 -0.2164261535 0.2730256031 
30 14 2.2076938915 1.5031401744 1.8680586045 1.5027135395 -0.2714928811 0.0242798054 -0.043163615 
31 14 2.1621518031 1.3777527456 1.9716092055 1.3255384688 -0.1664630376 0.0416599869 -0.053947096 
32 14 2.198679445 1.4307862981 1.9159918437 1.4874131599 0.1720352813 -0.1130426016 -0.286296499 
33 14 2.2862892371 1.2922326727 1.7366260995 2.1982597036 -0.2949661528 0.1026309043 -0.1201659428 
34 13 2.0666938134 1.4141017326 1.3821126889 1.4750088967 0.0186689608 -0.0042887578 0.0048802693 
35 13 2.0593642026 1.3853109023 1.4423398234 1.4133301933 -0.0322549463 -0.0250894719 0.0168153853 
36 12 2.0591530106 1.6088992444 1.3101325341 1.3210793425 -0.0175921947 0.0041628227 0.236481364 
37 12 2.065382882 1.5203679335 1.4712198687 1.2742186469 -0.0298567644 0.0834640304 0.2078717655 
38 11 2.0418896336 1.3677594419 1.8216294292 0.9799244048 -0.0735429311 0.0803034963 0.0560452057 
39 10 1.9677396104 1.5725677867 0.7877758396 1.5116555482 0.0727980952 -0.0550947662 0.273560417 
40 10 1.9939555877 0.8535221675 1.6602275376 1.4621091805 -0.1255732266 0.3521116132 0.0199406905 
41 10 2.0047309131 0.9273659596 1.4502455367 1.6413345378 -0.3436820565 -0.1903534353 -0.1301886497 
42 9 1.8937825196 1.2699685823 1.3053146273 1.0111290219 -0.0474733869 0.0795761995 0.1829042631 
43 9 1.9011536606 0.9350118267 1.4334655162 1.2459078984 -0.4538092017 0.0129976226 0.0647445299 
44 9 2.0206622169 0.9719992099 2.0718040189 1.0392725659 0.1610061528 -0.1155443189 -0.6528015562 
45 8 1.798503415 0.9275425153 1.2870934079 1.0199786105 0.1601418451 -0.1012995601 -0.2536037462 
46 8 1.8058256991 0.8320185383 1.1404411357 1.2885467816 0.0579378744 0.1524460331 0.3763224004 
47 8 1.8116572952 0.8592606853 0.8306573722 1.5921840978 9.9399085866e-04 -0.1511937357 -0.0297244997 
48 7 1.7233976391 0.9962259847 0.7353520764 1.2385213614 -0.4339127336 -0.0761759494 -0.1365681968 
49 7 1.7232473439 0.9425658598 0.7390239342 1.2879916142 -0.3578161619 0.1794236272 0.1983093818 
50 7 1.7320612781 1.0773949552 1.2745592711 0.6480820446 -0.098513977 0.4184193491 0.1062826409 
51 6 1.6038384944 0.8095211395 0.8400555379 0.9227212386 -0.0604841506 -0.0482415623 -0.0304707954 
52 6 1.6262420018 0.789558194 0.9534680032 0.9016368513 0.0284450958 0.0366928699 0.0305087473 
53 5 1.6916347493 0.8333312995 0.5006106973 1.5276861282 -0.1121400188 -0.2444324624 0.3451501633 
54 4 1.3836689836 0.6465354339 0.6484163436 0.6195880787 -0.002171586 0.0297433057 -0.0120288784 
55 4 1.3420773401 0.5697525983 0.6382727799 0.5931462087 -0.0186864186 -0.0261187754 -0.0210756452 
56 4 1.4069987377 0.6317104754 0.7289507874 0.6189841851 0.0092275971 0.0146363007 0.0174714576 
57 3 1.3515236876 0.9201199698 0.6009561147 0.3055401937 -0.1718388917 0.2056811113 0.3458478386 
58 3 1.3492352504 0.918513673 0.7417002568 0.160221831 -0.0296686103 0.2150979237 0.2783074844 
59 2 1.2019649549 0.5081246645 0.8741098694 0.0624852189 0.6664508865 0.178186085 0.2337069673 
60 2 1.101654362 0.2028235392 0.7307453801 0.280073414 -0.3849835895 0.2383390045 -0.4523962349 
61 1 0.0 0.0 0.0 0.0 0.0 0.0 0.0 
62 1 0.0 0.0 0.0 0.0 0.0 0.0 0.0 
63 1 0.0 0.0 0.0 0.0 0.0 0.0 0.0 
64 1 0.0 0.0 0.0 0.0 0.0 0.0 0.0 
65 1 0.0 0.0 0.0 0.0 0.0 0.0 0.0 
66 1 0.0 0.0 0.0 0.0 0.0 0.0 0.0 
67 1 0.0 0.0 0.0 0.0 0.0 0.0 0.0 
68 1 0.0 0.0 0.0 0.0 0.0 0.0 0.0 
69 1 0.0 0.0 0.0 0.0 0.0 0.0 0.0 
