# Cluster list (49 data points):
# "Cluster Identifier" "Cluster Size" "Radius of Gyration" "Gyration Tensor.XX" "Gyration Tensor.YY" "Gyration Tensor.ZZ" "Gyration Tensor.XY" "Gyration Tensor.XZ" "Gyration Tensor.YZ"
1 76 4.1479800449 8.640613008 3.5157571261 5.0493683185 1.0752593193 -2.0287613171 -0.5189324211 
2 53 3.4848525807 3.9211617938 4.0626175689 4.1604181465 0.285948311 -0.0439102162 0.596215308 
3 53 3.4747364016 4.3768347281 3.5709671277 4.1259912048 -0.5982631931 -0.6256552142 0.5368979637 
4 47 3.4180812497 3.6645695789 4.4944769412 3.5242329093 0.8898510651 1.003280929 0.8297834533 
5 40 3.1792658014 4.1339251075 2.8658387724 3.1079671562 -0.2186148742 0.3312635717 -0.1246866603 
6 40 3.1790588312 2.7357749331 3.7177531468 3.6528869721 0.3442023089 -0.5381733096 -0.3238285457 
7 39 3.1383861508 2.780160136 4.1661140679 2.9031934277 -0.3656366676 0.151830175 -0.4836281841 
8 36 3.0827731802 3.2850994578 2.8137740133 3.4046170092 0.6964923792 -0.5996958265 -0.7270600769 
9 33 3.0131541084 2.8350372793 3.6702620297 2.5737983723 -0.8155066318 0.3615031342 -0.2649743137 
10 31 2.9233786166 2.1962396186 3.1362208461 3.2136820711 0.4356789746 0.2806720229 -0.3511050739 
11 31 2.9003955966 2.6357956222 3.2455197194 2.5309792754 -0.4853182104 0.388742643 -0.4396072088 
12 28 2.8161833627 1.9112144947 2.5878462366 3.4318280009 0.0538004339 0.2678160387 0.1781215025 
13 27 2.8236935864 2.5495841879 3.5959244046 1.8277368774 0.6795024795 -0.2354745239 -0.1301477667 
14 23 2.6049683254 2.0238836291 2.6189519604 2.1430243866 -0.19529134 0.1536700949 0.1613771135 
15 23 2.6784164277 3.2809755877 2.1756914745 1.7172474978 -0.2142043594 -0.1933266032 -0.3913968388 
16 22 2.5989050983 2.764685954 2.0865901142 1.9030316416 -0.0164700614 -0.144714947 0.1210937227 
17 21 2.549194251 1.6892278097 2.7210332999 2.0881302196 0.3554383186 -0.3809612045 -0.1873816479 
18 21 2.581249139 2.5065135895 2.5111236429 1.6452098851 0.2960869916 0.2375183049 -0.2735435462 
19 21 2.5687376626 1.7882701556 2.469215552 2.3409274716 -0.1869342384 -0.0290288826 0.5180840223 
20 20 2.4841786014 2.0140162343 1.6096731363 2.547453953 0.1349740424 0.5077159557 -0.2688893425 
21 18 2.4041686659 2.2443219492 1.8466035122 1.6891015129 0.4253082077 0.2114109375 0.1794992627 
22 17 2.3949846994 1.8476746181 1.9141152549 1.9741618373 0.0667178156 0.6712648081 -0.22304521 
23 16 2.2767274663 1.8992809279 1.5724276894 1.7117793386 -0.1269314431 -0.0573950688 -0.0483785397 
24 15 2.2276616437 1.9148694569 1.5687384493 1.4788684927 -0.4767978147 0.254444254 -0.118016356 
25 15 2.2876778598 1.5217624597 1.7976767289 1.9140308015 0.1029021958 -0.1665893357 0.3983313299 
26 15 2.2503101905 1.5997849668 1.7736188713 1.6904921154 0.3131846974 -0.2094157738 -0.4310983427 
27 14 2.1896303681 2.1210927111 1.345113448 1.3282749898 0.0566244728 0.2145297082 0.0482565769 
28 14 2.1764768 2.041092172 1.3641013679 1.3318577211 -0.1982625787 0.002990627 0.0101616004 
29 14 2.1861692906 1.3781930792 1.808546347 1.5925967411 -0.0182467511 -0.0011288772 0.3147011886 
30 13 2.0761445708 1.4157522226 1.4339199857 1.4607040705 -0.0131913434 -0.0378758499 -0.0013278172 
31 13 2.0714122613 1.4364051214 1.4382056883 1.4161379464 -0.0287045444 -0.0184582271 0.0032590983 
32 13 2.0727809572 1.3968733273 1.4806813431 1.4188662263 0.0180712289 -0.0319537949 -0.0473969028 
33 12 2.0666963297 1.3923592322 1.4190106845 1.4598638023 0.1511362977 -0.1353192886 0.1407430092 
34 12 2.0683157476 1.1930165598 1.4923422567 1.5925712152 -0.0586698735 -0.1275807579 0.0286784256 
35 11 2.0616175926 1.5437800073 1.6439681856 1.0625189053 0.2059885469 0.2195770748 -0.1694078376 
36 11 2.0714358123 1.9131419645 1.3659591581 1.011745202 -0.0014887232 0.2821642431 -0.1739323627 
37 10 1.9768098902 1.4915245845 0.8281642607 1.5880884969 0.2360396901 -0.0312113664 0.1614956832 
38 10 1.9908219711 0.9144416446 1.4843153866 1.5646150895 0.3188974489 0.2293541407 -0.074416026 
39 9 1.9172829358 1.3594233283 0.9225341615 1.3940163662 -0.2634949375 -0.4249356818 -0.1795521115 
40 9 1.876178216 1.1860605857 0.9863496817 1.3476344309 -0.264490494 -0.0547393701 -0.0371977258 
41 8 1.84006389 1.2707513559 0.93884418 1.1762395835 0.1100975703 -0.3599592097 -0.1585686298 
42 7 1.7597761338 1.2483428938 0.6834114751 1.1650576721 0.1376499625 0.0855231725 -0.3570869853 
43 7 1.7525107985 1.0664261739 0.6664690357 1.3383988891 0.4021689545 -0.1054318124 0.1508235495 
44 7 1.7460576289 0.4788099957 1.262446651 1.3074605966 0.222020655 0.0875173175 -0.0170909514 
45 7 1.7265976766 1.3109526459 0.899557044 0.7706298469 -0.0256019602 0.0403132686 0.439433771 
46 6 1.619516714 0.8769086701 0.8678254585 0.8781002584 0.0507485908 0.0929007712 -0.0658987156 
47 5 1.5401997935 0.5938499606 0.829532876 0.9488325672 -0.1171140116 -0.2155556747 0.2832202001 
48 4 1.3678215294 0.5728369579 0.6571704342 0.6409283441 -0.0035157202 0.0228659629 -0.0331508738 
49 3 1.2879474229 0.4062312301 0.6722491469 0.5803281872 -0.281790805 -0.2848542931 -0.2283800835 
