# Cluster list (384 data points):
# "Cluster Identifier" "Cluster Size" "Radius of Gyration" "Gyration Tensor.XX" "Gyration Tensor.YY" "Gyration Tensor.ZZ" "Gyration Tensor.XY" "Gyration Tensor.XZ" "Gyration Tensor.YZ"
1 18 5.5647247879 8.1107274152 6.362285067 16.4931494834 -4.2618595958 -5.3890922866 8.2675534356 
2 16 5.3743810072 13.2284566482 9.6804399784 5.9750745838 9.8633290622 -7.4962920064 -6.4897135075 
3 16 5.4304952272 4.5975325218 5.4076861648 19.4850597262 -2.7399001287 -7.5318201342 5.8422846589 
4 15 4.9175326707 2.244536628 14.0978486235 7.8397423161 -2.7823957947 1.3131462334 -1.8614381424 
5 15 3.9961148783 7.5051475883 6.4845597761 1.9792267558 -4.9223398137 -2.43356555 1.6052930075 
6 14 4.0890076334 3.1545151378 6.8618923304 6.7035759577 2.1160513458 0.9267607355 4.3311937085 
7 13 4.1914444202 11.9261843697 3.1023906421 2.5396313162 -3.9263381966 -2.5939108148 1.1849201198 
8 13 5.1734287119 14.3627520446 1.5649829044 10.8366296881 -1.2688698039 9.849163127 -1.2380464274 
9 13 4.9798670659 1.8057017748 9.3682636376 13.6251105822 1.1280217253 4.1742851827 3.7676094501 
10 12 4.5541986911 7.4323058975 5.1928304955 8.1155893247 1.2551018955 -4.837926657 2.3614793027 
11 12 4.8749559352 10.6313905611 5.5155154666 7.618289342 -4.8334320405 6.7142122553 -5.8570096434 
12 10 4.8673054375 19.0191522621 3.2121566273 1.4593533326 5.0204682443 3.0067031637 1.0134865072 
13 10 3.5596878419 7.8092437953 2.403805302 2.4583284342 -2.8527048295 -1.8802325562 0.6423573492 
14 10 3.1384577959 2.026489996 5.3753384188 2.4480889216 0.3933953436 -1.1482183579 1.8598572276 
15 10 4.9572067113 2.5866013266 4.0807543264 17.9065427254 -2.2542060953 0.8779620086 -4.5261396624 
16 9 4.239375625 5.4891773663 3.393484673 9.0896436508 -0.2607093161 -5.6686671458 0.9250305382 
17 9 3.5966595478 2.3800196037 7.3021781102 3.2537621893 2.1961384798 0.0956318062 2.6922721307 
18 9 3.3196215695 5.1584700694 3.9239377027 1.9374795928 -3.3305284209 -1.1933737072 0.1536219564 
19 9 3.0221358666 2.6565378125 5.2505818324 1.2261855511 1.0895718785 0.5213020162 0.7132223183 
20 8 3.7199210441 4.2567119943 7.4655032404 2.1155973394 5.1344953337 1.3655721331 1.9876613815 
21 8 3.0619346789 3.7065967259 1.6674225393 4.0014247129 0.7973191583 2.2142065331 -1.3357662856 
22 8 3.4388323804 1.3744924452 1.1158009503 9.3352747451 -0.3035759286 -1.0538765889 0.4499793296 
23 8 3.9198172236 3.9179877412 9.0122521911 2.4347271341 1.6745777318 2.0312019864 4.1249841501 
24 7 3.0336594908 2.4429572222 3.4138412389 3.3462914449 -0.564849692 -2.2236245157 0.726302592 
25 7 3.3676634117 5.4555773346 0.9010687761 4.9845107434 1.1113333105 2.699921366 1.6188300641 
26 7 3.2008740326 1.3411264435 5.4649316037 3.4395365257 1.2245721109 0.2802838026 0.6045416366 
27 7 3.6976365911 3.2106301559 3.149383782 7.3125024222 1.966493701 3.9486307598 2.0023637984 
28 7 3.2507754753 1.91799028 6.6049679019 2.0445830085 1.8232759584 -1.7188702813 -0.1981354813 
29 7 2.5361663471 3.4432619262 1.8767157993 1.1121620146 -1.1651870826 -1.2157123703 0.391018629 
30 7 3.4648006344 1.0091256389 9.1505303963 1.8451874012 -2.5459750947 0.1275635541 0.4114294366 
31 7 3.201062618 6.0715808458 1.9373375091 2.2378835294 -0.5862494936 -2.017531228 0.8924444799 
32 7 3.0895214043 3.731469522 2.1074807561 3.7061922296 1.9361589472 1.1151100365 1.8271415098 
33 6 2.8734942764 1.2128328666 1.7876243486 5.2565121416 -0.3253136788 0.6723549438 -1.5680615151 
34 6 2.9346083244 1.1019677916 1.9072383428 5.6027198833 -1.2130908873 -1.389079146 0.8619752417 
35 6 2.4463730668 1.2611331158 3.5217777247 1.2018303413 -0.1595267962 -0.1411409407 -0.0337889825 
36 6 2.7766015336 1.626262112 4.5651351339 1.5181188305 -1.6786206663 0.3310903999 -1.1933739029 
37 6 3.223541631 2.2559018774 5.7724017139 2.3629170553 -3.5735830775 1.6870534989 -2.3925029741 
38 6 2.1954120398 0.7315741427 1.3318316724 2.7564282095 0.4492720209 0.0348153335 -1.0308349995 
39 6 2.4370284656 1.7322864377 1.5156668426 2.691154462 0.9166092069 -0.4423603038 -1.4157929435 
40 6 3.3087764733 4.7103103311 3.9978400474 2.2398513716 3.5995057716 -2.2656495205 -1.8481096137 
41 6 3.8526645748 6.5570121477 7.999728919 0.2862832592 6.5485956604 -0.9362631234 -0.9241497382 
42 6 2.96347319 1.3855504026 3.3990832616 3.9975396839 1.3782432704 0.2381684204 1.1441714285 
43 6 2.9774290168 4.0858447347 0.5931469524 4.1860918631 1.1066530422 2.3482558632 1.3941129604 
44 6 3.0811841148 0.9627243301 4.4907447608 4.0402264582 -0.5339083832 -1.1440794901 2.8632312687 
45 6 2.4386345176 1.9180547098 1.8210324052 2.2078511956 -0.6446496135 -0.8397703332 0.7649040117 
46 6 2.9561645417 4.9970905461 1.8647779741 1.8770402773 1.9676265075 1.5919948229 1.1792031151 
47 5 2.6409322165 3.4984492412 1.3865450262 2.0895287049 -1.7085887876 -0.1123335469 -0.9850166396 
48 5 2.109570392 2.2653158864 1.7697752651 0.4151960873 0.2028003517 0.4640591365 0.0466085748 
49 5 2.4538349753 3.0667401018 0.6105985921 2.3439673919 0.1832068578 -1.1603082785 -0.9910986793 
50 5 2.0934135827 2.6194696459 0.8140809884 0.9488297939 -0.1517319656 0.0353741006 -0.1235094377 
51 5 2.9297724353 3.2564644293 2.6482159092 2.6788861842 -2.4619255415 -2.2114704495 2.1948542121 
52 5 3.0277633294 0.8310401815 3.4384516787 4.8978589188 -1.3118554989 -0.7495190333 1.3890947486 
53 5 3.259910342 0.6864318385 5.1485165594 4.7920670402 1.3186275272 1.2706159612 4.2241569694 
54 5 2.7315952864 2.096886712 4.3636312065 1.0010948901 2.9541149619 0.390618217 0.5277734406 
55 5 2.0581685613 2.7358808564 0.95115134 0.5490256301 -0.1875396124 0.157006858 0.2689151404 
56 5 2.156471961 2.7597208243 0.8160584803 1.0745920138 -0.3655044613 0.3484292359 -0.3911723878 
57 5 2.2425893757 0.5969494581 2.2957747393 2.1364829107 -0.1675307947 -0.4726925905 -1.0595647792 
58 5 2.5113896303 0.671527404 0.6558360844 4.9797143867 0.3516954726 0.7305270519 0.7365547165 
59 4 2.3511887117 2.163121512 3.2320885491 0.132878297 -1.7851452208 0.0354056707 -0.4785367863 
60 4 1.8697245681 0.4147710381 0.7000615851 2.3810373375 -0.2977022066 -0.2833606556 -0.7928244166 
61 4 1.8292869142 1.7491683996 0.6744210923 0.9227011225 0.6124946788 -0.7415581061 -0.589099317 
62 4 2.7002712883 0.6795398891 0.4563211263 6.155604015 0.5055848597 -1.4755048741 -0.9838675092 
63 4 1.9140325722 0.9223925502 1.1597701864 1.5813579508 -0.653243556 -0.3889770336 0.451491994 
64 4 2.8392308789 0.2067244805 6.3798309621 1.4746765409 -0.4069542709 0.1586123017 -2.565166737 
65 4 2.4310043374 3.4518651302 1.7209010167 0.7370159417 -0.6242012949 1.2245344053 -0.0426516882 
66 4 2.195364425 1.6493651582 1.5746435084 1.595616292 0.7090876412 1.1984709418 1.2083498355 
67 4 1.6470931636 0.5360888398 1.3303227859 0.8465042638 -0.0814240506 0.0060429575 0.3434772079 
68 4 2.134774641 3.461152843 0.7548928058 0.3412171191 0.3491666233 -1.0744536838 -0.1592461641 
69 4 1.8073116614 1.5435970443 0.1207555339 1.6020228633 0.4306701367 0.5418975792 0.1638227738 
70 4 2.4395674553 0.3719525051 2.3738330972 3.2057037665 0.5167344565 0.9760787033 2.2412859628 
71 4 2.939388957 0.3609564829 0.9562725983 7.3227783591 0.0080482622 -0.3636177396 2.4868621324 
72 4 2.1714421485 2.3644885621 1.259871911 1.0908005311 0.5955760003 -1.4114530125 0.0275547126 
73 4 2.2640966538 3.4708552789 1.3775296122 0.2777487664 2.1096531318 0.5947948421 0.4894702818 
74 4 1.9105196803 0.9425777153 2.1378602378 0.5696474958 -0.3222415442 0.0499749212 -0.0758809692 
75 4 2.0366526181 1.0418163851 1.3707162393 1.7354212624 0.6153890071 -1.2521423078 -0.3848503477 
76 4 2.6197150666 3.7360047234 0.9854439259 2.1414583808 -1.9038600586 -1.0290338665 0.3735512843 
77 4 2.6337543302 0.4143470213 1.314465337 5.2078495135 0.3735864089 0.5522585351 2.2468513181 
78 4 2.134854063 1.6793080234 0.8622080348 2.0160858122 -0.3266100386 -1.0034894474 0.8632366355 
79 4 1.7865172505 0.5724450493 1.5652340319 1.0539648053 -0.395590526 0.0407101989 0.2039150337 
80 3 1.4616745871 1.2794657269 0.2722343894 0.5847924822 -0.3596914189 -0.1984630454 -0.2521020561 
81 3 1.8997543026 0.3482605772 1.9052880877 1.3555177454 0.705674564 -0.3815340567 -0.105492569 
82 3 1.8844957713 1.7463435469 0.2854772501 1.519503515 0.3228844888 1.3898999171 -0.0484906604 
83 3 1.8239571645 2.311204461 0.6615639611 0.3540513158 0.4144386352 0.3396841341 -0.3616973339 
84 3 1.5920212022 0.5033589129 1.6710654354 0.3601071599 -0.64221332 0.2706017547 -0.7728026492 
85 3 2.3226624724 5.0740615925 0.3109598052 0.0097395632 0.5435067015 0.2218326929 0.0205319447 
86 3 2.2272258284 2.0113750281 2.9182269535 0.0309329092 2.0533298193 -0.0934520002 0.0524485001 
87 3 1.485434698 1.1979524676 0.1135190898 0.8950446846 0.1329407746 -0.2613059617 -0.3166969702 
88 3 1.6931166067 0.8192441823 1.5614599102 0.4859397513 0.523755858 0.0711995629 0.8126373801 
89 3 2.0058233356 0.7360504156 1.8361443175 1.4511325204 0.0388985341 -0.477771807 -1.4718704338 
90 3 1.7343210931 1.5635870192 1.2997584902 0.1445241444 0.2865727281 -0.1008180057 0.3964292478 
91 3 1.8722450499 2.2298550341 0.6660841497 0.609362343 -0.2943160232 -0.5753050351 -0.4617598961 
92 3 1.6689370651 0.8129813655 0.8958119826 1.0765575791 -0.6225453085 -0.9255850761 0.6110800417 
93 3 1.9069626961 1.3878891933 0.7694373979 1.4791801333 0.6120311366 -0.6215213362 -1.0485965239 
94 3 1.9345126123 1.0122362818 0.5183228566 2.2117799087 0.5068618647 -1.3545799002 -0.3533808241 
95 3 1.2449608477 0.3524652355 0.5168317753 0.6806305015 -0.3202583599 -0.2327955527 -0.1334225569 
96 3 2.1664961097 3.9347309335 0.1014762429 0.657498217 -0.5232919581 1.5704780053 -0.1775926514 
97 3 1.7861906949 0.5767575921 1.6571205394 0.9565990671 -0.4848387633 0.6490304999 -0.0139003512 
98 3 1.646231139 1.6966256563 0.1969515974 0.8164997093 -0.2015361739 0.8213120319 -0.3667765517 
99 3 1.8143279567 0.8819709175 1.0185255951 1.3912894217 0.0096819031 0.9945720893 -0.5132087189 
100 3 2.1068197674 3.763889542 0.4752830695 0.1995169209 0.7580595558 -0.4315588124 0.1330884069 
101 3 1.7879302692 1.5768955315 0.6666583227 0.9531407934 -1.0195971831 -0.3831676022 0.1679635903 
102 3 1.8676861765 0.2965340885 1.9247663816 1.2669511837 0.4842769569 0.5837517694 0.5878839714 
103 3 1.9895920545 1.8875736951 1.9899376945 0.0809651536 -1.7536493076 -0.3815464884 0.3916972163 
104 3 1.3988597446 0.5086087632 0.9988867901 0.4493130317 -0.3627696131 -0.2375091924 -0.331058118 
105 3 1.8809820287 1.1303306001 2.1679708967 0.2397918954 1.3080735005 -0.4685918805 -0.7148663712 
106 3 1.7672917368 0.3345141229 1.9110583921 0.8777475679 0.2132738474 -0.1454923338 -1.2951529888 
107 3 1.4466634606 0.89453468 0.8509219028 0.3473785854 -0.4564041334 0.3234868908 -0.5424054063 
108 3 2.4945657044 1.4511839034 4.3908652907 0.3808088593 2.3567146031 -0.1571909526 0.1975119741 
109 3 1.7121534653 1.6811708838 0.8094894659 0.4408091391 -0.059682525 0.379013387 -0.5490939811 
110 3 1.6867069989 1.9171185724 0.6928614572 0.2350004705 -0.0723062457 0.3536763129 -0.3556146923 
111 3 1.5032752803 0.7184845106 1.1187505006 0.4226015573 -0.1496294064 -0.4947679893 -0.195396375 
112 3 1.6838137383 1.6648553211 1.1465793627 0.0237940217 0.1977684501 -0.0568102465 0.149921805 
113 3 1.6925365906 0.9581098164 0.3120541961 1.594516098 -0.4782033111 -0.6876927986 0.6274581075 
114 3 2.0319923453 2.775169112 1.245565107 0.1082586725 0.9866884232 -0.0368131109 -0.3236174684 
115 3 2.4783685419 0.5603133793 0.3919341908 5.1900630596 0.1190187469 -0.5219174582 -1.4241420911 
116 2 1.3543163397 1.9809603145e-05 1.1592196814 0.6749332569 -0.0047920436 0.0036565229 -0.8845314664 
117 2 1.3567347621 0.8520559391 0.0037195881 0.9849536876 0.0562965111 0.9160980511 0.0605278617 
118 2 1.4648521899 1.028569182 0.935801091 0.1814216653 -0.9810892736 -0.4319777006 0.4120371249 
119 2 1.5528996219 0.2031496577 1.3907672117 0.8175803663 0.5315391642 -0.4075428463 -1.0663320151 
120 2 1.4592155843 1.7809216293 0.1044220183 0.243966474 -0.4312394125 -0.6591548911 0.1596103744 
121 2 1.4377339369 0.3145774878 1.0097607171 0.7427406684 -0.5636026878 -0.4833730377 0.8660198323 
122 2 1.0366527608 0.1809438776 0.8367633821 0.0569416867 0.3891107953 0.101504924 0.2182812827 
123 2 1.0963154634 0.2500238424 0.1723978664 0.7794858866 0.2076140096 -0.4414635392 -0.3665811011 
124 2 1.3873127306 1.0085831689 0.8092038586 0.1068495849 0.9034098693 -0.3282783772 -0.2940460787 
125 2 1.7414949094 0.5408022327 1.2842474526 1.2077548343 0.8333809991 0.808180989 1.2454140152 
126 2 1.5458933801 0.0182804486 0.9771593511 1.3943465428 -0.1336522028 0.1596536261 -1.1672612231 
127 2 1.5668304666 1.085698406 0.0535620769 1.3156972282 0.2411478001 -1.1951779714 -0.2654646419 
128 2 1.2684471096 0.2710470343 1.3091567378 0.0287542979 0.5956870413 -0.0882823151 -0.1940203154 
129 2 1.5970269884 0.9042232005 1.6418166231 0.0044553781 1.2184287757 -0.0634716968 -0.08552727 
130 2 1.7187665152 0.2999323821 0.1852136965 2.4690122553 -0.2356938378 -0.8605444365 0.6762358216 
131 2 1.1098517592 0.5988208892 0.0624704396 0.5704795986 -0.1934130404 -0.5844784859 0.1887805904 
132 2 1.4135447634 0.9663682959 1.031007973 7.3252922448e-04 -0.9981650254 0.026606259 -0.0274816934 
133 2 1.1968647335 0.2123526181 0.0195782058 1.2005543662 -0.0644785489 -0.504916689 0.1533124277 
134 2 1.3859811656 5.8134924075e-05 0.5844677567 1.3364178999 -0.0058290641 0.0088143379 -0.8837947567 
135 2 1.3913094364 0.3822500293 1.5173572798 0.0361346389 -0.761583787 -0.1175264514 0.234156267 
136 2 1.5474950634 0.9436916539 0.6515386661 0.7995106514 -0.7841247359 -0.8686147183 0.7217424079 
137 2 1.2581773385 0.252081417 0.7454438851 0.585484913 0.4334888129 -0.3841742658 -0.6606407104 
138 2 1.6600601707 1.4239996207 0.6968373107 0.634962839 0.9961405856 -0.9508873971 -0.6651810258 
139 2 1.1143710473 0.0897473775 0.0752237376 1.0768517159 -0.0821652796 -0.3108771743 0.2846134412 
140 2 1.4655761181 1.9578579464 0.0138931901 0.1761622216 0.164926931 0.5872823898 0.0494717619 
141 2 1.0951557466 0.2526774185 6.6375853294e-04 0.9460249323 -0.0129505518 -0.4889162891 0.0250585738 
142 2 1.5402001632 0.49201386 1.6657371382 0.2144655446 0.9052987126 -0.3248384528 -0.5976982704 
143 2 1.2489808021 0.1652188791 0.0393196294 1.3554145354 0.0805999076 0.473223066 0.2308557933 
144 2 1.1921276325 0.1211693923 0.038971315 1.2610275849 0.0687177601 0.3908937786 0.2216842422 
145 2 1.1829139911 1.096071068 0.1931760502 0.110038392 0.4601463677 0.3472893576 0.1457970574 
146 2 1.5062924987 0.1941362717 0.6337534151 1.4410274049 -0.3507627763 0.5289193585 -0.9556443057 
147 2 1.1795277144 0.0300027451 1.240240405 0.1210424788 0.1929005359 0.0602628131 0.387455511 
148 2 1.5592448096 1.0302673205 1.2253294281 0.1756476278 -1.1235732582 -0.4253986493 0.4639247862 
149 2 1.4232709238 1.3871840565e-08 1.3724976434 0.6532024654 -1.3798213104e-04 9.5189917829e-05 -0.9468467903 
150 2 1.6365786075 0.6033747745 0.1138300451 1.9611847188 -0.2620728483 -1.0878094445 0.4724846505 
151 2 1.2754673226 0.1114907854 0.4763448996 1.0389812061 -0.2304518756 -0.3403481021 0.7035008161 
152 2 1.5120937935 0.9969677105 1.2824097581 0.0070501719 1.1307170824 -0.0838379013 -0.0950852732 
153 2 1.6779587759 2.7468451905 0.0682941833 4.0627979638e-04 0.4331207095 0.0334064022 0.0052674991 
154 2 1.5378106545 1.4899438297 0.7750159015 0.0999018778 1.0745837149 -0.3858084842 -0.278254459 
155 2 1.1462415095 0.951880851 0.242968169 0.119020578 0.4809124115 -0.3365908631 -0.1700535561 
156 2 1.366117069 0.1462341637 0.776048913 0.9439927694 -0.3368751457 -0.3715427205 0.855911539 
157 2 1.6629903716 0.7353996102 0.0843864668 1.945750899 -0.2491139795 1.1962041852 -0.4052098759 
158 2 1.3751531437 0.6795786686 0.023342219 1.1881252809 0.1259479025 -0.8985680812 -0.166533722 
159 2 1.3410914999 2.8074052366e-05 0.3039738061 1.4945245308 -0.0029212628 -0.0064774501 0.6740150666 
160 2 1.2031376191 0.3862610836 0.6599331091 0.401345938 -0.5048826376 0.393731275 -0.5146469398 
161 2 1.355798482 0.3633682852 0.1029134472 1.3719077913 -0.1933791168 -0.706050835 0.3757495975 
162 2 1.5283285352 0.5200812804 1.7805729294 0.0351339018 -0.9623110978 -0.1351757546 0.2501169216 
163 2 1.5100431863 1.9740014712 0.2373413272 0.068887626 0.6844794584 0.3687604576 0.1278666516 
164 2 1.2156188 0.3204639478 0.2383766714 0.9188884476 0.276389452 0.5426514715 0.4680187705 
165 2 1.6910365878 0.9963407674 1.0836063128 0.7796576609 -1.0390578162 0.8813652547 -0.9191528509 
166 2 1.4957212452 1.8757065209 0.3608512564 6.2426588647e-04 0.822709581 0.0342189946 0.0150089017 
167 2 1.5731036754 0.1281669307 2.310604338 0.0358839049 -0.5441902849 0.0678168855 -0.2879470549 
168 2 1.5761491034 0.1554066784 2.1996745322 0.1291647855 0.5846743646 0.1416794632 0.5330295388 
169 2 1.5286267723 1.4316631787 0.4533892743 0.451647356 0.805667878 0.8041187035 0.452517477 
170 2 1.3108947636 0.7056020087 0.0927008574 0.9201422151 0.2557536142 -0.8057631136 -0.2920581658 
171 2 1.7472276148 0.0038904027 0.9026989665 2.1462149686 -0.0592609691 0.0913763668 -1.3919001523 
172 2 1.2350028813 0.8236207799 0.3830933589 0.318517978 -0.5617149197 0.512189443 -0.3493166502 
173 2 1.1666296222 0.8293273076 0.0079894283 0.5237079394 -0.081399331 0.6590336071 -0.0646848286 
174 2 1.2226135621 1.0837393442 0.0601829953 0.3508615827 -0.2553873134 -0.6166380636 0.1453131136 
175 2 1.711407255 0.4618545402 2.2241936105 0.2428666417 1.0135353557 -0.3349164987 -0.734971042 
176 2 1.2568198032 0.3859055408 0.5406619768 0.6530285 0.4567761515 -0.5020033032 -0.5941949846 
177 2 1.4247808019 0.2746935615 0.0940106352 1.6612961367 -0.160698837 0.675534864 -0.3951955276 
178 2 1.5604222429 0.0463797951 1.8369775478 0.5515602334 -0.2918880647 -0.1599413975 1.0065802327 
179 2 1.0246028681 0.1099801908 0.1763071503 0.7635236962 -0.139249036 0.2897800576 -0.3668987422 
180 2 1.2861843667 1.4042756136 0.1786453999 0.0713492116 0.5008666275 0.3165342917 0.1128991073 
181 2 1.6852811297 1.0196863235 1.0270551025 0.79343106 1.0233640806 0.8994725124 0.9027166879 
182 2 1.1833255606 0.1804934598 0.4993094346 0.7204564879 -0.30020341 0.3606073823 -0.5997755594 
183 1 0.0 0.0 0.0 0.0 0.0 0.0 0.0 
184 1 0.0 0.0 0.0 0.0 0.0 0.0 0.0 
185 1 0.0 0.0 0.0 0.0 0.0 0.0 0.0 
186 1 0.0 0.0 0.0 0.0 0.0 0.0 0.0 
187 1 0.0 0.0 0.0 0.0 0.0 0.0 0.0 
188 1 0.0 0.0 0.0 0.0 0.0 0.0 0.0 
189 1 0.0 0.0 0.0 0.0 0.0 0.0 0.0 
190 1 0.0 0.0 0.0 0.0 0.0 0.0 0.0 
191 1 0.0 0.0 0.0 0.0 0.0 0.0 0.0 
192 1 0.0 0.0 0.0 0.0 0.0 0.0 0.0 
193 1 0.0 0.0 0.0 0.0 0.0 0.0 0.0 
194 1 0.0 0.0 0.0 0.0 0.0 0.0 0.0 
195 1 0.0 0.0 0.0 0.0 0.0 0.0 0.0 
196 1 0.0 0.0 0.0 0.0 0.0 0.0 0.0 
197 1 0.0 0.0 0.0 0.0 0.0 0.0 0.0 
198 1 0.0 0.0 0.0 0.0 0.0 0.0 0.0 
199 1 0.0 0.0 0.0 0.0 0.0 0.0 0.0 
200 1 0.0 0.0 0.0 0.0 0.0 0.0 0.0 
201 1 0.0 0.0 0.0 0.0 0.0 0.0 0.0 
202 1 0.0 0.0 0.0 0.0 0.0 0.0 0.0 
203 1 0.0 0.0 0.0 0.0 0.0 0.0 0.0 
204 1 0.0 0.0 0.0 0.0 0.0 0.0 0.0 
205 1 0.0 0.0 0.0 0.0 0.0 0.0 0.0 
206 1 0.0 0.0 0.0 0.0 0.0 0.0 0.0 
207 1 0.0 0.0 0.0 0.0 0.0 0.0 0.0 
208 1 0.0 0.0 0.0 0.0 0.0 0.0 0.0 
209 1 0.0 0.0 0.0 0.0 0.0 0.0 0.0 
210 1 0.0 0.0 0.0 0.0 0.0 0.0 0.0 
211 1 0.0 0.0 0.0 0.0 0.0 0.0 0.0 
212 1 0.0 0.0 0.0 0.0 0.0 0.0 0.0 
213 1 0.0 0.0 0.0 0.0 0.0 0.0 0.0 
214 1 0.0 0.0 0.0 0.0 0.0 0.0 0.0 
215 1 0.0 0.0 0.0 0.0 0.0 0.0 0.0 
216 1 0.0 0.0 0.0 0.0 0.0 0.0 0.0 
217 1 0.0 0.0 0.0 0.0 0.0 0.0 0.0 
218 1 0.0 0.0 0.0 0.0 0.0 0.0 0.0 
219 1 0.0 0.0 0.0 0.0 0.0 0.0 0.0 
220 1 0.0 0.0 0.0 0.0 0.0 0.0 0.0 
221 1 0.0 0.0 0.0 0.0 0.0 0.0 0.0 
222 1 0.0 0.0 0.0 0.0 0.0 0.0 0.0 
223 1 0.0 0.0 0.0 0.0 0.0 0.0 0.0 
224 1 0.0 0.0 0.0 0.0 0.0 0.0 0.0 
225 1 0.0 0.0 0.0 0.0 0.0 0.0 0.0 
226 1 0.0 0.0 0.0 0.0 0.0 0.0 0.0 
227 1 0.0 0.0 0.0 0.0 0.0 0.0 0.0 
228 1 0.0 0.0 0.0 0.0 0.0 0.0 0.0 
229 1 0.0 0.0 0.0 0.0 0.0 0.0 0.0 
230 1 0.0 0.0 0.0 0.0 0.0 0.0 0.0 
231 1 0.0 0.0 0.0 0.0 0.0 0.0 0.0 
232 1 0.0 0.0 0.0 0.0 0.0 0.0 0.0 
233 1 0.0 0.0 0.0 0.0 0.0 0.0 0.0 
234 1 0.0 0.0 0.0 0.0 0.0 0.0 0.0 
235 1 0.0 0.0 0.0 0.0 0.0 0.0 0.0 
236 1 0.0 0.0 0.0 0.0 0.0 0.0 0.0 
237 1 0.0 0.0 0.0 0.0 0.0 0.0 0.0 
238 1 0.0 0.0 0.0 0.0 0.0 0.0 0.0 
239 1 0.0 0.0 0.0 0.0 0.0 0.0 0.0 
240 1 0.0 0.0 0.0 0.0 0.0 0.0 0.0 
241 1 0.0 0.0 0.0 0.0 0.0 0.0 0.0 
242 1 0.0 0.0 0.0 0.0 0.0 0.0 0.0 
243 1 0.0 0.0 0.0 0.0 0.0 0.0 0.0 
244 1 0.0 0.0 0.0 0.0 0.0 0.0 0.0 
245 1 0.0 0.0 0.0 0.0 0.0 0.0 0.0 
246 1 0.0 0.0 0.0 0.0 0.0 0.0 0.0 
247 1 0.0 0.0 0.0 0.0 0.0 0.0 0.0 
248 1 0.0 0.0 0.0 0.0 0.0 0.0 0.0 
249 1 0.0 0.0 0.0 0.0 0.0 0.0 0.0 
250 1 0.0 0.0 0.0 0.0 0.0 0.0 0.0 
251 1 0.0 0.0 0.0 0.0 0.0 0.0 0.0 
252 1 0.0 0.0 0.0 0.0 0.0 0.0 0.0 
253 1 0.0 0.0 0.0 0.0 0.0 0.0 0.0 
254 1 0.0 0.0 0.0 0.0 0.0 0.0 0.0 
255 1 0.0 0.0 0.0 0.0 0.0 0.0 0.0 
256 1 0.0 0.0 0.0 0.0 0.0 0.0 0.0 
257 1 0.0 0.0 0.0 0.0 0.0 0.0 0.0 
258 1 0.0 0.0 0.0 0.0 0.0 0.0 0.0 
259 1 0.0 0.0 0.0 0.0 0.0 0.0 0.0 
260 1 0.0 0.0 0.0 0.0 0.0 0.0 0.0 
261 1 0.0 0.0 0.0 0.0 0.0 0.0 0.0 
262 1 0.0 0.0 0.0 0.0 0.0 0.0 0.0 
263 1 0.0 0.0 0.0 0.0 0.0 0.0 0.0 
264 1 0.0 0.0 0.0 0.0 0.0 0.0 0.0 
265 1 0.0 0.0 0.0 0.0 0.0 0.0 0.0 
266 1 0.0 0.0 0.0 0.0 0.0 0.0 0.0 
267 1 0.0 0.0 0.0 0.0 0.0 0.0 0.0 
268 1 0.0 0.0 0.0 0.0 0.0 0.0 0.0 
269 1 0.0 0.0 0.0 0.0 0.0 0.0 0.0 
270 1 0.0 0.0 0.0 0.0 0.0 0.0 0.0 
271 1 0.0 0.0 0.0 0.0 0.0 0.0 0.0 
272 1 0.0 0.0 0.0 0.0 0.0 0.0 0.0 
273 1 0.0 0.0 0.0 0.0 0.0 0.0 0.0 
274 1 0.0 0.0 0.0 0.0 0.0 0.0 0.0 
275 1 0.0 0.0 0.0 0.0 0.0 0.0 0.0 
276 1 0.0 0.0 0.0 0.0 0.0 0.0 0.0 
277 1 0.0 0.0 0.0 0.0 0.0 0.0 0.0 
278 1 0.0 0.0 0.0 0.0 0.0 0.0 0.0 
279 1 0.0 0.0 0.0 0.0 0.0 0.0 0.0 
280 1 0.0 0.0 0.0 0.0 0.0 0.0 0.0 
281 1 0.0 0.0 0.0 0.0 0.0 0.0 0.0 
282 1 0.0 0.0 0.0 0.0 0.0 0.0 0.0 
283 1 0.0 0.0 0.0 0.0 0.0 0.0 0.0 
284 1 0.0 0.0 0.0 0.0 0.0 0.0 0.0 
285 1 0.0 0.0 0.0 0.0 0.0 0.0 0.0 
286 1 0.0 0.0 0.0 0.0 0.0 0.0 0.0 
287 1 0.0 0.0 0.0 0.0 0.0 0.0 0.0 
288 1 0.0 0.0 0.0 0.0 0.0 0.0 0.0 
289 1 0.0 0.0 0.0 0.0 0.0 0.0 0.0 
290 1 0.0 0.0 0.0 0.0 0.0 0.0 0.0 
291 1 0.0 0.0 0.0 0.0 0.0 0.0 0.0 
292 1 0.0 0.0 0.0 0.0 0.0 0.0 0.0 
293 1 0.0 0.0 0.0 0.0 0.0 0.0 0.0 
294 1 0.0 0.0 0.0 0.0 0.0 0.0 0.0 
295 1 0.0 0.0 0.0 0.0 0.0 0.0 0.0 
296 1 0.0 0.0 0.0 0.0 0.0 0.0 0.0 
297 1 0.0 0.0 0.0 0.0 0.0 0.0 0.0 
298 1 0.0 0.0 0.0 0.0 0.0 0.0 0.0 
299 1 0.0 0.0 0.0 0.0 0.0 0.0 0.0 
300 1 0.0 0.0 0.0 0.0 0.0 0.0 0.0 
301 1 0.0 0.0 0.0 0.0 0.0 0.0 0.0 
302 1 0.0 0.0 0.0 0.0 0.0 0.0 0.0 
303 1 0.0 0.0 0.0 0.0 0.0 0.0 0.0 
304 1 0.0 0.0 0.0 0.0 0.0 0.0 0.0 
305 1 0.0 0.0 0.0 0.0 0.0 0.0 0.0 
306 1 0.0 0.0 0.0 0.0 0.0 0.0 0.0 
307 1 0.0 0.0 0.0 0.0 0.0 0.0 0.0 
308 1 0.0 0.0 0.0 0.0 0.0 0.0 0.0 
309 1 0.0 0.0 0.0 0.0 0.0 0.0 0.0 
310 1 0.0 0.0 0.0 0.0 0.0 0.0 0.0 
311 1 0.0 0.0 0.0 0.0 0.0 0.0 0.0 
312 1 0.0 0.0 0.0 0.0 0.0 0.0 0.0 
313 1 0.0 0.0 0.0 0.0 0.0 0.0 0.0 
314 1 0.0 0.0 0.0 0.0 0.0 0.0 0.0 
315 1 0.0 0.0 0.0 0.0 0.0 0.0 0.0 
316 1 0.0 0.0 0.0 0.0 0.0 0.0 0.0 
317 1 0.0 0.0 0.0 0.0 0.0 0.0 0.0 
318 1 0.0 0.0 0.0 0.0 0.0 0.0 0.0 
319 1 0.0 0.0 0.0 0.0 0.0 0.0 0.0 
320 1 0.0 0.0 0.0 0.0 0.0 0.0 0.0 
321 1 0.0 0.0 0.0 0.0 0.0 0.0 0.0 
322 1 0.0 0.0 0.0 0.0 0.0 0.0 0.0 
323 1 0.0 0.0 0.0 0.0 0.0 0.0 0.0 
324 1 0.0 0.0 0.0 0.0 0.0 0.0 0.0 
325 1 0.0 0.0 0.0 0.0 0.0 0.0 0.0 
326 1 0.0 0.0 0.0 0.0 0.0 0.0 0.0 
327 1 0.0 0.0 0.0 0.0 0.0 0.0 0.0 
328 1 0.0 0.0 0.0 0.0 0.0 0.0 0.0 
329 1 0.0 0.0 0.0 0.0 0.0 0.0 0.0 
330 1 0.0 0.0 0.0 0.0 0.0 0.0 0.0 
331 1 0.0 0.0 0.0 0.0 0.0 0.0 0.0 
332 1 0.0 0.0 0.0 0.0 0.0 0.0 0.0 
333 1 0.0 0.0 0.0 0.0 0.0 0.0 0.0 
334 1 0.0 0.0 0.0 0.0 0.0 0.0 0.0 
335 1 0.0 0.0 0.0 0.0 0.0 0.0 0.0 
336 1 0.0 0.0 0.0 0.0 0.0 0.0 0.0 
337 1 0.0 0.0 0.0 0.0 0.0 0.0 0.0 
338 1 0.0 0.0 0.0 0.0 0.0 0.0 0.0 
339 1 0.0 0.0 0.0 0.0 0.0 0.0 0.0 
340 1 0.0 0.0 0.0 0.0 0.0 0.0 0.0 
341 1 0.0 0.0 0.0 0.0 0.0 0.0 0.0 
342 1 0.0 0.0 0.0 0.0 0.0 0.0 0.0 
343 1 0.0 0.0 0.0 0.0 0.0 0.0 0.0 
344 1 0.0 0.0 0.0 0.0 0.0 0.0 0.0 
345 1 0.0 0.0 0.0 0.0 0.0 0.0 0.0 
346 1 0.0 0.0 0.0 0.0 0.0 0.0 0.0 
347 1 0.0 0.0 0.0 0.0 0.0 0.0 0.0 
348 1 0.0 0.0 0.0 0.0 0.0 0.0 0.0 
349 1 0.0 0.0 0.0 0.0 0.0 0.0 0.0 
350 1 0.0 0.0 0.0 0.0 0.0 0.0 0.0 
351 1 0.0 0.0 0.0 0.0 0.0 0.0 0.0 
352 1 0.0 0.0 0.0 0.0 0.0 0.0 0.0 
353 1 0.0 0.0 0.0 0.0 0.0 0.0 0.0 
354 1 0.0 0.0 0.0 0.0 0.0 0.0 0.0 
355 1 0.0 0.0 0.0 0.0 0.0 0.0 0.0 
356 1 0.0 0.0 0.0 0.0 0.0 0.0 0.0 
357 1 0.0 0.0 0.0 0.0 0.0 0.0 0.0 
358 1 0.0 0.0 0.0 0.0 0.0 0.0 0.0 
359 1 0.0 0.0 0.0 0.0 0.0 0.0 0.0 
360 1 0.0 0.0 0.0 0.0 0.0 0.0 0.0 
361 1 0.0 0.0 0.0 0.0 0.0 0.0 0.0 
362 1 0.0 0.0 0.0 0.0 0.0 0.0 0.0 
363 1 0.0 0.0 0.0 0.0 0.0 0.0 0.0 
364 1 0.0 0.0 0.0 0.0 0.0 0.0 0.0 
365 1 0.0 0.0 0.0 0.0 0.0 0.0 0.0 
366 1 0.0 0.0 0.0 0.0 0.0 0.0 0.0 
367 1 0.0 0.0 0.0 0.0 0.0 0.0 0.0 
368 1 0.0 0.0 0.0 0.0 0.0 0.0 0.0 
369 1 0.0 0.0 0.0 0.0 0.0 0.0 0.0 
370 1 0.0 0.0 0.0 0.0 0.0 0.0 0.0 
371 1 0.0 0.0 0.0 0.0 0.0 0.0 0.0 
372 1 0.0 0.0 0.0 0.0 0.0 0.0 0.0 
373 1 0.0 0.0 0.0 0.0 0.0 0.0 0.0 
374 1 0.0 0.0 0.0 0.0 0.0 0.0 0.0 
375 1 0.0 0.0 0.0 0.0 0.0 0.0 0.0 
376 1 0.0 0.0 0.0 0.0 0.0 0.0 0.0 
377 1 0.0 0.0 0.0 0.0 0.0 0.0 0.0 
378 1 0.0 0.0 0.0 0.0 0.0 0.0 0.0 
379 1 0.0 0.0 0.0 0.0 0.0 0.0 0.0 
380 1 0.0 0.0 0.0 0.0 0.0 0.0 0.0 
381 1 0.0 0.0 0.0 0.0 0.0 0.0 0.0 
382 1 0.0 0.0 0.0 0.0 0.0 0.0 0.0 
383 1 0.0 0.0 0.0 0.0 0.0 0.0 0.0 
384 1 0.0 0.0 0.0 0.0 0.0 0.0 0.0 
