# Cluster list (44 data points):
# "Cluster Identifier" "Cluster Size" "Radius of Gyration" "Gyration Tensor.XX" "Gyration Tensor.YY" "Gyration Tensor.ZZ" "Gyration Tensor.XY" "Gyration Tensor.XZ" "Gyration Tensor.YZ"
1 76 4.1081360052 7.4770584714 4.4088809602 4.9908420057 1.8605580071 -1.9376677724 -0.8173457905 
2 74 3.9335013806 5.8857911862 5.7487968677 3.8378450569 1.0463023849 -0.0527058615 0.6803858636 
3 58 3.5790125756 5.2094939883 3.8176452782 3.7821917495 0.2860700661 -0.0328990194 0.0817380884 
4 53 3.4556921396 4.1412366033 3.9873074921 3.8132640685 0.3884347664 -0.1718246883 0.2407533895 
5 47 3.3986599014 2.7019982681 4.2511856794 4.5977051781 0.4916431012 -0.4874106826 0.5656236661 
6 47 3.3415073413 4.0432450238 3.7126400512 3.409786237 0.2429112604 0.8437899088 0.3086246334 
7 39 3.148554155 2.7468464237 4.4419438477 2.7246029953 -0.1382374159 0.0224249478 -0.2112964021 
8 36 3.0901820103 2.9924572406 3.6052467752 2.9515208408 0.7909514385 -0.2544239427 -0.7315613517 
9 33 3.009076754 2.6648837298 4.0139800695 2.3756791121 -0.5123875542 0.166375382 0.0126110849 
10 31 2.9251892738 2.0925450864 3.0282664255 3.4359207757 0.4511673137 -0.2740397458 -0.0544915326 
11 31 2.8937944186 2.9575635539 2.5448046595 2.8716779236 -0.2791512698 0.5778351232 -0.3980496564 
12 31 2.9420842992 3.7921222043 2.3986692137 2.4650686059 -0.0497734585 0.1295739083 0.409251687 
13 28 2.8102889822 1.9565575839 2.5854280218 3.3557385579 -0.1232814229 -0.3507208768 0.2458233624 
14 27 2.8142531974 2.3510685119 2.5406644729 3.0282880742 0.1558820416 0.705648477 0.8167888511 
15 23 2.6861465072 3.1455543604 2.5055001556 1.5643285423 -0.5233297728 -0.0978890675 -0.2894709639 
16 23 2.6267469539 2.0163129473 2.6643658887 2.2191207239 -0.1291937525 0.1957883408 0.0661807906 
17 21 2.5509295423 2.2107726956 2.4089921473 1.887476687 0.5316689969 -0.0102374329 -0.227019587 
18 21 2.5797751319 2.6524666877 1.9094490101 2.0933240333 0.2695860681 0.368920048 -0.3953822207 
19 20 2.5019731312 2.2370623136 2.2431794217 1.7796278137 -0.2267777397 0.4098303438 -0.0323789759 
20 20 2.4917322338 2.4665433857 2.0717136303 1.6704725089 -0.3071192453 -0.4858033626 0.2203831711 
21 17 2.3934979143 1.9542141741 2.5033833476 1.2712347439 -0.0436256356 0.2193017273 -0.0944806902 
22 16 2.3266653264 1.7020988984 2.2841681404 1.4271045024 0.2890875753 -0.2633081058 -0.3345938569 
23 15 2.2498593763 1.5547268191 1.9226088531 1.5845315411 -0.3289163632 0.3064419353 -0.309921681 
24 15 2.2671592929 1.4924883704 1.5973340462 2.0501888427 -0.0556582013 0.1052115095 -0.5602349849 
25 15 2.2339111572 1.4637015136 2.2059363595 1.3207211854 0.2018158009 -1.6238154096e-04 -0.2151368773 
26 14 2.1813607161 1.3248948135 1.6484370444 1.7850027159 -0.0164020905 -0.0125441053 -0.3640000277 
27 14 2.1861526768 1.8476236751 1.4675953942 1.4640444571 -0.2006495876 0.3018607569 -0.1427258081 
28 14 2.1808674851 1.7247615415 1.5149161376 1.5165053084 -0.2221205225 -0.2905854753 0.1891406156 
29 13 2.061302432 1.3712424044 1.4450619288 1.4326633829 -0.0287120677 -0.0045983503 0.0026052276 
30 13 2.0822928073 1.4708758632 1.3899367788 1.4751306934 0.0076822365 -0.0279484468 0.0286721368 
31 12 2.0619803858 1.5649445705 1.1434044211 1.5434141198 -0.1075337995 0.0235236314 -0.0105719924 
32 12 2.0406397213 1.4928049144 1.4805700965 1.1908354614 -0.0078485829 -0.1007745774 -0.1564266557 
33 11 2.0961724947 1.4813721507 2.0508166032 0.8617503736 -0.1460490675 0.0392783039 -0.0384142132 
34 11 2.0333826987 1.4153700538 1.7352296841 0.9840454614 -0.0437010957 -0.0261567316 0.1721764167 
35 10 1.9654106804 1.4834369169 0.7690953094 1.6103069163 -0.2066251837 -0.017209167 0.0771549574 
36 10 1.9926644323 1.5284889124 1.0363559243 1.4058667032 -0.3328288992 -0.1450772957 -0.3466536219 
37 9 1.889323743 0.9031397484 1.3581162944 1.3082881629 -0.0947396057 -0.048011751 -0.0460062384 
38 8 1.8085898017 1.0021924248 0.9363654164 1.3324392296 0.1362653072 0.2330629922 0.1921891064 
39 7 1.7199340089 1.2724979753 0.4642959089 1.2213791106 -0.1294322258 -0.018262619 -0.0577969851 
40 7 1.7677729072 1.2983798717 0.6738155485 1.1528256312 -0.1041794105 -0.0239220283 -0.373464262 
41 6 1.5727241689 0.8000058188 0.7989593596 0.8744961332 -0.0103438192 0.012725207 -0.0137671401 
42 5 1.5345285826 1.2813822326 0.4905968362 0.582798902 0.087862477 0.191947395 0.0289018344 
43 4 1.4338751708 0.5808867558 0.6798240397 0.7952872098 0.0834548111 0.0817246811 -0.025707779 
44 3 1.369991868 0.4177639845 0.4254459286 1.0336678052 -0.3389342376 0.2105623903 0.2027519954 
