# Cluster list (38 data points):
# "Cluster Identifier" "Cluster Size" "Radius of Gyration" "Gyration Tensor.XX" "Gyration Tensor.YY" "Gyration Tensor.ZZ" "Gyration Tensor.XY" "Gyration Tensor.XZ" "Gyration Tensor.YZ"
1 76 4.120563863 5.8636552991 5.5155586204 5.5998326295 2.1171013957 -1.9095499104 -1.5703722795 
2 74 3.9109341627 6.3971739038 4.1848678196 4.7133643013 0.4200958474 0.6525618663 0.8745463951 
3 70 3.9308435935 4.1183417187 6.7800788681 4.5531107695 -0.022281732 -0.4285184755 2.0333210792 
4 58 3.5552491749 5.0381752476 3.6934922991 3.9081291486 0.2378348278 -0.2196467559 0.0155690009 
5 53 3.4661947473 4.1094415345 3.8452926679 4.0597718241 0.1362206715 0.1038562938 0.4906925205 
6 47 3.345967921 3.6965995948 4.5021735803 2.9967281534 0.5956658639 0.2968367266 -0.1636861264 
7 43 3.3112365432 4.7775752281 3.5593871834 2.6273250332 0.9170485847 0.1165541971 0.3788665248 
8 43 3.3451552272 4.0564117941 4.4667556407 2.6668960591 -1.6173037982 -0.1632575326 0.361750999 
9 39 3.1354356478 3.0664584271 3.7186519174 3.0458463569 0.6072958638 -0.3444601095 -0.558558458 
10 36 3.1017596219 2.6633513537 3.8311700043 3.1263913943 -0.165210818 0.4043444608 -1.0327279897 
11 31 2.9165038639 2.5293487929 2.4913269884 3.4853190065 -0.6056615824 -0.1687773984 -0.1461069476 
12 31 3.0008353761 3.9652880337 2.0330896591 3.0066352615 0.0860373897 -1.1436796196 0.0378149718 
13 31 2.9436639056 3.5024064902 2.1877588498 2.9749918495 0.3577115721 -0.2768996708 0.1231173733 
14 28 2.8086092687 2.7423924756 2.115951353 3.0299421955 0.4599074141 0.4319356492 0.2250148635 
15 27 2.817420505 2.4183898032 1.9938168106 3.5256516883 -0.2391753234 -0.8367964518 -0.0625816236 
16 23 2.6104660151 2.1672660583 2.6461926086 2.0010741488 -0.0152422354 0.1696531307 0.1032772027 
17 21 2.5841187373 2.3706006255 1.9450866927 2.3619823302 0.6195820353 -0.0450916785 0.2036905453 
18 20 2.4938912581 1.7518554512 2.5229181082 1.9447200477 -0.1057049402 -0.3086635763 -0.0035820048 
19 20 2.4931495249 2.6946252698 2.1134036279 1.407765656 -0.4134635885 -0.0034509403 0.0570035499 
20 18 2.4670095989 1.5583570114 1.9366647739 2.5911145757 0.5437141438 0.2860886995 0.1491145279 
21 17 2.4039387906 2.259730582 2.0152638062 1.5039273207 0.4723542981 -0.0395877894 0.4555083786 
22 16 2.324054098 1.7001956644 2.0015676183 1.6994641678 -0.5477781052 0.2389781704 -0.1899782969 
23 15 2.2639385712 1.5630901198 1.9761408422 1.5861868923 -0.3777725534 -0.1345749988 0.3917657995 
24 15 2.2546356442 2.0837493668 1.6554615775 1.3441709439 0.5684187536 0.0619097624 -0.0735619411 
25 14 2.1717666173 1.4215486752 1.6278834297 1.6671381352 -0.1407707446 -0.1603390968 0.293369057 
26 14 2.1939562953 1.521433147 1.3665570914 1.9254539872 0.001529977 0.2876876951 0.0047456818 
27 14 2.1583569029 1.6419666023 1.6122824563 1.4042554617 -0.2939690789 0.2086894664 -0.1689593926 
28 13 2.0618072386 1.3944710663 1.4330497575 1.4235282654 -0.0014957436 -0.0187769428 -0.0114281273 
29 13 2.0775324037 1.4414722906 1.3687402471 1.5059283506 0.0452080793 0.0198292143 0.0246810394 
30 12 2.0722487309 1.5197948554 1.1824071571 1.5920127901 -0.1252689447 0.0225263752 -0.0555282463 
31 12 2.0568213276 1.2769102183 1.4417654295 1.5118383261 0.1275599332 -0.1210815552 0.0708683718 
32 11 2.0293119459 1.2529168417 1.6427665216 1.2224236106 -0.1186528697 -0.1880471427 -0.0756939367 
33 11 2.0307492407 1.4748755348 1.5430621649 1.1060047788 -0.2228367489 -0.1976820919 -0.2006987263 
34 9 1.9181625571 1.4133325505 1.3492693005 0.9167457445 -0.0014706604 -0.053514851 0.2771342752 
35 7 1.7380961099 1.2921265293 0.7480437528 0.980807805 -0.0930925507 -0.0579864623 -0.3817098204 
36 7 1.7425058441 1.1950627931 0.5751315937 1.2661322298 -0.2757547823 -0.0673351667 -0.1765501428 
37 6 1.5771447659 0.8049219584 0.8414514826 0.8410121715 -0.0246464131 -0.0418794679 0.0509224144 
38 5 1.5699219124 1.0324574951 0.9004532654 0.5317440507 0.4076214046 -0.1393712444 -0.0983456683 
