# Cluster list (47 data points):
# "Cluster Identifier" "Cluster Size" "Radius of Gyration" "Gyration Tensor.XX" "Gyration Tensor.YY" "Gyration Tensor.ZZ" "Gyration Tensor.XY" "Gyration Tensor.XZ" "Gyration Tensor.YZ"
1 76 4.1181372145 7.6328353837 3.89789391 5.4283248239 1.3623216568 -2.2473095624 -0.7761593898 
2 58 5.5170266099 17.7826087466 5.6436817858 7.011292082 -6.8199596514 -7.6426250357 3.7420953217 
3 53 3.4824352841 3.8855366429 4.1971120372 4.0447068276 0.0439334605 -0.1402628413 0.5856245941 
4 53 3.4837921216 4.6354062742 3.3899575808 4.1114436916 -0.4598685753 -0.6439879002 0.3880930515 
5 47 3.403655447 4.4711420561 3.7841659206 3.3295624252 0.7401215968 0.9838403878 0.5032259793 
6 40 3.1735677847 2.8582071571 3.7455028466 3.4678224802 0.3185895258 -0.6411479325 -0.3129966383 
7 39 3.1333979624 3.0492132269 3.9864380976 2.7825314665 -0.6535369216 0.163719066 -0.3069759373 
8 36 3.0981642179 3.2530884362 2.7790331262 3.5664999587 0.5900074305 -0.6041501207 -0.7932875247 
9 33 3.010879158 3.0437915618 3.3307159355 2.6908858069 -0.7192870216 0.5882970899 -0.3981449061 
10 31 2.9118611474 2.3388196324 2.6833793037 3.4567364054 0.5443740423 0.1845674595 -0.2051335103 
11 31 2.888790306 2.5867198786 3.5090020408 2.2493875125 -0.3307442039 0.0952493783 -0.161068142 
12 28 2.8204192979 2.0873757988 2.5018712448 3.3655179721 0.0489968927 -0.5855167207 0.1091006175 
13 27 2.8246980029 2.8216418036 3.3291077907 1.8281692135 0.8585183241 0.1727853055 0.2006830566 
14 23 2.6813406004 3.2411635561 2.5115777717 1.4368460876 -0.2292879813 0.0534701356 -0.1013130406 
15 23 2.6094457492 2.1131179719 2.645459525 2.0506296209 -0.1407444372 0.1559111148 0.0943114461 
16 22 2.5925503212 2.6742274023 2.0707111209 1.9763786445 0.0038238453 -0.1220749914 0.1417784028 
17 21 2.5434858366 2.2147091564 2.4716707335 1.782940311 0.5220108718 -0.4090958483 0.0957058771 
18 21 2.5595133911 1.7363020491 2.887507213 1.9272995369 -0.2357485823 0.0304238855 0.0986298502 
19 21 2.5928442633 2.6957972589 2.4237497133 1.6032944015 0.2049253566 -0.0469177438 -0.1577295317 
20 20 2.8272036076 3.1627128226 1.5424001846 3.2879672315 -0.8432691651 1.4952012553 -0.6948529542 
21 20 2.4839777901 2.2245835853 1.8910155298 2.0545465467 -0.0264559232 0.6679506916 -0.2720750182 
22 17 2.4149451549 2.2146891558 2.0320331531 1.5852377924 -0.1141718617 0.6214717343 -0.2223377191 
23 16 2.299580434 1.50353341 1.9891765235 1.795360239 0.1278032497 -0.0259081013 -0.2577710613 
24 15 2.2559067997 1.7798849632 1.5719445879 1.7372859377 -0.2586747312 0.5515003854 -0.2412936924 
25 15 2.2616042376 1.3285310148 1.3159797821 2.4703429306 -0.085312103 -0.0153205785 0.1175602183 
26 15 2.2379985817 1.6488795597 2.0194559196 1.3403021722 0.4033647803 -0.0788038799 -0.2267720951 
27 14 2.1763761816 1.8650638548 1.5239531944 1.3475962348 0.3316925163 0.0474091187 0.1019038287 
28 14 2.1658107706 1.6471190956 1.5508720903 1.4927451084 0.231626311 0.2445288319 0.1779013218 
29 14 2.1809807737 1.8549199018 1.5547025599 1.3470546736 -0.3845189415 -0.152662386 0.0962929864 
30 13 2.0698303441 1.4268537752 1.4378778854 1.4194659926 -0.0459387565 -0.0317262579 -0.0047913117 
31 13 2.0746937845 1.4508405026 1.4359472459 1.4175665511 -0.0065981415 0.0152690098 -0.0335138082 
32 12 2.0732558532 1.5606935254 1.3841172288 1.3535790787 0.03920752 -0.0589864471 0.1282364346 
33 12 2.0661996842 1.2133503123 1.5558652793 1.4999655433 0.0671835707 0.057998468 -2.4526214045e-05 
34 11 2.0901297701 1.4290886535 1.3068692555 1.632684547 -0.5020249005 0.1603447738 -0.2265097459 
35 11 2.0385160598 1.2928269259 1.3091981863 1.5535226136 -0.0964248113 0.3050026728 0.2403541915 
36 10 1.9994595576 1.6137359683 1.3028291398 1.0812734142 0.0821475734 -0.1518461644 0.4692583893 
37 10 1.9935414276 1.4859991483 1.5102737902 0.9779344849 0.1446086586 -0.2997923756 0.3200445943 
38 9 1.9221061156 1.2477493638 1.1311902588 1.3155522971 -0.374013273 -0.0025400941 0.5257974798 
39 9 1.9242773448 1.1280533742 1.1450523628 1.4297375628 -0.2299018171 -0.0012074544 -0.0823215734 
40 8 1.824472156 1.2911176651 0.9067365185 1.1308444642 0.2004425532 -0.4046455624 -0.1194156615 
41 7 1.7184385415 0.8005790776 0.9362610933 1.2161908499 0.3886705223 0.1821218461 -0.1310379912 
42 7 1.7289703909 0.6184597742 1.1216431099 1.2492357285 -0.3366418964 -0.0833509937 -0.0564126223 
43 7 1.7401203575 0.8944947929 1.3489524166 0.784571649 -0.0107745329 0.4349423403 -0.0326860156 
44 6 1.5778867292 0.8553511439 0.8292124302 0.8051629562 -0.0272455119 -0.0664305368 -0.0540092101 
45 5 1.549037361 1.1708265973 0.5958863281 0.6328038205 -0.1720226353 0.2573444604 -0.0777616862 
46 4 1.4037807804 0.6579411911 0.658149418 0.6545098704 -0.0034707061 0.0286365985 0.0366036548 
47 3 1.3332862345 0.958638923 0.6477524621 0.1712607981 -0.0163388834 0.1045259102 -0.3235075101 
