# Cluster list (94 data points):
# "Cluster Identifier" "Cluster Size" "Radius of Gyration" "Gyration Tensor.XX" "Gyration Tensor.YY" "Gyration Tensor.ZZ" "Gyration Tensor.XY" "Gyration Tensor.XZ" "Gyration Tensor.YZ"
1 53 3.5295725914 4.4900550503 3.2900367719 4.6777908561 -0.320624657 -0.881954683 0.2797036034 
2 40 3.1654790688 3.9909317202 2.9484882203 3.0808377947 -0.309214011 0.3062351032 -0.0233458823 
3 38 3.1723715326 2.8031653112 2.834476608 4.4262992215 -0.0823528283 -0.1292891975 0.6331286733 
4 37 3.0704821812 3.5252377679 2.7782469768 3.12437608 0.304775906 -0.5292833422 0.0433937446 
5 35 3.1252675692 2.5888751697 2.3867470573 4.7916751524 0.2793505553 -0.2399002787 -0.3581559033 
6 32 3.7797984816 2.6662662959 3.7401261723 7.8804840932 -1.3117209038 2.5705530364 -3.1813670614 
7 31 2.9010813896 2.5828929688 3.2957011502 2.5376791101 -0.2399605807 -0.0209889907 -0.2682266547 
8 28 2.9765845799 3.6472417641 2.9505806722 2.2622333251 -1.0485745045 -0.1250163934 -0.5190298422 
9 27 2.8337385587 2.5404396999 2.8662886472 2.6233458721 0.2037171085 -0.2154338249 0.6860749718 
10 23 2.6198306496 2.4333058362 2.4044316656 2.0257751306 -0.3105502503 -0.0424303952 -0.2493300236 
11 23 2.6286695926 2.2406688059 2.3068049875 2.3624300338 0.2585839779 -0.3841585049 -0.0245531078 
12 21 2.5875052627 1.8458221081 2.7641862949 2.0851750815 -0.5007002908 -0.0230657868 -0.4512037333 
13 21 2.6253532811 2.9136989699 1.9793214316 1.9994594489 -0.0548120845 -0.446519974 0.3227249237 
14 21 2.5890232799 1.7931363568 2.3171004547 2.5928047323 -0.3925490748 -0.0331838651 0.137731214 
15 21 2.5636784246 2.3309753284 2.2001704215 2.0413013148 0.6174696993 0.1418157876 0.2028410594 
16 20 2.4907396387 2.099645499 2.2478199615 1.8563184874 -0.2841951304 -0.5147605233 0.359659811 
17 20 2.4920795198 2.6291366632 1.914491554 1.6668321159 -0.0908341425 -0.4627779252 -0.1019087825 
18 20 2.5598929963 2.4785735102 1.5224824439 2.5519961984 0.2592815992 0.9789326882 0.2660804943 
19 20 2.5703810847 1.7283223244 2.3874444058 2.4910921904 -0.0866322831 -0.0505613868 -0.3282375374 
20 20 2.5490455692 1.8172734481 2.7566695178 1.923690348 -0.213826334 0.4445026666 0.277843076 
21 20 2.5532932816 2.5465939938 1.8198801253 2.1528324629 -0.2820768088 0.2328958044 -0.4755092525 
22 17 2.379532333 1.6514475687 2.4083330041 1.602393551 -0.1956862538 -0.192587921 0.2085727179 
23 17 2.4064896381 1.8547422345 2.2252205954 1.7112295482 -0.0273403022 0.4237289725 -0.4506745851 
24 16 2.4773697169 1.0345797835 2.0376642317 3.0651166991 0.1030563928 0.0700051971 0.1681498586 
25 14 2.1947712565 1.4674587751 1.7458116251 1.6037504681 -0.1851104608 -0.0063610968 0.1299631307 
26 14 2.173954132 1.3446625293 1.5158418311 1.8655722075 0.0057668777 -0.0180822698 -0.2678970231 
27 14 2.1926258417 1.4975813542 1.8141389176 1.4958878099 -0.2871868619 0.1423425175 -0.1792377792 
28 14 2.1817862237 2.0016805063 1.4168177941 1.3416928257 0.1733027345 0.0180651104 -0.0671635424 
29 14 2.2365593576 1.6789157081 1.948128037 1.3751540148 0.4360838608 -0.0420907223 -0.0843700698 
30 13 2.1818975519 1.5264746285 1.6632437431 1.5709585552 0.2244201984 0.1399207917 0.116448445 
31 13 2.0992296379 1.5336574284 1.4261875242 1.4469201201 0.0170585824 -0.0411258614 -0.0273139713 
32 13 2.073012059 1.4485417033 1.382737211 1.4661000825 -0.0017066584 -0.0040477682 0.0170402423 
33 12 2.0708356299 1.5691835681 1.2097161846 1.5094604535 0.0815411452 -0.0222991375 0.1502143333 
34 11 2.0494867813 1.3789781436 1.1935479214 1.6278700017 0.2032093492 0.1495389513 -0.300757162 
35 11 2.0435897218 1.5756188953 1.5240622744 1.0765777812 0.0804864206 -0.2377457957 -0.0579682381 
36 10 1.9920095143 1.3360221794 0.9600762232 1.6720035023 0.4161345306 -0.0704092175 0.0849431633 
37 10 2.0225465715 1.4894517975 1.4891210288 1.1121218077 0.134360282 -0.1406656185 0.2142629723 
38 10 2.2965554525 0.9075739336 1.8801082691 2.4864847437 -0.1574061021 0.146047311 -1.3603063744 
39 10 2.0037771986 1.4959516149 1.0474257144 1.4717457322 0.3563512081 0.1823264436 -0.2609882183 
40 9 1.8886457391 1.2866206172 1.4062005497 0.8741615609 -0.0433456189 0.096903714 0.1833434824 
41 9 1.9206160241 0.9804512512 1.5385723037 1.1697423571 -0.1722067094 0.198511142 0.1120449468 
42 9 1.8989459649 1.0289301712 1.3610388702 1.2160267364 -0.205327088 0.20484483 0.098818711 
43 8 1.8142032437 1.2547844103 1.0218221357 1.0147268635 -0.1049472981 -0.3109849724 0.0642890563 
44 8 1.8101177495 1.4602718978 0.9693862251 0.8468681442 -0.1977867784 -0.1509997609 0.0581845723 
45 8 1.8429679517 1.4021625777 0.9184138123 1.075954481 0.1068965368 -0.3130387122 -0.052782287 
46 7 1.7291499038 1.052918687 1.0952308448 0.841809858 0.2557178516 -0.3521729659 0.3042342201 
47 7 1.7441974637 0.9688904917 1.0196844962 1.0536498045 0.2420033462 0.3221498132 -0.2883390762 
48 7 1.7549336892 0.5398502154 1.1769158558 1.3630261822 -0.2713504587 -0.1568296311 -0.0809291484 
49 7 1.7768283778 0.9868064551 1.3256464006 0.8446662283 -0.3897520444 -0.0756590385 0.2788900965 
50 7 1.7694848436 0.9175304385 0.95161582 1.2619303534 -0.1709289939 -0.2603481827 0.3509749514 
51 7 1.7345960617 0.8011553423 0.8585517514 1.3491164036 -0.4183022429 -0.1198584005 -0.0877065547 
52 7 1.7303096734 1.2162016908 0.5686253073 1.2091445678 0.1019351337 -0.0058478046 0.3418674524 
53 7 1.7083969993 0.7697758766 1.2424383795 0.9064060511 -0.1235231827 0.1608594549 -0.2291367904 
54 7 1.8040168042 1.355068742 1.2751502565 0.6242576313 -0.0023823943 0.1462908749 -0.250436109 
55 6 1.6122277007 0.8535997635 0.8682078562 0.877470539 -0.0356496176 0.0135383614 -0.0618871986 
56 6 1.6509977806 1.028722019 0.890888683 0.8061829695 -0.0269663197 0.0671099846 0.0188209032 
57 5 1.5206053967 0.8959203633 0.9155420244 0.5007783847 -0.3897160102 -0.0763990686 0.106949242 
58 4 1.3977864797 0.5689948542 0.7069987895 0.6778133992 -0.0161568978 -0.027845652 0.0754484809 
59 4 1.4051193455 0.7060210237 0.5902543156 0.6780850357 -1.1178510863e-04 -0.0571582423 -0.0286664148 
60 4 1.440837541 0.6687815909 0.6695761718 0.7376550569 0.0145560217 0.0089620157 -0.0609379006 
61 4 1.6053091169 1.0163329839 0.1299044827 1.4307798942 0.04956719 0.5086964337 0.2875677837 
62 3 1.3387304327 0.8973623538 0.2495031174 0.6453337003 0.198177296 0.1463549237 -0.3252507576 
63 3 1.2998204765 0.7560611018 0.1015456731 0.8319264963 0.2312171174 -0.0844864748 -0.1850907298 
64 3 1.2977321644 0.7557443023 0.630278712 0.2980857562 -0.0135607461 -0.0211348441 0.4333136316 
65 3 1.3433196843 0.2979113597 0.8608812487 0.6457151659 0.1887512663 0.3418325556 -0.2169036685 
66 2 1.1049545357 0.4128980674 0.7553938218 0.0526326368 -0.5584806614 -0.147417482 0.1993950066 
67 2 1.153103364 0.2223683852 0.0682725025 1.0390064804 -0.1232138228 -0.4806684858 0.2663373284 
68 2 1.1941643677 0.7456678651 0.1264244852 0.5539361869 -0.3070353009 0.6426915386 -0.2646338929 
69 2 1.1344832883 0.460273844 0.5105953577 0.3161831296 0.4847821037 0.3814850252 0.4017980066 
70 2 1.1372326805 0.0047958415 0.86385964 0.4246426882 0.0643656266 0.0451278075 0.6056663105 
71 2 1.1756290977 0.1491135737 0.8762501906 0.3567400112 0.361470327 -0.2306399314 -0.5591006195 
72 2 1.1591785497 0.8994553634 0.0015908548 0.4426486919 0.0378272767 0.6309855308 0.0265365745 
73 2 1.1223713322 0.1435879693 0.3032969567 0.8128324814 -0.2086858743 0.3416327932 -0.49651749 
74 1 0.0 0.0 0.0 0.0 0.0 0.0 0.0 
75 1 0.0 0.0 0.0 0.0 0.0 0.0 0.0 
76 1 0.0 0.0 0.0 0.0 0.0 0.0 0.0 
77 1 0.0 0.0 0.0 0.0 0.0 0.0 0.0 
78 1 0.0 0.0 0.0 0.0 0.0 0.0 0.0 
79 1 0.0 0.0 0.0 0.0 0.0 0.0 0.0 
80 1 0.0 0.0 0.0 0.0 0.0 0.0 0.0 
81 1 0.0 0.0 0.0 0.0 0.0 0.0 0.0 
82 1 0.0 0.0 0.0 0.0 0.0 0.0 0.0 
83 1 0.0 0.0 0.0 0.0 0.0 0.0 0.0 
84 1 0.0 0.0 0.0 0.0 0.0 0.0 0.0 
85 1 0.0 0.0 0.0 0.0 0.0 0.0 0.0 
86 1 0.0 0.0 0.0 0.0 0.0 0.0 0.0 
87 1 0.0 0.0 0.0 0.0 0.0 0.0 0.0 
88 1 0.0 0.0 0.0 0.0 0.0 0.0 0.0 
89 1 0.0 0.0 0.0 0.0 0.0 0.0 0.0 
90 1 0.0 0.0 0.0 0.0 0.0 0.0 0.0 
91 1 0.0 0.0 0.0 0.0 0.0 0.0 0.0 
92 1 0.0 0.0 0.0 0.0 0.0 0.0 0.0 
93 1 0.0 0.0 0.0 0.0 0.0 0.0 0.0 
94 1 0.0 0.0 0.0 0.0 0.0 0.0 0.0 
