# Cluster list (71 data points):
# "Cluster Identifier" "Cluster Size" "Radius of Gyration" "Gyration Tensor.XX" "Gyration Tensor.YY" "Gyration Tensor.ZZ" "Gyration Tensor.XY" "Gyration Tensor.XZ" "Gyration Tensor.YZ"
1 53 3.4831162916 4.3943034213 3.4868971461 4.2508985334 -0.499242732 -0.885755208 0.1182291406 
2 40 3.1734233388 4.232411162 2.8440239277 2.9941805976 -0.1308208049 0.0085661275 0.023219816 
3 39 3.1753610329 2.6032355268 3.387759621 4.0919225415 -0.0636695506 -0.0251624869 0.9347186015 
4 37 3.0782335634 3.4454262602 3.0336574053 2.9964382051 0.6059092475 -0.2998133369 -0.0546093616 
5 35 3.0396332673 2.7875333034 2.3341916703 4.1176454258 -0.1253221501 0.085415663 -0.1882548709 
6 33 3.0171725223 4.1417286876 2.7569792311 2.2046221106 -0.5062982539 0.0462968152 -0.0199839221 
7 32 3.1764923466 2.6241295361 2.2617508373 5.2042232548 -0.2855497884 1.4679022132 -0.9020957359 
8 31 2.9096747158 3.4344437225 2.483194242 2.5485689874 -0.243006385 0.5103824729 -0.2149230978 
9 28 2.8025178697 2.4205351651 2.930464121 2.5031071237 0.0597207347 0.1144026059 -0.1356422062 
10 28 2.8291745433 2.4821044099 2.2776420005 3.2444821861 0.2186989274 -0.2613658423 0.5195546586 
11 27 3.9914158145 5.6841992462 8.8302507254 1.4169502325 5.3755164958 -0.6048499477 -0.6174468163 
12 23 2.6036840767 2.321294042 2.4547394978 2.0031372316 -0.2232693791 -0.0190610797 -0.1855287854 
13 23 2.6175436645 2.4327358577 2.1885647499 2.2302342282 0.2710187912 -0.2393820441 0.1146559162 
14 23 2.7816608706 3.6557289414 2.633844436 1.4480638217 1.1077676824 -0.4783776086 -0.0649724385 
15 22 2.587878285 2.6658739441 1.8669647049 2.1642753688 -0.1426578929 -0.1934206694 0.0896742587 
16 22 2.5917457725 1.587886907 2.6721478914 2.4571113511 -0.0495923696 -0.3964219284 -0.2243940465 
17 21 2.5486897107 1.5175976832 2.8024424197 2.1757791384 0.1487796172 -0.1403824555 0.2328555503 
18 21 2.5751519433 1.602763305 2.328887585 2.6997566412 -0.3634379002 0.0043950341 0.1698461717 
19 21 2.5371180398 2.1204945797 2.0324295988 2.2840437694 0.4779156672 -0.2601209126 -0.3550250879 
20 20 2.4955145605 2.0434936387 2.568220505 1.6158787782 -0.5054759038 -0.2607058467 -0.0159237462 
21 20 2.5436443655 2.906769382 1.5246671367 2.0386901395 0.4178952082 0.7880636471 0.1452069018 
22 20 2.4897905686 2.4043590726 1.5866257853 2.2080722174 0.1248909582 0.5374046355 -0.1863398915 
23 18 2.3994803342 1.6698230233 2.3853794346 1.7023034162 -0.0584305421 0.0565879171 -0.315995903 
24 18 2.463692132 2.1664865626 2.1938828159 1.709409543 -0.4149958777 -0.1926726927 0.2605456765 
25 17 2.3964341 2.1441733449 1.5092864096 2.089436641 -0.0868527507 0.2907714316 -0.553113234 
26 16 2.4270216941 1.3352680789 1.8074036487 2.7477625762 0.4729435769 0.4558656456 -0.432012292 
27 15 2.2530906174 1.3161904487 1.429997285 2.3302295964 -0.0487852106 -0.2147689131 0.1997080421 
28 14 2.188519212 1.3583853998 1.8328868534 1.5983440882 0.103878275 -0.0427103308 -0.380488884 
29 14 2.292199605 1.5557225003 2.166748371 1.5317081577 0.4813649998 0.3491839686 0.4868643954 
30 14 2.1805171742 1.3236511506 2.0951718885 1.3358321077 -0.0247202422 0.0149011103 0.0198598007 
31 14 2.4957313998 1.070980122 1.721653331 3.436041767 -0.5405045193 0.7123705317 -0.6318410991 
32 14 2.1784012466 1.3131577552 1.9579764423 1.4742977937 -0.0214254093 0.0126884394 -0.3092519077 
33 14 2.1972512523 1.6877423229 1.6615948856 1.4785758571 -0.2970711497 -0.2191977167 0.1773706527 
34 13 2.0577762529 1.3897432363 1.3944885271 1.4502113437 -0.0362629094 0.0034003667 0.0063282601 
35 13 2.0794250061 1.4120177156 1.4500057539 1.4619848866 -0.0049667298 -0.0235721667 -0.05943766 
36 12 2.0448508198 1.5583280531 1.3332805208 1.2898063015 0.0163059065 -0.0297451009 0.2039367741 
37 12 2.0592689627 1.5611444363 1.2863765569 1.3930676676 -0.0656296348 0.0695529052 0.1816948853 
38 11 2.0282220183 1.4440389336 1.7008606698 0.9687849522 -0.0025363881 0.0707137575 0.0946036537 
39 10 1.9836676177 1.5694187526 0.8381578132 1.5273606517 0.2551688393 -0.0843728268 0.1691718686 
40 10 2.0007902026 0.9209954902 1.6424533135 1.4397126309 0.1236047425 0.3959737354 -0.0547995826 
41 10 2.016329388 1.1087697098 1.5286644079 1.4281500835 -0.2820399327 -0.3655745349 -0.1072291224 
42 9 1.8883042887 1.3937188789 1.2703509269 0.9016232808 -0.0387864947 0.1109179913 0.1920912687 
43 9 1.9279623418 1.3652760997 1.0993791115 1.2523835802 -0.5291790299 -0.2148601697 -0.07782148 
44 9 2.2008880371 0.8141010391 2.0230317832 2.0067753295 0.2747068273 -0.3272891611 -1.0195541113 
45 8 1.8150829836 0.8287638259 0.9701126199 1.4956497916 0.05002749 0.1507102135 0.2548413483 
46 8 1.8192311434 0.9810229671 1.3129349575 1.0156440284 0.2792588397 -0.0973951366 -0.282860032 
47 8 1.8230932791 0.8740303188 0.8501101754 1.59952861 0.0895855488 -0.0969147359 0.04283633 
48 7 1.7192160913 0.7402290793 1.0955260337 1.1199488555 -0.3164590294 0.2788432373 0.1614642091 
49 7 1.7459932349 1.0421011556 0.7337297314 1.2726614893 -0.4170189993 0.0240693906 -0.0039506347 
50 7 1.7483905286 0.9375064701 1.2079637337 0.9113992368 -0.2638308545 0.4148468996 0.2351182917 
51 6 1.6117340245 0.9022048674 0.8621324325 0.8333492657 0.0395131432 -0.043419117 0.0216094025 
52 6 1.6083619856 0.8840156125 0.8500886961 0.8527239681 -0.0377923717 0.0364566404 -0.0084557389 
53 4 1.3998167771 0.6803917461 0.6668122948 0.6122829687 -0.0240687656 -0.0476272589 -0.0523430164 
54 4 1.4000676962 0.7194054885 0.5700064264 0.6707776391 -0.0401878965 -0.0241458668 -0.0308202262 
55 4 1.3773163147 0.6113515223 0.7009377788 0.5847109297 0.0254370412 -0.0221460919 0.038250673 
56 3 1.3047623167 0.7926615384 0.7858943404 0.1238488243 -0.0746063076 -0.1725677385 -0.2429889624 
57 3 1.2625105395 0.5547591791 0.6671151558 0.3720585275 0.1695009177 -0.3146201898 0.2490441281 
58 3 1.3243438056 0.1286795247 0.7775003028 0.8477066878 -0.3149021789 0.0011088806 -0.0790680425 
59 2 1.1529631087 0.2056845533 0.9466205324 0.1770188443 0.441254146 0.1908141555 0.4093527485 
60 2 1.1491937539 0.0739390415 1.2193595367 0.0273477059 0.3002636764 0.0449673566 0.1826107499 
61 2 1.1063436052 0.6947634321 0.0886349005 0.4405978401 -0.2481537581 0.5532732305 -0.1976166635 
62 2 1.2465793838 0.0499255097 0.665501164 0.8385334864 -0.1822785912 -0.2046074576 0.7470241035 
63 1 0.0 0.0 0.0 0.0 0.0 0.0 0.0 
64 1 0.0 0.0 0.0 0.0 0.0 0.0 0.0 
65 1 0.0 0.0 0.0 0.0 0.0 0.0 0.0 
66 1 0.0 0.0 0.0 0.0 0.0 0.0 0.0 
67 1 0.0 0.0 0.0 0.0 0.0 0.0 0.0 
68 1 0.0 0.0 0.0 0.0 0.0 0.0 0.0 
69 1 0.0 0.0 0.0 0.0 0.0 0.0 0.0 
70 1 0.0 0.0 0.0 0.0 0.0 0.0 0.0 
71 1 0.0 0.0 0.0 0.0 0.0 0.0 0.0 
