# Cluster list (43 data points):
# "Cluster Identifier" "Cluster Size" "Radius of Gyration" "Gyration Tensor.XX" "Gyration Tensor.YY" "Gyration Tensor.ZZ" "Gyration Tensor.XY" "Gyration Tensor.XZ" "Gyration Tensor.YZ"
1 76 4.0999653714 7.8265815359 4.2951234272 4.6880110837 1.699715622 -1.7594763868 -0.5928518251 
2 74 3.9256457309 6.0111177029 5.4799984975 3.9195782038 0.9299131107 0.1230604938 0.8152766959 
3 58 3.5820125228 5.1945031999 3.7334504569 3.9028600569 0.0105410159 -0.3417357808 0.0325628392 
4 53 3.4585456811 4.0740874024 4.024711897 3.8627389289 0.3683691383 -0.1206754968 0.3360774987 
5 47 3.3892783747 2.8756774644 3.9813726208 4.6301578162 0.7220748606 -0.2829151067 0.590916313 
6 47 3.3444574988 4.1549341733 3.7116806752 3.3187811126 0.2857574097 0.8592217503 0.184076476 
7 39 3.1439841556 2.6757052709 4.4592810756 2.7496500243 -0.0448032215 -0.0156107931 -0.2268837023 
8 36 3.1001437839 2.8342366545 4.1710856327 2.6055691936 0.7349608021 -0.0355666974 -0.6239363574 
9 33 3.0098117679 2.5739258092 4.0257949011 2.459246168 -0.5909361488 0.2680345956 -0.3135989425 
10 31 2.9168460906 2.3257873582 3.1101419877 3.0720617701 0.3035363345 -0.641902569 0.103140653 
11 31 2.9365349251 3.7415164213 2.3061220915 2.5755988534 -0.0200225219 0.0111105162 0.4085305651 
12 31 2.9016574634 2.9268865921 2.526037737 2.9666917056 -0.2271002666 0.5815764614 -0.4171433764 
13 28 2.8198622725 1.975280511 2.6050248589 3.3713178657 -0.2252517094 -0.052124386 0.2659390998 
14 27 2.8173701237 1.9757659669 2.8717891968 3.0900192503 0.1398096772 0.5188375378 0.8461053794 
15 23 2.6678030974 2.8614816941 2.7243147497 1.5313769228 -0.3507911258 -0.3727929442 0.2282227294 
16 23 2.6110367624 1.9987332285 2.5817957871 2.2369839588 -0.1839276135 0.1160026673 -0.0025544802 
17 21 2.5639713496 2.6297062912 1.9446123019 1.9996304886 0.4198874828 -0.2115087173 -0.1851051644 
18 21 2.5679702409 2.6331631369 2.1565819087 1.8047261128 0.3018041151 0.3356394429 -0.3437327089 
19 20 2.4854241592 1.7756927107 2.273047402 2.1285931386 -0.1239488598 0.3992641694 -0.1574429662 
20 20 2.4899895224 2.3657367425 2.3748972067 1.4594138727 -0.5246946275 0.1293900616 0.1530170811 
21 18 2.5120911051 2.4320771527 1.8777170095 2.0008075581 -0.3092837263 0.221588141 -0.7123963426 
22 17 2.3800035971 1.9137336075 2.5394809996 1.2112025151 0.0570829837 0.0694347609 0.1459931221 
23 16 2.3056167898 1.9413217797 2.0833070387 1.2912399628 0.4244553227 0.0019942378 0.2105436102 
24 15 2.2609617241 1.3076072131 2.2761395087 1.5282011959 -0.0616440306 0.0884072935 -0.2685125772 
25 15 2.2440395594 1.5235422569 2.1750288752 1.3371424123 0.2989814007 0.1218434394 0.2281937655 
26 14 2.1855939768 2.0817663369 1.3351832031 1.3598714912 -0.0988208247 -0.0477431238 0.010003732 
27 14 2.1752181301 1.5210921089 1.3699498372 1.8405319676 -0.1038470332 0.3218038558 -0.1468530061 
28 14 2.1577018294 1.3304939533 1.5577076207 1.7674756108 -0.0270928217 -0.0086383686 -0.2979545169 
29 13 2.0850050087 1.3872753727 1.4831513082 1.4768192054 0.0237445931 -0.0195009165 0.0026165692 
30 13 2.0552466948 1.4092920836 1.4013243838 1.4134225091 0.0199347576 0.0176929455 0.0135263351 
31 12 2.0562696041 1.505812121 1.2127612685 1.5096712953 0.01867289 -0.0139343547 -0.1594788665 
32 12 2.0629068105 1.5299127087 1.5745188525 1.1511529478 0.0123369368 -0.0908246022 -0.0585562547 
33 11 2.0378123569 1.2323245521 1.6502145915 1.2701400584 -0.0221326094 -0.2110169869 0.0517012712 
34 11 2.0828799426 1.4899292958 1.8550154078 0.9934441516 -0.2488203778 0.2529121496 -0.1099642555 
35 10 1.9748939337 1.4390872519 0.8906357919 1.5704830056 0.35717383 0.0101812123 -0.0131216678 
36 10 1.9930351455 1.67380883 0.7164016626 1.5819785984 -0.0537461531 0.0490340088 0.1059745078 
37 9 1.8832295691 1.2923241012 1.0635912463 1.1906382624 0.1323333506 0.095932624 -0.2171968605 
38 8 1.8096184776 1.0896958511 0.9562796615 1.2287435217 -0.1208693585 0.2878111016 -0.2304897211 
39 7 1.7377551269 0.615545229 1.323201553 1.0810460992 -0.1874179733 -0.3820813304 -0.0670815338 
40 7 1.7108585147 1.0734574412 1.179272519 0.6743068973 -0.1102388444 -0.3273700085 -0.2200513658 
41 6 1.6123738203 0.9128992992 0.839998215 0.8468518222 -0.013672418 0.012213864 -0.0149984806 
42 5 1.5539571014 0.6831252236 1.1738318442 0.5578256051 0.3516074913 -0.0547089236 -0.1318074406 
43 4 1.382670399 0.6883439293 0.5428863222 0.6805471808 0.0166894821 -0.0055530521 0.0050113204 
