# Cluster list (49 data points):
# "Cluster Identifier" "Cluster Size" "Radius of Gyration" "Gyration Tensor.XX" "Gyration Tensor.YY" "Gyration Tensor.ZZ" "Gyration Tensor.XY" "Gyration Tensor.XZ" "Gyration Tensor.YZ"
1 76 4.1501632097 8.4819844369 3.4310261914 5.3108440385 0.9313132237 -2.2678884896 -0.3846607866 
2 53 3.4835847123 3.8557131616 4.0393789254 4.2402703605 0.3582205756 0.0445074263 0.5103119205 
3 53 3.4786960653 4.819523991 3.3600627463 3.9217395772 -0.5014039357 -0.5716348089 0.4010160908 
4 47 3.4371900722 3.1399846463 5.35342034 3.3208706064 0.8498876001 0.6629921726 0.8063349591 
5 40 3.1796536763 4.1193026353 2.8661272368 3.1247676294 -0.2096404992 0.3711762165 -0.0636506201 
6 40 3.1734435628 2.9287497723 3.5230310591 3.6189632146 0.6527830102 -0.4331194139 -0.1763394534 
7 39 3.141214319 2.7705134121 4.1957494901 2.9009644956 -0.1166137149 0.0349100495 -0.5566578645 
8 36 3.09380676 2.9003796892 2.8943896212 3.7768709577 0.6055211714 -0.4992362588 -0.7741706201 
9 33 3.0103501503 3.5284456549 3.0310029818 2.5027593908 -0.742359748 0.1853086357 0.0486512001 
10 31 2.9838123962 2.6501141246 3.2468527213 3.0061695696 0.3693891219 0.3707776408 -1.039158535 
11 31 2.9072142496 3.1520432277 3.0069857954 2.2928656698 -0.5392687803 0.2304772271 -0.1568171526 
12 28 2.8113165091 1.9188362728 2.4268350531 3.5578291883 0.1628237881 0.2626282842 -0.006598445 
13 27 2.8102746082 3.110293786 2.9214105614 1.865939026 0.9483808139 -0.0407534857 0.2162935678 
14 23 2.60822008 2.2086638933 2.3040409443 2.2901071479 -0.397316054 0.0816872022 0.0870548412 
15 23 2.6934212304 3.0617287279 2.3548847157 1.8379044809 0.148426692 -0.5574971548 -0.5482118211 
16 22 2.5944929102 2.6248597061 2.0211241165 2.0854096385 0.2570813966 -0.1723224727 0.0756333707 
17 21 2.5417452779 2.3213757837 2.0935955489 2.0454977252 0.4511442764 0.0676344183 0.5355619762 
18 21 2.5774838192 2.4202507091 2.406303153 1.816868976 0.3084825175 0.4425426446 -0.1490378777 
19 21 2.5685154763 1.8137537077 2.5724597931 2.2110582512 0.0116284095 0.241593421 0.4550646487 
20 20 2.4968445207 2.4035343982 1.4925610603 2.3381371021 0.1794106338 0.4412163403 0.1764680836 
21 18 2.4077417416 1.7694427438 2.4144938789 1.6132836715 0.3483973495 0.1049139405 0.2551682175 
22 17 2.3864267034 1.5872354495 2.0511214435 2.0566755175 0.100116058 0.4188521293 -0.4658565141 
23 16 2.2708866823 1.5572108274 1.7365085793 1.8632069173 -0.0786298333 -0.0805137653 0.0088719351 
24 15 2.2621869687 1.9794763595 1.8026904347 1.3353230874 0.4981623345 0.04072692 0.1177021291 
25 15 2.2708065333 1.5917603334 1.448718888 2.1160830904 0.2025773814 0.2562205783 -0.1265114815 
26 15 2.2534168323 1.413644471 1.5917097383 2.0725332107 0.1694357201 -0.1137305581 -0.4176071242 
27 14 2.1663476674 1.9651317255 1.4070809274 1.3208495632 0.2372057584 0.0531352814 -0.0031711691 
28 14 2.1785947526 1.6906487533 1.4190053199 1.6366210227 -0.1212130135 0.346698776 -0.1421963974 
29 14 2.1825197009 1.3244326007 1.6899950459 1.7489645982 -0.0695900938 -0.0586175973 0.3729576627 
30 13 2.0607543295 1.44344943 1.3825183906 1.4207405857 -0.0086022988 -0.0059059556 -7.9802471752e-04 
31 13 2.0761457109 1.4180366905 1.434218209 1.4581261136 0.00139242 -0.0023306208 0.0333473234 
32 13 2.080081604 1.4621976189 1.4305197418 1.4340221187 0.0108389787 0.0270222979 0.0199534237 
33 12 2.0676199333 1.2047859326 1.5170308242 1.5532354318 0.0144024675 -0.1561722731 -0.0517629432 
34 12 2.062738923 1.3736033874 1.3938812842 1.4874071929 0.1977378459 -0.0800376499 0.0743254311 
35 11 2.0234715175 1.1230972724 1.4900022466 1.4813374632 0.2825371472 0.0602056329 0.0953386674 
36 11 2.0888812196 1.6734984052 1.5071246863 1.182801658 -0.3960701499 -0.1574826121 -0.3023672916 
37 10 1.9770154864 1.5697045366 0.7196114647 1.6192742322 0.1490572374 0.0173951934 0.1176176379 
38 10 1.9783081222 0.8652690848 1.6194089562 1.4290249855 -0.0290638403 -0.3583765406 0.0167742633 
39 9 1.9191137984 0.6344473355 1.2741551918 1.7743952437 0.0498540248 0.1266404319 -0.0147538349 
40 9 1.883498766 1.0602604188 1.1674077757 1.3198994071 -0.2032280367 -0.1279526886 -0.0881292628 
41 8 1.8134603849 0.9863708408 1.4267680052 0.8754997218 0.305066531 -0.0511893318 -0.0504257713 
42 7 1.7559799146 1.1934650933 1.2856206313 0.6043797359 -0.1231052576 -0.3131093408 -0.1436494293 
43 7 1.7257126204 0.7997543852 1.0038866075 1.1744430554 0.3364175265 0.2120421213 -0.1622650328 
44 7 1.7193576145 0.7114598096 1.0116105153 1.2331202818 0.3734296925 -0.0510396407 -0.068159983 
45 7 1.7566028559 0.6160412389 1.3763941431 1.0932182113 0.0214304471 -0.3494578248 -0.0425347713 
46 6 1.6104825834 0.8793655565 0.8326431537 0.8816454412 -0.0074801809 0.0456658002 0.004905641 
47 5 1.5503257767 0.6854388955 0.9178546958 0.8002164227 -0.290939072 -0.1592605747 0.3115752443 
48 4 1.414906849 0.6488673517 0.7420512807 0.6110427591 -0.0706322314 -0.0261346438 -0.0877848328 
49 3 1.3118693015 0.8145136735 0.0150707199 0.8914166708 0.0490301969 0.0113057799 0.1046106171 
