# Cluster list (39 data points):
# "Cluster Identifier" "Cluster Size" "Radius of Gyration" "Gyration Tensor.XX" "Gyration Tensor.YY" "Gyration Tensor.ZZ" "Gyration Tensor.XY" "Gyration Tensor.XZ" "Gyration Tensor.YZ"
1 76 4.1086910631 6.3592853391 4.944553976 5.577502937 1.8717613064 -2.2084675084 -1.3033002972 
2 74 3.917599475 6.2269228366 4.8090092033 4.3116536065 0.9160791879 0.2638338401 0.9779377182 
3 70 3.9380848215 4.7141616703 7.3885345312 3.4058158596 -1.3365765963 -0.5754180004 0.6735465406 
4 58 3.5537019225 4.9023023542 3.8544876724 3.8720073275 0.4446241131 -0.2280325926 -0.0436529771 
5 53 3.4563187556 4.0981920566 4.2286525197 3.619294764 0.2731968732 -0.0885649291 0.3976093022 
6 47 3.3395598346 4.0949409858 3.8196080217 3.2381108815 0.540867534 0.6624831951 0.0725997983 
7 43 3.3201894332 3.7882481109 4.6980058116 2.5374039501 1.0973620546 0.0277853343 0.1096361601 
8 39 3.1486220357 2.7374384751 4.3402932319 2.836089017 0.2313612345 -0.0909264093 -0.4030548264 
9 36 3.1009244623 2.6451324649 3.5968578729 3.3737421831 0.1086352909 0.1125382313 -1.1276660757 
10 33 3.0017953729 2.6264655806 3.9036934813 2.4806163988 -0.6458302907 0.122855726 0.0765895585 
11 31 2.9243448954 2.007222272 3.096342165 3.4482286301 -0.1090869675 -0.3820612016 0.0210348534 
12 31 2.9885271583 3.5136128111 2.293987026 3.1236947386 0.5634992151 -1.1099224708 -0.3009224086 
13 31 2.9326490531 3.589242606 2.3877358786 2.623451984 0.4182260301 -0.1192078257 0.38714635 
14 28 2.8123115991 2.3251770042 2.3832662571 3.2006532691 0.2067671273 0.5474644317 -0.1898031855 
15 27 2.8306205036 2.1582086501 2.3944232782 3.4597805068 -0.4114536291 -0.2266596614 0.8719504521 
16 23 2.6090019335 1.9970301255 2.6810235418 2.1288374218 0.0208359701 0.2200733379 0.0255065358 
17 21 2.5818309647 2.5213559149 1.8311911735 2.3133040416 0.6030817699 0.2286782355 -0.0557112914 
18 20 2.4975374013 1.613514195 2.5091234431 2.115055433 0.0448119111 -0.2646119177 -0.1792802911 
19 20 2.4947589754 2.8259132597 1.8670409911 1.5308680946 0.0379198127 -0.3517529526 0.1417230005 
20 18 2.4671481277 2.3751569195 1.679995086 2.0316678787 -0.1468527024 0.2499724817 -0.6548066218 
21 17 2.4046963606 2.1500726381 1.9508320938 1.6816598548 0.5968573635 -0.2685258925 0.2893152573 
22 16 2.3152034663 1.4982554576 2.1778378527 1.6840737802 -0.452633859 0.1137449329 -0.2513093672 
23 15 2.2562521405 1.6266631413 2.0596007241 1.404409856 -0.5073504069 -0.0370903312 0.2202098809 
24 15 2.2443538701 1.7804157661 1.8200909058 1.4366176222 0.4197503287 0.2841601351 0.1995064808 
25 14 2.1762933149 1.4440022784 1.6147663498 1.6774839643 -0.1918201093 -0.184607438 0.3607836423 
26 14 2.1686542306 1.3258360239 1.7225480897 1.6546770582 -0.0697314142 0.0989189509 -0.3336370611 
27 14 2.1803637841 2.0801717861 1.2985565458 1.3752578989 -0.0329584111 -0.117745353 -0.0126912013 
28 13 2.073326617 1.4526596514 1.4068533327 1.4391702766 -0.0026125922 0.0036691095 -0.041632028 
29 13 2.065881723 1.3978367092 1.4139628132 1.4560677709 -0.0179913771 0.0176153448 0.0345320044 
30 12 2.0682250029 1.1426446153 1.5771667861 1.5577432613 -0.0024990405 -0.0230664313 -0.0367194028 
31 12 2.0632188503 1.1879942025 1.5309469528 1.5379308691 -0.0599614745 0.1021993149 -0.0084166879 
32 11 2.0372510601 1.2958940615 1.4232121485 1.4312856718 -0.2820585813 -0.0999639215 -0.2665162845 
33 11 2.0474693261 1.7437646137 1.3664442853 1.0819217421 -0.1413873618 -0.0862132553 -0.2209368465 
34 10 2.0167845431 1.6529599264 0.8805095986 1.5339503682 -0.0840885158 -0.074305571 -0.4132930356 
35 9 1.8864310659 1.3820238414 0.90872077 1.2678775549 -0.1012956736 0.0021369232 0.1318565163 
36 7 1.7322028325 0.802879443 1.0365968407 1.1610503692 0.4026059759 -0.0938199608 0.1028167806 
37 7 1.7319282313 1.1398224681 1.2625388308 0.5972140995 -0.1160013487 0.1774585537 0.2140828542 
38 6 1.5848981675 0.9103979729 0.7280921072 0.8734121213 -0.0302875146 0.0202327988 -0.014388136 
39 5 1.5494513396 0.54473643 0.894444002 0.9616190218 0.0489648847 -0.0463246906 -0.4359883741 
