# Cluster list (57 data points):
# "Cluster Identifier" "Cluster Size" "Radius of Gyration" "Gyration Tensor.XX" "Gyration Tensor.YY" "Gyration Tensor.ZZ" "Gyration Tensor.XY" "Gyration Tensor.XZ" "Gyration Tensor.YZ"
1 76 4.2982247793 10.9277361529 3.2712064257 4.2757936745 0.2702437609 -1.3084665979 0.0382102801 
2 53 3.4864167991 4.4320839803 3.360779827 4.3622382895 -0.4811124081 -0.72948739 0.3358513607 
3 47 3.693227237 2.7860694316 3.4721280183 7.381729974 0.2001914128 1.4194399529 1.031608185 
4 40 3.1704923291 4.3030235763 2.746090288 3.0029077444 -0.0477292622 0.0296467272 0.0960588232 
5 40 3.187479783 3.5329258265 2.9786407154 3.6484608251 0.6401130484 -0.5904089043 -0.0034804059 
6 36 3.0889728995 2.7625463572 2.6576368206 4.1215703964 0.0323448515 -0.1698440877 -0.8499690156 
7 33 3.015045899 3.9699506711 2.6069340698 2.513617032 -0.5378940869 -0.3530694618 0.284690249 
8 31 2.8978562946 3.4183793891 2.6965149239 2.2826767913 -0.4162249414 0.2591862571 -0.1272653968 
9 30 3.0344822843 2.1201428394 4.7346039171 2.3533359773 0.767306908 -0.0576457859 0.6827448622 
10 28 2.7978130197 2.4827973062 3.0545658951 2.2903944916 -0.3741406714 0.1219734366 -0.2193067244 
11 28 2.8169519794 2.2872450563 2.2188687275 3.4291046703 0.342054619 0.3991312287 0.0813686466 
12 27 2.8136103873 2.6847222366 3.3065253762 1.9251557989 0.8575968752 -0.0421150379 0.3355729739 
13 23 2.7174897694 2.7128387723 2.5642182087 2.1076936656 0.4337022723 -0.7557179484 0.119761534 
14 23 2.7716149124 4.2763918829 2.0299973864 1.3754599532 0.8200177072 -0.4265811251 0.0304401839 
15 23 2.6182762084 2.6017703647 2.1358918349 2.1177081038 -0.2314799357 0.1775800673 0.1456235798 
16 22 2.5846052427 2.6657430076 1.9638759746 2.0505652783 0.1339354241 -0.0718769834 0.136667385 
17 21 2.5652747927 2.0091117619 2.1884744828 2.3830485172 0.2827935041 -0.086630915 -0.5337597729 
18 21 2.5530558585 1.5461156809 2.8948873241 2.0770912117 -0.0989249595 -0.2152049367 -0.0060867086 
19 21 2.5792311762 1.6863994753 2.4457174326 2.5203165526 -0.0809956372 0.4609925662 0.2821171206 
20 20 2.4845585408 2.1240219213 1.7038449955 2.345164226 -0.0700983551 0.4127243279 -0.4340336264 
21 18 2.393017543 1.9690874622 2.0104626395 1.7469828596 -0.4274604381 0.1918869102 -0.2302119814 
22 18 2.3972879224 1.7051592555 2.2409247245 1.800905403 0.1967321809 -0.1199058862 -0.4091319216 
23 17 2.3999922326 2.1527190225 1.5175503813 2.0896933126 -0.404853958 0.1318510874 -0.4156050354 
24 16 2.4169040792 1.5784420685 1.5223629941 2.7406202653 0.6117631226 -0.5566900679 0.0966356849 
25 16 2.292683678 1.5498675274 1.970189808 1.7363411118 -0.0682538677 -0.0756351944 0.0262366832 
26 15 2.2503387083 2.0300591376 1.3949722842 1.6389928804 -0.044884763 -0.4976829952 0.1378463002 
27 14 2.1910294881 1.4634209109 1.9577630191 1.3794262877 0.3093423131 0.0216070257 0.1503514082 
28 14 2.1748366599 1.805267282 1.4681129374 1.4565342778 -0.2699514996 0.2338847845 -0.1274239498 
29 14 2.1822548819 1.9172974906 1.3706143163 1.4743245625 -0.1052437486 0.2262412513 -0.0060914092 
30 14 2.181303245 1.9084343272 1.416020989 1.4336285305 -0.2225294172 -0.2166797773 0.0804788508 
31 14 2.1949510111 1.3420555632 2.1077244827 1.3680298951 0.1007258278 -0.0223414416 -0.0998226014 
32 13 2.1610861848 1.5962282156 1.4210335847 1.6530316976 -0.0325093171 -0.0274866765 0.0304667459 
33 13 2.0655377549 1.504011099 1.3833499697 1.379085148 0.0379023467 0.0144105967 0.0222787025 
34 13 2.0614695633 1.3618811463 1.4484011532 1.439374461 -0.0100942182 -0.031644915 0.0302871027 
35 12 2.0545331141 1.5131484897 1.182722651 1.5252351764 -0.0414097276 -0.0231244104 -0.0219959917 
36 12 2.0678261617 1.4379061229 1.4217326101 1.4162663021 -0.1301431728 0.1394463591 0.1902389851 
37 11 2.0876246663 1.7673267367 1.7113021751 0.8795478353 0.2805557459 -0.1081633777 0.009238933 
38 11 2.0225246136 1.7204176104 0.9892020174 1.3809861848 0.0691130056 -0.0806582205 0.1379536938 
39 10 2.2682027414 1.0951528041 3.1183269537 0.9312639181 -0.0716592648 -0.219727165 0.2900683314 
40 10 1.9716587536 1.5638229482 0.8934384514 1.4301768412 0.0742015986 0.0028427578 0.3372052614 
41 9 1.9344730417 1.2405112459 1.4527110022 1.0489637008 -0.0408855994 -0.3592876458 -0.4715432386 
42 9 1.870677085 0.8923153087 1.3373754246 1.2697420231 0.1272460016 -0.0706733243 -0.0301181294 
43 8 1.8100792548 0.9574112719 0.8304654227 1.488510214 0.0610179954 0.2412228406 0.1337828732 
44 7 1.7400386204 1.1622720275 1.1284481567 0.7370142164 -0.1378819146 0.2852362895 0.2542468675 
45 7 1.7373911444 1.2849003063 1.2631525489 0.4704751333 -0.0265346039 0.0819264934 -0.0543335311 
46 7 1.7256686123 1.1341959008 1.3146250215 0.5291112372 -0.027438204 0.266145342 0.0487206826 
47 7 1.7398172309 1.1839691042 0.6244510576 1.2185438351 -0.2879268005 -0.0536863722 -0.3071497879 
48 6 1.5863905617 0.8365166089 0.7805196774 0.8995987281 -0.0417300822 -0.0105929214 0.0351539941 
49 5 1.5453307205 1.061486827 0.7790679703 0.5474922384 -0.3642942742 -0.1602459954 0.118932154 
50 4 1.3923502324 0.6292358797 0.6340200967 0.6753831932 -0.0291174542 -0.0521595781 0.044093091 
51 4 1.3897622645 0.7185319243 0.6688357158 0.5440715117 -0.0101205111 0.0300384147 4.2345491224e-04 
52 3 1.341112214 0.8719307364 0.8657888074 0.0608624268 0.0033567993 -0.0731318668 0.2173941395 
53 2 1.0854343618 0.6575722995 0.0517818372 0.468813617 0.1845272385 -0.5552286449 -0.1558076711 
54 1 0.0 0.0 0.0 0.0 0.0 0.0 0.0 
55 1 0.0 0.0 0.0 0.0 0.0 0.0 0.0 
56 1 0.0 0.0 0.0 0.0 0.0 0.0 0.0 
57 1 0.0 0.0 0.0 0.0 0.0 0.0 0.0 
