# Cluster list (80 data points):
# "Cluster Identifier" "Cluster Size" "Radius of Gyration" "Gyration Tensor.XX" "Gyration Tensor.YY" "Gyration Tensor.ZZ" "Gyration Tensor.XY" "Gyration Tensor.XZ" "Gyration Tensor.YZ"
1 53 3.4825387521 4.1447222588 3.5623659734 4.420987928 -0.4659096602 -0.8602270224 0.218246175 
2 40 3.1822659173 4.2538288282 2.8174496573 3.0555378828 -0.0054449382 0.0426447831 0.1321602057 
3 39 3.1855725599 2.6966253766 3.2745734496 4.1766737083 -0.0968101699 -0.0191050584 0.8403159513 
4 37 3.0602448888 3.4122619971 2.8842404363 3.0685963461 0.4889436373 -0.4717809087 -0.0783000709 
5 35 3.0217325744 2.7800248927 2.3745208164 3.976322042 -0.0150867055 0.1035378246 -0.2445231462 
6 33 3.0464048712 4.250588391 2.7146031599 2.3153910885 -0.3386774064 0.0675259387 -0.024793794 
7 32 3.1726188328 3.1046404262 2.0851653313 4.8757045007 -0.2361749362 1.7618403238 -0.6141860095 
8 31 2.8904154694 3.2645252772 2.5245299604 2.5654463482 -0.381878535 0.4528599294 -0.3638602603 
9 28 2.7915980804 2.3794168999 2.717626205 2.6959767375 0.1353053401 0.0699551417 0.1075168712 
10 27 2.763179884 2.35319345 2.4655836678 2.8163859538 0.1809860056 -0.0389783943 0.5769203756 
11 23 2.6013623398 2.3141595073 2.1361972052 2.3167293102 0.2620871814 -0.3010939983 0.0391463215 
12 23 2.608892066 2.3929276286 2.4134778666 1.9999123169 -0.2470913502 0.0118413128 -0.2533801148 
13 22 2.6263227348 2.673205173 1.9628140045 2.26155193 -0.2068595116 -0.1462845156 0.2406899311 
14 21 2.6708343756 3.0532930005 2.4373538216 1.6427094396 1.1354340258 -0.506087034 -0.4600851554 
15 21 2.5848689127 1.6564513591 2.3593127752 2.6657831616 -0.3814304783 -0.0318860538 0.2181003529 
16 21 2.5683419531 2.3805495023 2.0936644493 2.1221664362 0.6188825707 -0.2166900983 -0.1655140991 
17 21 2.5347338093 1.5091673941 2.850542273 2.0651658169 0.139481618 -0.2125450287 0.2408422514 
18 21 2.5595833436 1.572988462 2.6655294498 2.312948981 -0.2404230898 -0.151639922 -0.4400114578 
19 20 2.4972698081 2.4034526991 2.3277641204 1.5051396752 -0.5712374973 -0.1392176351 -0.1643957081 
20 20 2.5681288684 2.6547027565 1.4939425587 2.4466405696 0.0541469054 1.0238204519 -0.0097496836 
21 20 2.4907376966 2.5334727579 1.6591949065 2.0111066089 -0.0568385753 0.4862803985 -0.3286686908 
22 20 2.4958797389 2.5876810948 2.0419087519 1.5998258244 0.3345012862 -0.4070319667 -0.2242781968 
23 18 3.9189241955 8.5013037322 1.1952452714 5.6614178469 -0.6436527804 -5.9495740983 0.3679600729 
24 17 2.4097162102 2.0841697186 1.7933728001 1.929189695 -0.1846220131 0.3855826652 -0.6613549084 
25 17 2.3769611777 1.7181938026 2.4287003847 1.503050253 -0.2301204332 -0.1178389952 -0.2216570425 
26 16 2.4367032038 1.2423424599 2.0988262141 2.5963538296 0.2449869104 0.6078423775 -0.498099231 
27 15 2.2690562993 1.4118392842 1.6024585635 2.1343186417 -0.1414283169 -0.0831701249 0.1948291717 
28 14 2.1887808418 1.2941530821 2.1036515658 1.3929569256 0.119888223 -0.053856797 -0.1687834155 
29 14 2.1902196103 1.7155147529 1.7590455367 1.3225016519 -0.359625567 -0.0130229911 2.4855145896e-04 
30 14 2.1785072577 1.3629692456 1.8966642405 1.4862603858 0.1569953846 -0.0599550145 -0.2884673028 
31 14 2.1867814702 1.4659339509 1.7596445137 1.5564347337 -0.1424969678 0.0735771163 -0.3365752491 
32 13 2.092199894 1.4256126563 1.4638070587 1.4878806813 0.0354688616 -0.003729288 -9.5862375732e-04 
33 13 2.0775221623 1.426865373 1.4444026227 1.4448303393 0.0683839318 0.0190262048 0.0333889267 
34 12 2.0808568071 1.607847556 1.4523152271 1.2698022685 0.1195933662 -0.0886416575 0.1098636343 
35 12 2.0727353401 1.5092733083 1.1961339204 1.5908245612 -0.0533000022 -0.010501231 0.0800910313 
36 11 2.0308343007 1.4068334844 1.7737809795 0.943673493 -0.0299518916 0.0611382144 0.1569682113 
37 11 2.0497402399 1.7749178112 1.3756588362 1.0508584036 0.1473374825 0.0485994134 -0.1397481842 
38 10 1.970078439 1.4656112904 0.9078662905 1.5077314751 0.3154531999 -0.1181897249 0.1779576222 
39 10 1.9876025347 1.1614536454 1.6022553255 1.1868548651 0.1266939746 0.4142791621 -0.1430972933 
40 9 1.9396798862 1.7791560903 0.9362472872 1.0469546834 -0.1764378787 0.0320943985 -0.3958596539 
41 9 1.8884317682 1.341216213 1.3936096087 0.8313487215 0.0300521095 0.0937242009 0.1175195473 
42 9 1.8976530356 1.1871411465 1.0902089839 1.3237369131 -0.2465646871 -0.0663504919 -0.0972918786 
43 8 1.8354820203 1.086259851 0.8979546758 1.3847797202 -0.0906307939 0.2856084772 -0.1446290995 
44 8 1.819933234 0.8890908512 0.9425828746 1.4804832504 -0.0886220236 -0.1341219172 0.3386111449 
45 8 1.8100425596 0.8639833817 1.3414448743 1.0708258114 0.2411487018 0.0985938899 0.2762111563 
46 8 1.8227478356 0.8622003778 1.2326864048 1.2275228898 0.2699295534 -0.0826241146 -0.2104183537 
47 7 1.7325976747 0.7195399656 1.3522817959 0.9300729409 0.1330480156 -0.1087744843 -0.3200112844 
48 7 1.7396635092 0.7178188889 1.3528861051 0.9557241312 0.2379522848 0.3031354777 -0.0776224955 
49 7 1.7337086903 0.955465852 0.8282249371 1.2220550335 0.2933221942 -0.207454616 0.2604861115 
50 7 1.7394826652 0.8555768491 1.2727198316 0.8975032617 -0.2057513353 0.3582458138 0.1837490074 
51 7 1.7358189248 1.3469454211 1.165139456 0.5009824626 -0.016096939 -0.0700553405 0.1578708188 
52 7 1.7473926371 0.4507489929 1.3456733499 1.2569586854 -0.0790928422 0.1721096975 0.0244084483 
53 6 1.6056550638 0.8393457347 0.818847879 0.91993457 0.028172352 -0.0171039106 -0.0264721948 
54 6 1.5685624836 0.8544598402 0.8100698254 0.7958585996 -0.0190395659 0.0072598018 -0.0324251797 
55 4 1.3878918537 0.7198636796 0.6426984019 0.5636817162 -0.0117776398 -0.1051064938 -0.0294220713 
56 4 1.358715263 0.6604816665 0.5756351674 0.6099903319 -0.0369660755 0.0011682447 -0.0285267929 
57 4 1.4167167082 0.6294343557 0.6425573999 0.7350944758 0.0390818921 -0.0139714852 -0.1083512945 
58 3 1.3549188178 0.2119369013 0.845398947 0.7784691547 -0.2733022104 -0.2711119037 -0.1116833946 
59 3 1.2969882597 0.8663138282 0.3777680195 0.438096698 -0.0398506087 -0.0843217505 -0.3981291362 
60 3 1.3180382775 0.0962419003 0.7584929024 0.8824900984 -0.1482318706 -0.2185206167 -0.1160130383 
61 3 1.3356239298 0.3177754379 0.5889444017 0.8771714423 -0.3688976992 0.1881034904 0.1324461903 
62 2 1.091831112 0.0186925381 1.1417860897 0.0316165492 -0.1460920259 -0.0243103589 0.1899982528 
63 2 1.2039712202 1.0032050023 0.2104972923 0.2358444046 -0.4595344781 0.4864157547 -0.2228107012 
64 2 1.1169940569 0.9189012462 0.321943818 0.0068306589 0.543906771 0.0792256334 0.046894439 
65 2 1.0850343212 0.4301147426 0.2219193476 0.525265388 -0.3089511014 -0.4753150399 0.3414184416 
66 2 1.1201538091 0.0408924795 1.2019942014 0.0118578752 -0.2217036835 -0.0220203978 0.1193863361 
67 1 0.0 0.0 0.0 0.0 0.0 0.0 0.0 
68 1 0.0 0.0 0.0 0.0 0.0 0.0 0.0 
69 1 0.0 0.0 0.0 0.0 0.0 0.0 0.0 
70 1 0.0 0.0 0.0 0.0 0.0 0.0 0.0 
71 1 0.0 0.0 0.0 0.0 0.0 0.0 0.0 
72 1 0.0 0.0 0.0 0.0 0.0 0.0 0.0 
73 1 0.0 0.0 0.0 0.0 0.0 0.0 0.0 
74 1 0.0 0.0 0.0 0.0 0.0 0.0 0.0 
75 1 0.0 0.0 0.0 0.0 0.0 0.0 0.0 
76 1 0.0 0.0 0.0 0.0 0.0 0.0 0.0 
77 1 0.0 0.0 0.0 0.0 0.0 0.0 0.0 
78 1 0.0 0.0 0.0 0.0 0.0 0.0 0.0 
79 1 0.0 0.0 0.0 0.0 0.0 0.0 0.0 
80 1 0.0 0.0 0.0 0.0 0.0 0.0 0.0 
