# Cluster list (39 data points):
# "Cluster Identifier" "Cluster Size" "Radius of Gyration" "Gyration Tensor.XX" "Gyration Tensor.YY" "Gyration Tensor.ZZ" "Gyration Tensor.XY" "Gyration Tensor.XZ" "Gyration Tensor.YZ"
1 76 4.1102819637 6.0753822564 5.2087134324 5.6103221322 1.9584116391 -2.0932415783 -1.406526443 
2 74 3.930883249 6.3273198358 4.7406529117 4.3838703696 0.9104939634 0.3153561503 0.9366974896 
3 70 3.9365835532 4.5446313657 7.4312384958 3.52082021 -1.0891125243 -0.5484177138 0.9156535303 
4 58 3.5512274294 4.8415401331 3.8179711891 3.9517049333 0.4378708211 -0.2379036835 -0.0760512846 
5 53 3.4672262893 4.0493680289 4.2917457536 3.6805443587 0.2122280599 -0.0151801147 0.3810530572 
6 47 3.3440829307 4.1567250445 3.8421982866 3.183967316 0.6790414777 0.6328746991 0.0472512565 
7 43 3.3030033801 3.8938945596 4.4073906898 2.6085460793 1.098251664 0.0215696718 0.0996881181 
8 39 3.1380758326 2.7416689788 4.329660565 2.7761903876 0.2088081389 -0.0867758896 -0.4121483923 
9 36 3.0970835467 2.5962838311 3.3871647717 3.6084778927 0.17109066 0.13551833 -1.1049683398 
10 33 3.0247443812 2.4678547521 4.1624267678 2.5187970518 -0.5544345005 0.1739416788 -0.0610511165 
11 31 2.929162779 1.9918164113 3.1333089333 3.454869241 -0.1786486866 -0.396548307 -0.0603134871 
12 31 2.9874246907 3.795861775 2.2521894509 2.8766550567 0.4961775276 -1.0557974004 -0.2512973799 
13 31 2.9453557136 3.5198710318 2.4979137202 2.6573355276 0.5278494441 -0.2097535123 0.3314143572 
14 28 2.8184497804 2.3540573892 2.3560133852 3.2335883901 0.2376248819 0.5790995228 -0.2289121038 
15 27 2.8175839186 2.0849649237 2.3665405448 3.4872736698 -0.4356695117 -0.2348575412 0.7705904812 
16 23 2.6064884646 2.0871659346 2.655410009 2.0512061723 0.1002630997 0.1921548997 -0.0372240592 
17 21 2.5861164958 2.499655036 1.8412112628 2.347132231 0.5177547457 0.1725088998 -0.0127644574 
18 20 2.4970811116 1.7912222448 2.5444356122 1.8997562211 0.0126644946 -0.3155688754 -0.0294748358 
19 20 2.4970130453 2.8392934284 1.844025392 1.5517553282 -0.0977678846 -0.1705729167 0.205565704 
20 18 2.4861778835 2.3612038462 1.5826109712 2.2372656508 -0.2207581099 0.3109761916 -0.6729590025 
21 17 2.39763779 2.2674536608 1.7512155915 1.72999772 0.4850982005 -0.0906138444 0.3437252338 
22 16 2.3150903762 1.5490478754 1.9915456543 1.8190499202 -0.4930285475 0.1630992048 -0.2829697768 
23 15 2.2529333361 1.6619303475 1.959467875 1.4543103943 -0.5142427284 -0.056037111 0.2190014212 
24 15 2.2735514977 1.930183274 1.8688241845 1.370028954 0.5187111167 0.2238369244 0.1068854205 
25 14 2.185119751 1.4552878658 1.8447120536 1.474748407 -0.1903895235 -0.1205673572 0.3188910529 
26 14 2.1845906886 1.3431125062 1.6964739653 1.7328500052 -0.090915009 0.1069416259 -0.3765386777 
27 14 2.1708653965 1.9807201058 1.3291356116 1.4028008524 -0.08154228 -0.1945877686 0.022365541 
28 13 2.0712430952 1.453723464 1.3971357689 1.4391887265 0.0379875513 -0.0399692729 -0.0026429903 
29 13 2.0653756143 1.4169075825 1.4227910565 1.4260777893 0.0078287747 -0.0059576107 -0.0238854443 
30 12 2.052339477 1.100139358 1.5328867373 1.5790712335 -0.0790813698 0.0788207101 0.0426285952 
31 12 2.0684773598 1.1993931922 1.58907651 1.490128886 -0.0193313378 0.0697233722 -0.0501605377 
32 11 2.0205734529 1.3456134327 1.3250507341 1.4120529119 -0.2672825327 0.0052506302 -0.2733964935 
33 11 2.0418351067 1.7634380745 1.3300238226 1.0756287059 -0.09191401 -0.1301479957 -0.2390615002 
34 10 1.9947974997 1.5194028886 0.9983609707 1.4614532057 -0.2525394796 -0.1596734902 -0.261860206 
35 9 1.8891730816 1.3781960105 0.907172491 1.2836064309 -0.0204761876 0.0402973338 0.1669730167 
36 7 1.7398167841 0.5469691945 1.2172801176 1.2627131301 0.2914324021 -0.120533689 0.1104872662 
37 7 1.738516135 0.9477107895 0.9915293748 1.0831981874 -0.2956258802 0.2754190386 0.2992462251 
38 6 1.5771092742 0.7991013289 0.8314294795 0.8567428544 -0.0075969348 0.0112061242 0.0323224734 
39 5 1.5596097775 0.5716746545 0.8357366078 1.0249713957 0.1311917358 -0.1893715986 -0.3619304083 
