# Cluster list (84 data points):
# "Cluster Identifier" "Cluster Size" "Radius of Gyration" "Gyration Tensor.XX" "Gyration Tensor.YY" "Gyration Tensor.ZZ" "Gyration Tensor.XY" "Gyration Tensor.XZ" "Gyration Tensor.YZ"
1 53 3.4860553374 4.2251790139 3.5936494802 4.3337533214 -0.5018784296 -0.8900965767 0.1870886251 
2 40 3.172282392 4.124380624 2.8510333584 3.0879615923 -0.102476104 0.3659145603 0.1273723806 
3 38 3.1222695564 2.6007629046 3.1554335524 3.9923707257 -0.0955501971 -0.0689832313 0.6621167337 
4 37 3.0732061771 3.4763466492 2.8910954138 3.0771541438 0.4562630709 -0.4521390551 0.0284471367 
5 35 3.0356036515 2.8253262511 2.4444568092 3.9451064689 -0.012173122 -0.0869222532 -0.0839288897 
6 33 3.1907820821 5.4538094627 2.5300057597 2.1972750731 -0.8635846831 -0.4376744259 0.0522509215 
7 32 3.1702123225 3.1505710356 2.20527891 4.6943962243 -0.2770385957 1.7454657161 -0.6291028494 
8 31 2.8912168142 3.176659243 2.8778728233 2.3046026003 -0.4958742186 0.2624269487 -0.2491677697 
9 28 2.8023421422 2.529252649 2.5280855525 2.7957832803 -0.0637227794 -0.0360573108 0.1562225528 
10 27 2.7635078788 2.3460138421 2.681173055 2.6097888992 0.1280996263 -0.1078505865 0.5911508804 
11 23 2.6122908031 2.2522142356 2.2530271086 2.3188218957 0.2627448131 -0.2878676177 0.0223502042 
12 23 2.6105352132 2.3749436004 2.33163694 2.1083135591 -0.2468304379 0.04338328 -0.3022973395 
13 21 2.5551929156 1.6722309314 2.81387808 2.0429018243 -0.3041908389 -0.2712771541 -0.1545598038 
14 21 2.5615919427 2.3989659063 2.2065209396 1.9562664349 0.5937531437 -0.0638681993 -0.0039042584 
15 21 2.5875844397 1.6282262405 2.6910700509 2.3762969414 -0.3068614917 -0.0403613274 -0.7446937479 
16 21 2.7207109535 3.3242345643 2.6789310682 1.39910246 1.0509275472 -0.21323616 -0.29715914 
17 21 2.5624337384 2.7621797524 1.9747122583 1.8291746531 -0.0909839565 -0.3464266794 0.1633912046 
18 21 2.5951599394 1.7014300084 2.5483341479 2.4850909549 -0.4489675304 0.1013299002 0.3014636484 
19 20 2.4980296406 2.4969970665 2.1782601292 1.5648948897 -0.4436887036 -0.4365630394 0.1544154997 
20 20 2.4873053928 2.7258081686 1.8572504355 1.6036295128 0.1107215607 -0.3913264163 -0.2072390768 
21 20 2.487775879 2.5415810956 1.736729219 1.9107185096 -0.2369797272 0.3868276435 -0.4037822148 
22 20 2.5469220346 2.5426487496 1.5077482129 2.4364148881 0.3308673336 0.9866215149 0.2290572445 
23 17 2.3657957054 1.706216969 2.4424939283 1.4482784226 -0.2933108807 -0.181370501 0.0742735576 
24 17 2.3957292256 1.9860546744 1.807904397 1.9455594511 0.0264507002 0.401117193 -0.5506527833 
25 16 2.4351095471 0.8993594254 2.2768056709 2.7535934103 0.1007146773 0.2727451683 -0.3856118519 
26 14 2.1808197394 1.5245826629 1.5051341051 1.7262579676 -0.1552961427 0.2694719846 -0.2747336239 
27 14 2.1646258496 1.536189235 1.8256454402 1.3237703936 0.3497148599 -0.0965927101 -0.1061060414 
28 14 2.1578461521 1.7632851474 1.5809477665 1.3120671021 -0.336625747 0.0677075071 -0.0349275331 
29 14 2.173034128 1.376582114 1.6014083569 1.7440868504 -0.1175351731 -0.1577889089 0.3683438755 
30 14 2.253464641 1.3997019241 2.2894094693 1.3889914948 0.1860039964 0.0229018316 0.1226283763 
31 13 2.0724145069 1.4047500673 1.4518883973 1.4382634239 0.0279637632 -4.4071577241e-04 0.0246259715 
32 13 2.0834452228 1.4401312121 1.4781336662 1.4224791182 -0.0131874363 0.0122699958 0.0324026032 
33 12 2.2182925883 1.9862998556 1.4862955545 1.4482265972 0.0625862227 -0.1332394884 0.5825301782 
34 12 2.0652543809 1.4954431181 1.1676878531 1.6021446868 0.0964523856 -0.0676349445 0.1005703672 
35 11 2.0300039345 1.4167417838 1.6844518287 1.0197223616 -0.0597260706 -0.0987038844 -0.0253332235 
36 11 2.0383543691 1.6491231736 1.5400088926 0.9657564678 0.0368619069 0.1380658161 -0.0237055764 
37 10 1.9796882918 1.5452886601 0.8484515323 1.5254255404 0.336578862 -0.1002118286 0.097818544 
38 10 1.9916026264 1.1938129084 1.5446866511 1.2279814622 -0.213174298 -0.4185704803 -0.2176927863 
39 10 1.9730813689 1.2539371068 1.3327777635 1.3063352178 0.267889324 0.291823694 -0.2446091881 
40 9 1.8774343252 1.2636217787 1.1901886099 1.070949257 -0.0732797746 0.181983899 0.2218677636 
41 9 1.9088182271 1.7284941542 1.0182447976 0.8968480723 -0.0422741302 0.0104056256 -0.3456712009 
42 9 1.8791458327 1.0936641508 1.0773116336 1.3602132761 -0.2576190588 -0.0552589884 -0.0423208222 
43 8 1.8199218947 1.2129483897 1.1317384029 0.9674289103 0.3744057426 -0.1568675312 -0.2023252581 
44 8 1.9345840379 1.3235597392 0.7695428643 1.6495127963 -0.2485386013 0.4154427361 -0.2024602173 
45 8 1.8193614415 1.6155252695 0.8949816548 0.7995691304 -0.0765165959 -0.194395768 4.9514711463e-04 
46 8 1.8140092328 1.3203097845 0.8997065981 1.0706131139 -0.1461930328 -0.3332931035 0.1195562124 
47 8 1.8331945587 0.7651474169 1.4593111196 1.1361437536 0.0019413181 0.0490350033 0.4176467242 
48 7 1.7528227895 1.1827628464 0.7151073868 1.1745174983 0.3675268192 0.0671865259 -0.2080147918 
49 7 1.7302144163 0.4821103448 1.2577755612 1.2537560204 -0.2211874845 0.1032963569 -0.0548256694 
50 7 1.7468883695 1.2141178081 0.9169044383 0.920596729 0.2167740054 -0.2102726525 0.4548583538 
51 7 1.8010231163 0.7618914134 1.641243915 0.8405489371 -0.1778928367 0.0753955024 -0.1069376327 
52 7 1.7407447821 1.1993837533 0.9918828824 0.8389257607 0.3000665482 0.2357549977 -0.3548289692 
53 7 1.7492485996 1.3014345468 1.3389391209 0.4194969952 0.0142134981 0.1047781308 -0.063650484 
54 6 1.6561049739 0.877728074 1.0274791273 0.8374764834 0.0265641753 0.0223406251 -0.0956815399 
55 6 1.618295278 0.8149399053 0.8458702447 0.9580694568 -0.0739278501 0.0590974703 0.0839532735 
56 4 1.4190526843 0.6944922922 0.705299254 0.6139189747 -0.005908244 0.0249842278 -0.0336881285 
57 4 1.374970534 0.5776789114 0.6041347721 0.7087302858 -0.0127596656 0.0083374981 -0.0054452694 
58 4 1.4411495568 0.55336159 0.8861267314 0.6374237236 0.0598528344 -0.0033230909 -0.0290779374 
59 3 1.3789580754 0.6966176641 0.6130767792 0.5918309306 0.3588955926 0.266272761 -0.3208865757 
60 3 1.2956396875 0.1106822362 0.7770227621 0.7909772015 0.2825457772 -0.055333785 0.0650332992 
61 3 1.2981971381 0.7041140347 0.8103366903 0.1708650845 -0.1384592577 -0.1966276299 -0.2626749662 
62 3 1.5668147752 0.5841124955 0.8405142708 1.0302817734 -0.1615759496 0.7405560094 0.0648217835 
63 2 1.1332303014 0.9394505762 0.1133498471 0.2314104927 0.3263228143 0.4662603572 0.1619578462 
64 2 1.1142418571 0.0420734675 0.0045183645 1.1949430841 -0.0137877939 0.224221763 -0.0734791695 
65 2 1.1112200885 0.0862931526 0.0056014641 1.1429154683 0.0219856317 -0.3140474151 -0.0800124991 
66 2 1.0956481195 0.1278458565 0.2941567702 0.7784421751 0.1939245323 0.3154688679 0.4785227644 
67 2 1.1288526242 0.4171803565 0.6500968851 0.2070310055 -0.5207760078 0.2938864895 -0.3668653865 
68 1 0.0 0.0 0.0 0.0 0.0 0.0 0.0 
69 1 0.0 0.0 0.0 0.0 0.0 0.0 0.0 
70 1 0.0 0.0 0.0 0.0 0.0 0.0 0.0 
71 1 0.0 0.0 0.0 0.0 0.0 0.0 0.0 
72 1 0.0 0.0 0.0 0.0 0.0 0.0 0.0 
73 1 0.0 0.0 0.0 0.0 0.0 0.0 0.0 
74 1 0.0 0.0 0.0 0.0 0.0 0.0 0.0 
75 1 0.0 0.0 0.0 0.0 0.0 0.0 0.0 
76 1 0.0 0.0 0.0 0.0 0.0 0.0 0.0 
77 1 0.0 0.0 0.0 0.0 0.0 0.0 0.0 
78 1 0.0 0.0 0.0 0.0 0.0 0.0 0.0 
79 1 0.0 0.0 0.0 0.0 0.0 0.0 0.0 
80 1 0.0 0.0 0.0 0.0 0.0 0.0 0.0 
81 1 0.0 0.0 0.0 0.0 0.0 0.0 0.0 
82 1 0.0 0.0 0.0 0.0 0.0 0.0 0.0 
83 1 0.0 0.0 0.0 0.0 0.0 0.0 0.0 
84 1 0.0 0.0 0.0 0.0 0.0 0.0 0.0 
