# Cluster list (54 data points):
# "Cluster Identifier" "Cluster Size" "Radius of Gyration" "Gyration Tensor.XX" "Gyration Tensor.YY" "Gyration Tensor.ZZ" "Gyration Tensor.XY" "Gyration Tensor.XZ" "Gyration Tensor.YZ"
1 76 4.1691551677 9.3785293137 3.3707807191 4.6325447798 0.3288747246 -1.7278640139 -0.3298186463 
2 53 3.4845684669 4.6036926655 3.5086476748 4.0298770605 -0.6806069896 -0.6111123303 0.3417038471 
3 47 3.3890583469 3.2902407848 3.7288578111 4.4666178827 0.5691806406 0.7679616887 0.4602193872 
4 40 3.1734777892 4.2442868785 2.8187709448 3.0079034555 0.0417174101 0.1192136546 0.0462241217 
5 40 3.185520175 3.4229065265 3.1228761446 3.6017561144 0.5965374867 -0.6262555347 0.0574902002 
6 39 3.7946998233 2.9780662621 4.2578723869 7.1638080997 0.703975556 -1.3899785019 -3.3060553339 
7 36 3.0975519397 2.8120458136 2.8679649057 3.9148173001 0.1803043726 -0.1815477918 -0.9968612792 
8 33 3.0092822203 3.899567692 2.7514907717 2.4047210176 -0.710922742 -0.041033719 0.1807322619 
9 31 2.899651619 3.3958605416 2.6944132184 2.3177057513 -0.4936623361 0.3321021118 -0.2350664584 
10 30 2.9243835732 2.567062496 3.8863721539 2.0985846335 -0.0333931362 -0.3430351286 -0.5216200798 
11 29 2.8441554382 2.3858826997 3.431300416 2.2720370412 -0.0291027956 -0.1208693951 -0.2038212619 
12 28 2.8259296047 2.0504012962 2.4602797543 3.4751970803 0.2075465798 0.3865018643 0.0150833979 
13 27 2.803221867 2.7509336542 3.15580782 1.9513113613 0.8897887487 0.0047007395 0.3919347064 
14 23 2.6805786155 3.2313115635 2.5000206953 1.4541694552 0.2089385437 -0.2355461026 0.1268842996 
15 23 2.6241378081 2.6259550151 2.047858366 2.212285855 -0.2451457662 0.0241227866 0.0982684218 
16 22 2.6098746483 2.5802846995 2.0556978299 2.1754631504 0.2501920432 -0.2446598672 0.1084800024 
17 21 2.5562671582 1.8257792453 2.7540696768 1.954652862 0.0393603441 -0.4475638055 -0.2804033595 
18 21 2.5639947037 2.0196338604 2.7360407167 1.8183942635 0.3688743915 0.059992407 -0.2750957839 
19 21 2.5715231467 1.9344203521 2.3268682671 2.3514426749 -0.2150411833 0.4224681776 0.3847917452 
20 20 2.4913742588 2.2507070738 1.7313384769 2.2249001468 -0.1114343999 0.46417536 -0.4803264708 
21 18 2.3883389308 1.6375041135 2.3960361362 1.6706225987 0.1984114277 -0.0725989393 -0.3251289709 
22 18 2.4021759429 1.7319861012 2.3477696224 1.6906935371 -0.4058460025 0.1437110986 -0.2575252091 
23 17 2.393127111 2.2054812738 1.6047179377 1.9168581577 -0.0452758422 0.3769405064 -0.5073321912 
24 16 2.2811188754 1.7212698285 1.9121071411 1.570126354 -0.0426128678 -0.0846324302 0.0131432558 
25 15 2.2604629051 1.8437282146 1.3624031107 1.9035612202 0.1875765727 -0.5819495333 -0.1049694396 
26 14 2.1845351255 1.3594744244 2.0415037164 1.371215574 -0.0897943135 0.0317653612 -0.2116157058 
27 14 2.1975699679 1.3723122372 1.9538407533 1.5031607735 -0.0758773379 -0.0617089155 0.3363584626 
28 14 2.1727297334 1.758918785 1.5933283349 1.3685073745 -0.2538174966 0.1121501815 -0.0714070721 
29 14 2.184516137 1.5678843642 1.6627900511 1.5414363375 -0.2781771233 0.1480621117 -0.2336506424 
30 14 2.2065021998 2.1205910205 1.4136327963 1.334428141 -0.1884481309 -0.0035119457 0.002863912 
31 13 2.0681682035 1.4132147491 1.464667887 1.3994370821 -0.0437827367 -0.0109786471 0.0713222659 
32 13 2.0689451188 1.3890338598 1.4045518466 1.4869481983 0.0427605474 -0.0052697695 0.0135128129 
33 13 2.0690690467 1.4076860058 1.4582833521 1.4150773622 -0.045104117 0.0225817885 -0.0412103676 
34 12 2.0397099767 1.4409616727 1.3721285052 1.3473266114 -0.0894778325 -0.1262149326 -0.1569478192 
35 12 2.0695807275 1.5076191766 1.4161346859 1.3594105249 -0.0362729986 -0.009317174 0.156509776 
36 11 2.0276543707 1.3072336838 1.3500600544 1.4540885088 0.3476125941 -0.1551080043 -0.0254776518 
37 11 2.080956799 1.8137783308 1.5688484947 0.9477543738 -0.2491933929 -0.178940328 -0.0665608939 
38 10 2.0039180484 1.2376895414 1.1127403413 1.6652576621 0.510080744 -0.0832545761 0.0618011639 
39 10 1.9900187225 1.4293641302 1.3825018892 1.1483084965 -0.1815761861 -0.3217379462 -0.2741923774 
40 9 1.8910590913 1.031865016 1.1834269986 1.3608124723 0.2687820772 -0.038342602 0.0484361613 
41 9 1.9149573599 1.121067097 0.8503489261 1.6956456671 -0.2356361041 -0.1775614202 -0.2318205999 
42 8 1.7977569627 0.8071488743 1.1097906361 1.3149905867 0.1040595286 0.1139233177 0.2996997253 
43 7 1.7395747954 0.6762024671 1.1102931386 1.2396248631 0.4311787462 -0.0769500951 0.0630302071 
44 7 1.7379313678 1.3374752372 1.0516418337 0.6312883682 -0.0244943689 0.0090297754 0.3766297677 
45 7 1.7199420619 0.463672197 1.2711398147 1.2233886846 0.1732625837 -0.073203546 0.0186163323 
46 7 1.7134532037 1.2932258539 0.5090730453 1.1336229819 0.0770193112 0.0232847554 -0.325103952 
47 6 1.7452210035 1.1851994914 0.6578196212 1.2027772386 0.0848420487 -0.3364985055 0.0299548444 
48 6 1.6040340549 0.8051836568 0.8941132888 0.8736283035 0.0051862295 0.0284340739 -0.0567332467 
49 5 1.5220500786 0.8782105866 0.8376501085 0.6007757466 -0.3123766243 -0.0533842115 0.0612074405 
50 4 1.412179528 0.6495725166 0.646847671 0.6978308317 -0.0517700781 0.0870790158 -0.0225251925 
51 3 1.3211617965 0.0727996485 0.8878834786 0.7847853654 -0.0708421896 -0.2293968379 -0.0019940071 
52 1 0.0 0.0 0.0 0.0 0.0 0.0 0.0 
53 1 0.0 0.0 0.0 0.0 0.0 0.0 0.0 
54 1 0.0 0.0 0.0 0.0 0.0 0.0 0.0 
