# Cluster list (189 data points):
# "Cluster Identifier" "Cluster Size" "Radius of Gyration" "Gyration Tensor.XX" "Gyration Tensor.YY" "Gyration Tensor.ZZ" "Gyration Tensor.XY" "Gyration Tensor.XZ" "Gyration Tensor.YZ"
1 42 7.7420377319 7.9765695093 11.6585675913 40.3040111414 -2.8374668302 -11.2080964492 14.8524163758 
2 35 7.0314044649 36.6379348914 2.2084018038 10.5943120531 2.446424727 9.6410978355 0.4722043004 
3 26 4.8537723029 15.9127232792 3.4624727777 4.1839095113 0.8105171389 0.601228109 -1.5296603406 
4 23 5.5488739143 2.3141511051 17.8700379252 10.6058126866 2.8438985932 2.0451976076 11.3142524256 
5 21 3.9205891514 5.307795415 2.7681684214 7.2950554578 -0.5690310001 2.6612633428 1.4415345402 
6 20 6.3787875304 32.361837926 6.126016273 2.2010761588 -3.7134705487 -2.8280364596 1.4766632095 
7 19 4.6022551574 3.8689602793 3.5767464531 13.735045801 2.2267542988 -4.0012183457 -1.5773110941 
8 19 4.8558124338 16.6230815101 2.8591799327 4.0966529492 -3.7033097093 -3.4235447367 0.4693923519 
9 19 3.3947401749 2.8524364876 4.7729315386 3.8988928286 -0.6402289636 -1.0265019977 1.9030242048 
10 18 5.6850812928 15.6689934869 11.7285367453 4.9226190734 8.1181871721 -1.9889874951 2.3248171234 
11 18 3.3469914451 4.7522176737 5.0916659039 1.3584681558 2.6119326607 -0.7218767548 -0.9413855592 
12 18 4.4598154766 7.2388205697 4.4466768044 8.2044567115 2.1680501343 -4.4314930359 1.2837220685 
13 18 3.0703601953 4.7091067433 2.8993614739 1.8186435115 1.8962270627 0.2609830616 0.1238014443 
14 17 4.0310159336 4.5358197803 1.7456683592 9.9676013178 0.8072197793 -0.7965926807 0.8383804526 
15 17 3.2793991494 1.6033397077 3.907021668 5.2440974056 -0.1750121995 -1.2722422164 1.1343028967 
16 16 3.6425856215 3.7432196533 5.8144475085 3.7107628485 1.6188153675 2.8424985834 0.9286494755 
17 14 2.6341637633 1.9835670304 2.9753979136 1.9798537879 -1.0456363236 -0.0898143737 0.3548615669 
18 13 5.5011647946 23.8661668917 1.3400233855 5.0566238196 2.6798599456 -9.3863203936 -0.9778776414 
19 13 5.4856729947 7.7951069266 16.5303143219 5.7671869568 -9.1265319525 5.4662539322 -8.5264081784 
20 12 4.6986543843 4.033722757 4.939015968 13.104614298 3.7176416115 6.2063588804 6.5492175148 
21 12 3.1718676417 3.7215843324 4.0301989195 2.3089610844 -0.6328102663 -0.311766322 -2.1410893692 
22 12 3.0135768498 1.9301628679 3.9230598654 3.2284226961 1.768733428 1.4874238644 0.8671422981 
23 12 5.3517769458 4.3651708824 20.7109244024 3.565421193 4.6200631492 3.2158988076 2.7828645594 
24 12 2.7726627424 1.5390116119 3.0824665923 3.0661804791 -0.5734648924 -1.3278014456 1.4265371147 
25 11 2.6722212842 1.0582496417 3.0723249663 3.0101919836 0.7112078771 0.5233436934 0.510150683 
26 11 3.5059198836 2.4641362509 8.7555847987 1.0717531809 3.2063635804 -0.4051152014 -1.2231670111 
27 10 4.1769675367 3.8717014706 4.3234386806 9.2519176511 2.7323098536 -3.5932467477 -4.2886209733 
28 10 2.4626402277 2.3185592029 2.1007138301 1.6453238581 -0.6693434974 0.169511648 -0.6480856401 
29 10 2.4836974948 2.3067905681 2.8229930489 1.038969629 0.6167558682 0.4301754249 0.0257218369 
30 10 2.575454077 3.2355290262 2.0454427033 1.3519919731 -1.4841504711 -0.7419984135 0.222651652 
31 9 2.3428849513 1.4888934877 2.4338095718 1.5664068357 -0.7540221774 -0.389154692 0.241465191 
32 9 4.0166259173 5.1392723707 3.4339379619 7.5600734272 -2.7424953654 5.6177104563 -3.444403149 
33 9 3.1718698244 4.629530142 2.9351038821 2.4961241586 -2.5579618606 2.0445198447 -1.1100569544 
34 9 3.1382968956 3.187475431 4.7939131438 1.8675188304 1.4184385323 -1.6552434971 -0.1023649534 
35 9 2.3633691046 1.8405853952 2.2510565515 1.4938715779 0.0382962178 0.358806029 0.4855593387 
36 9 2.2896979001 0.8566533918 2.9779666535 1.4080964284 0.2765299831 -0.3546849702 -0.7755503805 
37 9 3.0286820787 4.1859433929 1.6088358133 3.3781359275 -1.294822793 -1.3568175422 1.4493602942 
38 8 2.9729460398 4.2002889126 2.1846987011 2.4534205418 1.5669152368 2.623342622 0.6221279879 
39 8 3.5320815547 8.1943098917 1.6926585196 2.5886316979 -2.0628945114 3.5838475573 -1.1579371746 
40 8 2.4400797124 1.8001731135 1.049573566 3.1042423234 -0.3436460432 1.6312999551 -0.1719004769 
41 8 2.6010931743 1.6823687068 1.8101575362 3.2731594582 -0.3502421507 0.3557790051 1.2725504005 
42 8 2.8485191757 1.3896690854 1.6316871044 5.0927053043 0.2535336254 1.8285763475 1.399115821 
43 8 3.5204266976 7.6978669831 1.4614245461 3.2341126043 2.2593278529 2.1226339007 0.4188911787 
44 8 2.5092458327 3.573140436 0.9538517195 1.7693224934 -0.2451791276 -0.0387410037 0.4383622533 
45 8 2.4319570128 2.5221364686 1.7682554497 1.6240229938 -0.9200091813 0.1895584958 -0.4992803181 
46 8 3.1164030065 1.60316478 7.2401130071 0.8686899121 2.4114315624 0.0418380881 0.4600196264 
47 7 1.8862893315 1.4204807092 1.0330967485 1.1045099846 -0.0633690765 -0.4573585815 -0.3233867928 
48 7 2.2926172996 0.649214582 1.1439967239 3.4628827767 0.1333296921 -0.4300766282 -0.5399510344 
49 7 2.2301201719 2.0754923643 1.2243185081 1.6736251086 0.8623015849 0.7822409836 -0.2608362892 
50 7 2.4540183087 0.8810045801 3.5869882466 1.5542130329 -0.5388428065 0.3316686386 -0.9151616889 
51 7 2.8558986558 1.1827420525 3.4347631221 3.5386519577 -1.3561025645 1.3977563997 -2.7139922233 
52 7 2.5448785676 1.5587552213 2.9981495075 1.919502195 0.94526835 -1.1141723565 0.0831037368 
53 7 2.8984550403 0.6316530574 1.0847131113 6.6846754517 -0.143554994 -0.8968212271 -1.3865574322 
54 7 2.3236730626 3.3377895712 0.6185528159 1.4431141149 -0.7466818457 -1.2955399305 0.4210410153 
55 7 2.2491846699 0.5381520023 1.4789913314 3.0416883459 -0.3547969778 0.4180868828 0.3002513144 
56 7 2.2338256837 3.5198286317 0.98218099 0.4879675634 -0.2687710095 0.6720185787 -0.0346018657 
57 6 1.8208455148 0.7154787646 1.1852829546 1.4147166696 -0.1294362479 0.0278933949 -0.0030984366 
58 6 2.3805533217 1.5379248505 2.1999654535 1.9291438134 -0.8199259089 1.2170470395 -1.4644270435 
59 6 3.2691610732 9.2646389318 0.9933937859 0.429381405 -1.8515617314 0.6899545802 0.2643970576 
60 6 2.3177905035 0.6063686718 2.8042566451 1.9615275014 0.5962084011 0.0227600694 0.2881540019 
61 6 2.8544479775 1.7456493569 3.5624912885 2.839732611 -1.7604905995 0.3346843187 0.9927333871 
62 6 1.9973781989 0.9737570214 0.5739385351 2.441824113 0.2341418297 -0.1626050296 0.1079317063 
63 6 1.9893782793 1.753718774 1.3339439015 0.8699632627 0.2438343514 0.4046268158 0.1718815298 
64 6 1.7824243393 1.1893942413 0.6522142912 1.3354279929 -0.3639281628 -0.217236293 -0.0816962445 
65 5 1.7728356682 0.9631665913 0.9638666649 1.2159130505 -0.1659357929 -0.5188013453 0.1110003598 
66 5 2.137057285 1.8956205476 1.7747606389 0.8966326527 -0.7989200734 -0.7396784125 0.387418699 
67 5 2.2431993352 0.7400260717 3.4935336193 0.7983835667 -0.3844989959 -0.4423741422 0.4388192564 
68 5 2.0302470443 1.1881917884 1.1807180243 1.7529932482 -0.1169781765 0.9480523117 -0.6691170901 
69 5 2.3943442985 0.665756822 0.7123807272 4.3547470704 -0.1504113048 1.5024693957 -0.9427121335 
70 5 2.4433487867 1.5483910393 1.6562396824 2.7653225719 1.0141389779 1.6782854032 1.5661496132 
71 5 2.1829611291 1.3318449043 2.2209598304 1.2125145565 0.6847607439 0.0515809304 0.2596378528 
72 5 1.9142269796 1.0868680928 0.3842978844 2.1930989522 0.0181043262 -0.1696789198 -0.2312748184 
73 5 3.0497246025 3.9775717159 0.6837531718 4.6394952636 -0.926400748 4.0368688402 -0.9652758152 
74 4 1.755208868 1.0196010278 1.3382980993 0.7228590431 0.2925433964 0.619322382 0.647993135 
75 4 2.1438660625 1.2223878201 0.5558662454 2.8179076285 0.3854772809 1.1790943273 0.6115755631 
76 4 1.7389825869 1.6144442128 0.3467293577 1.0628868669 0.3867477997 0.5233631211 -0.1857300277 
77 4 1.5924648477 0.7390695944 0.9611292448 0.8357454521 0.2476693978 0.1364764199 0.4764258756 
78 4 1.7671517194 0.07485207 2.0894799654 0.958493164 0.0023376786 0.0481781386 -0.5919147737 
79 4 2.7924688402 0.4345663415 3.8475035121 3.5158123701 -0.8467793672 -0.312796583 3.2564554147 
80 4 1.7882366886 0.4115750442 1.2072515068 1.5789639035 0.3476079515 -0.0658676064 -0.6430463893 
81 4 1.8030421041 1.0297692972 0.5799082608 1.6412832712 0.1629112098 -0.9246688684 -0.1339628527 
82 4 1.9313012464 1.061011056 1.0091916725 1.659721776 0.5554333423 0.9659182175 0.706009457 
83 4 2.1099504913 2.5869352605 1.0652743213 0.7996814939 1.311826285 0.9536072846 0.0976347593 
84 4 2.0012949345 1.1802752259 0.8134895125 2.0114166765 0.7902427977 -1.1451339265 -0.3196245029 
85 4 2.1956869386 2.1739352186 1.8591634674 0.7879424465 0.5812741875 -1.1834408916 -0.7521790776 
86 4 1.6199733331 0.7417509427 1.1210801462 0.761482511 0.3259616394 -0.1351156661 0.4174004062 
87 4 1.9393820622 1.0446057195 2.1600604429 0.5565366206 0.3863592413 -0.21837086 0.1607907679 
88 3 1.8271795135 0.625330256 0.6379942753 2.0752604434 -0.620918268 0.7225878687 -0.5543556763 
89 3 1.3026542141 0.187194504 0.8513615885 0.6583519091 -0.1797611577 -0.2930464982 -0.08665906 
90 3 1.8056114425 0.5203195565 2.2155834602 0.5243296645 0.3668081229 0.37234524 -0.4479049323 
91 3 1.8596284825 1.8689683324 1.4209356807 0.1683140797 -1.5136070693 -0.3168462724 0.1070664316 
92 3 1.7701757395 1.6049361878 0.2798289335 1.2487570275 0.3955195386 0.9047459738 -0.1440667057 
93 3 1.6520816576 1.6981591962 0.5989741658 0.4322404415 0.0452045958 0.8514146831 -0.0339522749 
94 3 1.5726984269 1.4799836043 0.1816597278 0.8117370099 -0.4070545621 -0.1554080381 -0.1927208294 
95 3 1.3365034909 0.6158615448 0.6832388159 0.4871412205 0.2877078584 0.296894868 -0.2958197408 
96 3 1.9886938746 0.5813354372 2.2904550608 1.0831128289 -0.8946306341 -0.486819193 1.5347622517 
97 3 1.5134819969 1.14842277 0.0220226029 1.1201823821 0.0773105983 -0.4698610951 -0.156555766 
98 2 1.2450406894 0.0073438422 1.0027121789 0.5400702973 -0.0858123534 -0.0629777027 0.7358906607 
99 2 1.1485038995 0.0950118954 0.2477971181 0.9762521936 -0.1534394795 -0.3045579933 0.4918459923 
100 2 1.5558098543 0.0142321221 0.1103058728 2.2960063077 -0.0396217952 0.1807679234 -0.5032524017 
101 2 1.2028924384 1.2993659605 0.1152713475 0.0323129102 -0.3870137791 -0.2049055772 0.0610307521 
102 2 1.3086485816 0.3466859467 1.2472067166 0.118668447 0.6575629561 -0.2028316614 -0.3847129893 
103 2 1.7394409728 2.5659065326 0.3437341491 0.1160142162 0.9391430662 -0.5456020851 -0.199694887 
104 2 1.1086002753 0.0245274427 0.6876845896 0.516782538 -0.1298735706 -0.112584875 0.5961404093 
105 2 1.024313779 0.0187946398 0.0116071723 1.0188169057 -0.0147699906 -0.1383773709 0.1087454981 
106 2 1.058922368 1.0613886839 0.0179693737 0.0419585239 0.1381031855 0.2110315201 0.0274584849 
107 2 1.2047798425 1.0032986142 0.4274164206 0.0207794341 0.6548483049 -0.144388287 -0.0942415585 
108 2 1.4783592665 0.087106651 0.4777156078 1.6207238621 -0.2039907025 -0.3757337193 0.8799119756 
109 2 1.2409071098 0.3856638652 0.5592581387 0.5949284513 0.4644196975 0.4790014677 0.57681763 
110 2 1.2713132557 0.5327430503 0.9440826501 0.1394116937 0.7091921254 -0.2725263491 -0.3627894172 
111 2 1.3731093414 1.1291453965 6.3970532301e-04 0.7556441615 0.0268760176 -0.9237056492 -0.0219861227 
112 2 1.3378811686 0.6226828412 0.1631075959 1.0041355841 -0.3186915456 -0.7907325708 0.4047000631 
113 2 1.217377679 0.7659070752 0.034543998 0.6815573402 -0.1626575926 -0.7225023107 0.1534396147 
114 1 0.0 0.0 0.0 0.0 0.0 0.0 0.0 
115 1 0.0 0.0 0.0 0.0 0.0 0.0 0.0 
116 1 0.0 0.0 0.0 0.0 0.0 0.0 0.0 
117 1 0.0 0.0 0.0 0.0 0.0 0.0 0.0 
118 1 0.0 0.0 0.0 0.0 0.0 0.0 0.0 
119 1 0.0 0.0 0.0 0.0 0.0 0.0 0.0 
120 1 0.0 0.0 0.0 0.0 0.0 0.0 0.0 
121 1 0.0 0.0 0.0 0.0 0.0 0.0 0.0 
122 1 0.0 0.0 0.0 0.0 0.0 0.0 0.0 
123 1 0.0 0.0 0.0 0.0 0.0 0.0 0.0 
124 1 0.0 0.0 0.0 0.0 0.0 0.0 0.0 
125 1 0.0 0.0 0.0 0.0 0.0 0.0 0.0 
126 1 0.0 0.0 0.0 0.0 0.0 0.0 0.0 
127 1 0.0 0.0 0.0 0.0 0.0 0.0 0.0 
128 1 0.0 0.0 0.0 0.0 0.0 0.0 0.0 
129 1 0.0 0.0 0.0 0.0 0.0 0.0 0.0 
130 1 0.0 0.0 0.0 0.0 0.0 0.0 0.0 
131 1 0.0 0.0 0.0 0.0 0.0 0.0 0.0 
132 1 0.0 0.0 0.0 0.0 0.0 0.0 0.0 
133 1 0.0 0.0 0.0 0.0 0.0 0.0 0.0 
134 1 0.0 0.0 0.0 0.0 0.0 0.0 0.0 
135 1 0.0 0.0 0.0 0.0 0.0 0.0 0.0 
136 1 0.0 0.0 0.0 0.0 0.0 0.0 0.0 
137 1 0.0 0.0 0.0 0.0 0.0 0.0 0.0 
138 1 0.0 0.0 0.0 0.0 0.0 0.0 0.0 
139 1 0.0 0.0 0.0 0.0 0.0 0.0 0.0 
140 1 0.0 0.0 0.0 0.0 0.0 0.0 0.0 
141 1 0.0 0.0 0.0 0.0 0.0 0.0 0.0 
142 1 0.0 0.0 0.0 0.0 0.0 0.0 0.0 
143 1 0.0 0.0 0.0 0.0 0.0 0.0 0.0 
144 1 0.0 0.0 0.0 0.0 0.0 0.0 0.0 
145 1 0.0 0.0 0.0 0.0 0.0 0.0 0.0 
146 1 0.0 0.0 0.0 0.0 0.0 0.0 0.0 
147 1 0.0 0.0 0.0 0.0 0.0 0.0 0.0 
148 1 0.0 0.0 0.0 0.0 0.0 0.0 0.0 
149 1 0.0 0.0 0.0 0.0 0.0 0.0 0.0 
150 1 0.0 0.0 0.0 0.0 0.0 0.0 0.0 
151 1 0.0 0.0 0.0 0.0 0.0 0.0 0.0 
152 1 0.0 0.0 0.0 0.0 0.0 0.0 0.0 
153 1 0.0 0.0 0.0 0.0 0.0 0.0 0.0 
154 1 0.0 0.0 0.0 0.0 0.0 0.0 0.0 
155 1 0.0 0.0 0.0 0.0 0.0 0.0 0.0 
156 1 0.0 0.0 0.0 0.0 0.0 0.0 0.0 
157 1 0.0 0.0 0.0 0.0 0.0 0.0 0.0 
158 1 0.0 0.0 0.0 0.0 0.0 0.0 0.0 
159 1 0.0 0.0 0.0 0.0 0.0 0.0 0.0 
160 1 0.0 0.0 0.0 0.0 0.0 0.0 0.0 
161 1 0.0 0.0 0.0 0.0 0.0 0.0 0.0 
162 1 0.0 0.0 0.0 0.0 0.0 0.0 0.0 
163 1 0.0 0.0 0.0 0.0 0.0 0.0 0.0 
164 1 0.0 0.0 0.0 0.0 0.0 0.0 0.0 
165 1 0.0 0.0 0.0 0.0 0.0 0.0 0.0 
166 1 0.0 0.0 0.0 0.0 0.0 0.0 0.0 
167 1 0.0 0.0 0.0 0.0 0.0 0.0 0.0 
168 1 0.0 0.0 0.0 0.0 0.0 0.0 0.0 
169 1 0.0 0.0 0.0 0.0 0.0 0.0 0.0 
170 1 0.0 0.0 0.0 0.0 0.0 0.0 0.0 
171 1 0.0 0.0 0.0 0.0 0.0 0.0 0.0 
172 1 0.0 0.0 0.0 0.0 0.0 0.0 0.0 
173 1 0.0 0.0 0.0 0.0 0.0 0.0 0.0 
174 1 0.0 0.0 0.0 0.0 0.0 0.0 0.0 
175 1 0.0 0.0 0.0 0.0 0.0 0.0 0.0 
176 1 0.0 0.0 0.0 0.0 0.0 0.0 0.0 
177 1 0.0 0.0 0.0 0.0 0.0 0.0 0.0 
178 1 0.0 0.0 0.0 0.0 0.0 0.0 0.0 
179 1 0.0 0.0 0.0 0.0 0.0 0.0 0.0 
180 1 0.0 0.0 0.0 0.0 0.0 0.0 0.0 
181 1 0.0 0.0 0.0 0.0 0.0 0.0 0.0 
182 1 0.0 0.0 0.0 0.0 0.0 0.0 0.0 
183 1 0.0 0.0 0.0 0.0 0.0 0.0 0.0 
184 1 0.0 0.0 0.0 0.0 0.0 0.0 0.0 
185 1 0.0 0.0 0.0 0.0 0.0 0.0 0.0 
186 1 0.0 0.0 0.0 0.0 0.0 0.0 0.0 
187 1 0.0 0.0 0.0 0.0 0.0 0.0 0.0 
188 1 0.0 0.0 0.0 0.0 0.0 0.0 0.0 
189 1 0.0 0.0 0.0 0.0 0.0 0.0 0.0 
