# Cluster list (47 data points):
# "Cluster Identifier" "Cluster Size" "Radius of Gyration" "Gyration Tensor.XX" "Gyration Tensor.YY" "Gyration Tensor.ZZ" "Gyration Tensor.XY" "Gyration Tensor.XZ" "Gyration Tensor.YZ"
1 76 4.1143166619 7.4050217707 4.2071400542 5.3154397692 1.5655346682 -2.1540694475 -0.8534877465 
2 58 4.2179362789 9.4861059661 4.1230519176 4.1818285692 -2.8765788007 -2.8223864835 1.4817133018 
3 53 3.4749447545 3.8460673879 4.0818122264 4.1473614327 0.149296015 -0.1164615043 0.5853120406 
4 53 3.4733854214 4.638156757 3.4053067964 4.0209427321 -0.4615462244 -0.6311369749 0.3822608597 
5 47 3.4017226447 4.3949361199 3.7236590424 3.4531217888 0.5191503797 1.0113936337 0.4794141288 
6 40 3.1878096663 2.8210836361 3.7004386287 3.6406082038 0.2426873277 -0.6009660262 -0.3616861254 
7 39 3.1463596743 3.0157675174 4.0700946268 2.8137170561 -0.6812886818 0.1025663339 -0.1843279019 
8 36 3.1112385964 3.1853249251 3.0282765461 3.4662041323 0.693634666 -0.4685636629 -0.8761698693 
9 33 3.0231798199 2.9383339654 3.4765933594 2.7246888985 -0.8128582287 0.5264666948 -0.4124398101 
10 31 2.9325316186 2.3674453737 2.7888412179 3.4434551024 0.5641466332 0.2172539519 -0.234024391 
11 31 2.8979113948 2.669802279 3.4745522277 2.2535359453 -0.4317856877 0.1072846082 -0.2130149676 
12 28 2.8229427473 2.2472096142 2.5696631055 3.1521330346 0.0847012861 -0.6883450239 0.0478830254 
13 27 2.8306024268 2.9239436062 3.1673930797 1.9209734124 0.7615308344 0.4135744562 0.5233666212 
14 23 2.6793551203 3.3142012055 2.4093796735 1.4553629819 -0.2012831762 6.7048672322e-04 -0.212963633 
15 23 2.6088510735 2.0070162666 2.6413774621 2.1577101949 0.0194779552 0.1781916864 -0.0686544478 
16 22 2.6057298759 2.7197607042 2.1302262844 1.9398411974 0.1415044796 -0.1363750728 0.1431636152 
17 21 2.5426927668 2.2881851171 2.3117044625 1.8653969265 0.5447394271 -0.3249354253 0.1298968006 
18 21 2.5511647604 1.6543849041 2.8364642574 2.0175924733 -0.1326211887 0.046288269 0.0326898082 
19 21 2.5715066013 2.7501069235 2.272879768 1.5896595089 0.1066121207 -0.0151536692 -0.2393291071 
20 20 2.5873548433 2.5430665377 1.7056830752 2.4456554725 -0.3519504964 0.4729311548 -0.4329928599 
21 20 2.4873659004 2.1996602908 1.8573889573 2.1299398744 -0.0214467458 0.6819470711 -0.2088038985 
22 17 2.4042921354 2.3678091566 2.0159548252 1.3968566907 -0.1730877647 0.5146223972 -0.1312890417 
23 16 2.3068618657 1.3983212215 2.2534520792 1.6698383666 0.3747674294 -0.1849165365 -0.1569549699 
24 15 2.2520900019 1.7877180369 1.6468326912 1.6373586487 -0.3103169729 0.4414243255 -0.3086539359 
25 15 2.2542389464 1.4200867453 1.311747252 2.3497592303 -0.053183122 0.1154796795 0.1944796359 
26 15 2.2516898524 1.5771958267 2.2079122643 1.2849991004 0.368126451 0.0175205015 -0.1062059572 
27 14 2.179063939 1.9588076235 1.4009747516 1.388537275 0.2253985799 0.0845857185 0.0550673532 
28 14 2.1768009616 1.6978670217 1.5732970676 1.467298337 0.3108173948 0.2485001828 0.2003621892 
29 14 2.1586195937 1.8404585486 1.4614267617 1.3577532399 -0.2803081166 -0.1418813878 0.0612164538 
30 13 2.0850807417 1.4594617164 1.424613861 1.4634861221 0.0137439817 -0.0090144418 0.0286138758 
31 13 2.0750581518 1.4852196496 1.4327705676 1.3878761161 -0.0095104359 0.0386286084 8.1839973591e-04 
32 12 2.064467342 1.5859791921 1.3477536359 1.328292578 0.1036462522 -0.03641571 0.2164294363 
33 12 2.0649999859 1.1414606526 1.5159745146 1.6067897747 0.081603979 0.0879013134 -0.016254061 
34 11 2.097617412 1.3541459783 1.5358957848 1.5099570442 -0.6118376749 0.0098682052 -0.1759026653 
35 11 2.0176350514 1.3733390958 1.1820655911 1.5154465136 -0.0378213891 0.2207640356 0.2686707515 
36 10 1.9684941338 1.5827124402 1.1540779912 1.1381787234 0.0289134864 -0.0270531057 0.4836856499 
37 10 1.9741388829 1.4759037973 1.3924693092 1.0288512226 0.1790411821 -0.3229666892 0.3212290207 
38 9 1.9362396707 1.3719931662 0.8625998822 1.5144310142 -0.1701790891 -0.1442185481 0.5179506436 
39 9 1.9016965593 1.2008030784 1.0357648113 1.3798819138 -0.2231489968 0.0539745635 0.0149238507 
40 8 1.8029807122 1.4119915257 0.8148468476 1.0239010754 0.0444891479 -0.3492810439 0.0189943673 
41 7 1.7606006312 0.7447041025 1.0516466653 1.3033638147 0.4812817591 0.1093852724 -0.0550980277 
42 7 1.7145086129 0.6022993872 1.0531706874 1.2840697092 -0.3557770854 -0.0112410966 -0.0450094557 
43 7 1.7171805695 0.9180948246 1.2310486214 0.7995656622 0.1237130045 0.4141489569 -0.1181918229 
44 6 1.5921383528 0.7689772969 0.8644193222 0.9015079153 -0.0226401831 0.052175827 -0.0170809516 
45 5 1.5302671264 1.1115735147 0.56733574 0.6628082236 0.1047621577 0.3008835096 0.0064057477 
46 4 1.4198513384 0.7234570397 0.641130701 0.6513900824 0.0181049856 0.0665761597 -0.0094241374 
47 3 1.3224318057 0.784211326 0.2722302591 0.6923842956 -0.0854825501 -0.0341717345 -0.4224732628 
