# Cluster list (41 data points):
# "Cluster Identifier" "Cluster Size" "Radius of Gyration" "Gyration Tensor.XX" "Gyration Tensor.YY" "Gyration Tensor.ZZ" "Gyration Tensor.XY" "Gyration Tensor.XZ" "Gyration Tensor.YZ"
1 76 4.1126479471 6.9010139276 5.1486594577 4.8641997513 2.3139950969 -1.8143784605 -1.0628766489 
2 74 3.9334414638 5.9986116974 5.0685163597 4.404833692 0.9868033631 0.323972096 1.1190690567 
3 70 4.982786557 3.6690428491 16.7105152085 4.4486038151 -2.9975614728 -1.3382060506 4.2819922837 
4 58 3.5600040329 5.1035669984 3.6998671906 3.8701945251 0.1567573926 -0.1122489129 0.0252003023 
5 53 3.4581319846 4.3128595534 3.7452010219 3.9006162473 0.2809991019 0.057638644 0.4519131121 
6 47 3.3406721122 3.9397399272 3.8822266841 3.3381235497 0.4853552333 0.7480890159 0.1885951397 
7 39 3.1466095688 2.7649756164 4.3519948715 2.7841812906 0.3132549313 -0.1061908179 -0.3547324789 
8 36 3.1047362788 2.7488670575 4.2008457212 2.6896745825 0.256831471 -0.0335377787 -0.8847136879 
9 33 3.0106234342 2.7860705837 3.7100669346 2.5677159444 -0.6317995771 0.3499394674 -0.3269402556 
10 31 2.9159840574 2.2196746449 3.1666179471 3.1166704309 0.2055530308 -0.6016066827 2.8979094012e-04 
11 31 2.89819509 3.3664612633 2.3410492254 2.6920242909 0.0840227577 0.6096340972 -0.0838979095 
12 31 4.6823793944 18.2856533181 1.6623005455 1.9767229294 1.8714403525 -0.7235312819 -0.0947234119 
13 31 2.9488948275 3.7092323552 2.2381802871 2.7485680614 0.20010832 0.1963979586 0.3758860559 
14 28 2.8262560133 2.0109522325 2.5737746181 3.4029962021 0.0445771263 0.3552325274 0.0208296378 
15 27 2.8040165098 2.1226522346 2.5652818175 3.1745745351 0.1602220941 0.5758809685 0.8022247326 
16 23 2.6118821582 1.9379668872 2.639119587 2.2448419342 -0.0543470123 0.1102472243 0.1264385445 
17 21 2.5836425934 2.7571734054 2.2201953868 1.6978402585 0.0482303872 -0.074734393 -0.4308719807 
18 20 2.5007318635 1.5841202349 2.517425811 2.1521138073 -0.0780284697 -0.2212499022 -0.1789767508 
19 20 2.4979745682 2.3131718447 1.9100925939 2.0166125049 -0.3031674889 0.6473286715 -0.0488127531 
20 18 2.4746926985 2.0641644235 1.7241641522 2.3357753762 0.1146565818 0.1816166866 -0.7252621324 
21 17 2.4015183463 1.9648723228 2.6170607619 1.1853572829 0.1138916772 -0.0107410088 -0.104281478 
22 16 2.3271680724 1.4573229231 2.2475983969 1.7107899171 0.2332244991 0.2732678498 0.3455528409 
23 15 2.2522770696 1.4095987285 2.243050212 1.4201030575 -0.1747312581 0.1309791158 -0.3038260077 
24 15 2.259504709 1.5209444195 1.9003629669 1.6840541437 0.2987947278 0.3297815301 0.3844987546 
25 14 2.1948576497 1.6604514424 1.5399553849 1.616993275 -0.2694607869 0.2305134591 -0.1833677136 
26 14 2.1688585792 1.6545039712 1.3579335872 1.6915099781 -0.1545197882 -0.3507633142 0.1345905516 
27 14 2.1783598614 2.0882811162 1.3050511738 1.3519193956 -0.0303999042 -0.1073676524 -0.0126808441 
28 13 2.0644875176 1.391603823 1.4664146961 1.4040901913 0.013232286 -0.0085114031 -0.0133572728 
29 13 2.0772028941 1.4763699888 1.4416058316 1.396796043 -0.0140817451 0.0163524501 -0.0456105152 
30 12 2.0642124013 1.5748282457 1.4222741587 1.2638704334 -0.0105108062 0.007951856 -0.1582400434 
31 12 2.0402263369 1.4869948148 1.3570059066 1.3185227843 -0.0494173403 -0.1044916736 -0.2268658434 
32 11 2.0400453174 1.4096315432 1.3064953708 1.445657983 -0.2890805884 0.0123665305 -0.3341781957 
33 11 2.0209617515 1.5333655947 1.4667296701 1.0841911361 -0.2038841369 -0.1228324464 -0.1663776554 
34 10 2.0040888512 1.5071568435 0.8418139329 1.6674013469 -0.3326809612 0.0239311869 0.1741479189 
35 9 1.8909293168 1.3290178462 1.3994310905 0.8471647444 -0.0462061342 0.0356715145 0.0084395058 
36 8 1.8246203784 0.9280090888 1.4950601639 0.9061702725 0.1373469193 -0.1875542964 -0.2882619767 
37 7 1.7392586027 0.7611467935 0.9267703861 1.3371033074 -0.4053137897 0.1611708831 0.1032352777 
38 7 1.736222778 1.3350338937 1.078592177 0.6008434642 -0.041253081 0.0419380697 0.3906325137 
39 6 1.6005964108 0.8164594323 0.9219600443 0.8234893935 0.0057262772 0.0438874783 0.0189696757 
40 5 1.5490656287 0.5707369051 0.6708899357 1.1579774812 0.0309200084 -0.2640251093 -0.1360152442 
41 4 1.4329241189 0.6575927742 0.7564346801 0.6392440762 6.4077176148e-04 0.0123321954 -0.0327709044 
