# Cluster list (107 data points):
# "Cluster Identifier" "Cluster Size" "Radius of Gyration" "Gyration Tensor.XX" "Gyration Tensor.YY" "Gyration Tensor.ZZ" "Gyration Tensor.XY" "Gyration Tensor.XZ" "Gyration Tensor.YZ"
1 53 3.9686320176 4.8956423046 3.4479758216 7.4064219651 -1.1227746386 -2.763305127 1.2939407237 
2 40 3.3094450017 4.8776680777 2.8139393737 3.2608187681 -0.1772466607 0.2291425612 -0.2425661342 
3 38 4.4770882619 2.5586902544 6.6380163626 10.8476126875 -1.521810836 -2.1273608471 4.5803194239 
4 37 3.2651600605 4.3707001776 2.8417477252 3.4488223179 0.4988335321 -0.6830438334 0.0403254825 
5 35 3.5351625281 2.1912260335 2.2198503014 8.086297765 0.3420721664 -0.6132023102 -0.4287245571 
6 31 3.1216489883 3.6290501829 4.2189783742 1.8966638493 -0.5558358263 -0.0078117531 -0.3613534676 
7 27 4.4512524782 2.6857119166 12.9415917349 4.1863449731 2.9412033304 1.5080073412 5.1489071783 
8 24 2.7863941943 2.5484403558 2.8991875978 2.3163646526 -0.3947886957 -0.2231613573 -0.2004873409 
9 23 2.753786884 2.9245935292 2.6077065236 2.0510421496 0.3371054035 -0.0880288375 -0.0190614907 
10 22 2.66630395 2.2022761831 2.9791508352 1.9277497353 -0.316615921 -0.1416276543 0.0246816672 
11 21 3.2048466892 2.901547503 1.682737183 5.6867576154 0.4539176962 -2.5098498297 -0.7112247974 
12 21 2.6503758777 2.7110239067 2.1727331717 2.1407352144 0.6153447627 0.0551021971 -0.1347284314 
13 20 2.6503411676 2.1012720591 2.6551392654 2.2678969804 -0.4806699503 -0.7717898222 0.5137865277 
14 20 2.6005739684 1.8141256927 2.3719596425 2.5768996301 -0.1574466265 0.1894781658 -0.0608951939 
15 20 3.6274001702 8.1167259365 1.3047607729 3.7365452855 0.1570266339 -4.3210832903 -0.1782870653 
16 20 2.6861885722 2.4593326046 2.2535796166 2.5026968244 -0.0679031393 0.2615053353 0.598485302 
17 20 2.7540488042 2.3086749301 1.9348522851 3.3412576006 -0.1100860579 0.9480547822 -0.3965769873 
18 20 2.5830041253 2.8063720148 1.8074503802 2.0580879163 0.04612653 -0.8236660708 -0.1279781761 
19 19 2.6745833761 2.2300474242 2.1384106364 2.7849381751 -0.2257110409 0.1956211846 0.4083622825 
20 19 2.524421871 1.8718980067 2.0117385479 2.4890692283 0.1728460601 0.4339547572 0.1807832164 
21 17 2.4042194883 1.6699175073 2.4789038189 1.6314500218 -0.3729178762 0.0621472898 -0.0760146453 
22 17 3.6881949168 1.768337432 2.2281468435 9.6062974689 -0.8482433057 2.1594972883 -2.9722864792 
23 16 3.1820256787 2.543313591 1.2347705914 6.3472032379 0.0680698229 -2.9763281227 -0.2000528524 
24 14 2.9245673289 3.8155583082 3.5560110371 1.181524716 -2.9225140262 -0.5391234918 0.5254639464 
25 14 2.3089665358 2.4752001806 1.6634519666 1.1926743163 -0.2158800009 0.0424818205 -0.0373520645 
26 14 2.7115155619 1.2850156264 2.2711500866 3.7961509297 0.6707466365 0.8891076602 1.8191007098 
27 14 2.1790809938 2.01228432 1.3945859897 1.3415236678 -0.2350793783 0.1137941146 -0.0680904575 
28 14 2.2914910075 1.5385936416 2.3493248991 1.3630124967 0.1090526347 0.1843341967 -0.2215682681 
29 13 2.2517556293 1.9456282173 1.7775426617 1.3472325349 0.3870475741 -0.025441095 -0.2931989729 
30 13 2.2565802264 1.8611420496 1.5348629818 1.6961492866 -0.3668569641 -0.2805652454 0.0018104599 
31 13 2.269660941 1.532577139 1.6271038512 1.9916797967 0.1968228184 0.3126411181 0.1964138691 
32 13 2.1132115542 1.4660715727 1.5452859924 1.4543055077 0.0639138289 -0.0542733566 0.0083418743 
33 12 2.1389141354 1.489013966 1.4094627923 1.6764769202 0.0706963519 0.0895282334 -0.0268636585 
34 12 2.1786278113 1.7490056524 1.4058599533 1.5915535347 0.1500886963 0.1703705872 0.0068260025 
35 11 2.207777424 0.8176012879 1.7395557728 2.3171240934 0.0293651815 -0.4833733119 0.1499123224 
36 11 2.1182538468 1.4043609806 1.5332636096 1.5493747694 0.0175440935 -0.0853486028 0.0240419222 
37 10 2.0483360973 2.1172825284 0.8179232746 1.2604749647 0.0482945113 -0.0491681652 0.2131124054 
38 10 2.1054101364 1.3279085208 1.5066634823 1.5981798394 0.0092497759 0.3773465081 0.0878486788 
39 9 1.9258391948 1.5522768513 1.1019762539 1.0546034991 -0.0783348507 0.0152042952 0.2571261565 
40 9 2.263607204 1.3212735707 2.2956553841 1.5069886193 0.6440089695 -0.3018859118 -0.2834636055 
41 9 1.9063916322 1.0014109785 1.3870759638 1.2458421131 -0.0683531719 -0.2160150798 -0.1449487287 
42 9 1.9637404065 1.1300944492 1.2917891423 1.4343927926 -0.2938093683 0.0944039897 0.0358135265 
43 8 1.9029233915 1.0379549364 0.9514605812 1.6317019164 0.0185886337 0.0607311557 -0.4856836896 
44 8 1.9461085667 1.1828382962 1.2709301511 1.3335701061 -0.3118860774 -0.2917228289 -0.1418747069 
45 8 1.8941933385 1.579615648 1.1738814809 0.8344712749 0.4380651121 -0.3085147266 -0.1062823952 
46 8 2.0471239728 1.1730656865 1.8419177859 1.1757330875 0.4682122896 0.3899995288 0.6201454112 
47 7 1.8320353326 1.2188285877 1.0436327311 1.0938921409 0.007474404 -0.2367254181 0.4826577583 
48 7 1.7787029431 1.1795651629 0.4834547834 1.5007642133 0.0306646131 -0.1121146176 0.1255128408 
49 7 1.9869770265 1.4434330781 1.3847466893 1.1198979364 0.6078324107 -0.5169663677 -0.4778040688 
50 7 1.9633802146 1.4409822297 1.5206313909 0.8932482466 -0.2107710316 -0.5467393687 0.253226552 
51 7 1.7890679386 1.1841138907 0.8144317507 1.2022184473 -0.1859456661 0.4632931267 -0.0691196704 
52 7 1.7420916 1.1637025471 0.7597587299 1.1114218659 -0.1816055765 0.1979407629 0.268637221 
53 7 1.7394373786 0.5822741932 1.2275746475 1.2157935534 -0.0053398937 0.2563937729 0.0472192407 
54 7 1.8100965082 1.3663433519 0.576644721 1.3334612962 -0.118804928 -0.1578346556 0.0190744933 
55 7 1.9045184278 0.7237031369 1.8884730263 1.0150142786 0.3725384086 -0.0627769656 0.076011005 
56 6 1.6200179494 0.9020292769 0.8788251612 0.8436037181 -0.0326325028 -0.071076104 -3.3526106768e-04 
57 6 1.6760152222 1.0059219617 0.6817254067 1.1213796567 -0.237626274 0.2010108692 -0.2824282626 
58 6 2.1778063643 0.9863342203 0.5526520023 3.2038543375 0.2937088929 1.2142991979 0.5480773698 
59 5 1.6321246393 0.55064248 0.5910602145 1.5221281439 0.1231279923 0.1405267762 0.2261131701 
60 4 1.3695721291 0.6165297404 0.5890440513 0.670154025 0.0495250818 -0.0576833252 -0.0590305357 
61 4 1.418028024 0.8213143983 0.6501627977 0.5393262809 -0.0779230735 0.0275079261 0.0047469022 
62 4 1.5833530777 0.8274423059 0.8664939299 0.8130707329 0.8070510328 0.15735652 -0.0879702046 
63 4 1.4746086032 0.9384259526 0.5912171628 0.6448274171 0.0366637886 -0.0593172561 0.0440720167 
64 3 1.4362423027 0.2000019232 0.8998242047 0.9629658242 0.1931737031 -0.2858390053 0.3527751255 
65 3 1.3348023265 0.2605823561 0.8316713126 0.6894435822 0.2434977692 0.2628501993 -0.2606826538 
66 3 1.2871876081 0.15876355 0.8343013967 0.6637869917 -0.1256378004 -0.2902741287 -0.0830011776 
67 3 1.3677526304 0.9112179885 0.091973309 0.8675559604 0.0233676232 0.0778126497 -0.2784772755 
68 3 1.4425305512 0.7234185666 0.0383250821 1.3191507426 0.0139907877 0.0814222482 -0.2216984252 
69 2 1.1819732358 0.7119961405 0.0385245291 0.6465400606 -0.1656179823 -0.6784792022 0.1578215809 
70 2 1.3443648655 0.1640966318 1.2408777287 0.402342531 0.4512470008 -0.2569495168 -0.7065818325 
71 2 1.3808088516 0.0068007405 0.0257093206 1.8741230235 0.0132227992 -0.1128956348 -0.2195049648 
72 2 1.3438897895 1.7167757951 0.0549814963 0.0342824749 0.3072310239 0.2426011607 0.0434154554 
73 2 1.160462155 0.8715714702 0.3398491832 0.1352517598 -0.5442452134 -0.3433388634 0.2143949628 
74 2 1.1016980893 0.7110726341 0.3842461412 0.1184199048 0.5227111207 -0.2901812427 -0.2133128956 
75 2 1.1409640716 0.5455271656 0.4227629975 0.3335088495 0.4802381698 -0.4265420699 -0.3754932768 
76 2 1.1399553316 0.1491287649 1.1494028482 9.6654493996e-04 -0.414015733 -0.0120058175 0.0333309092 
77 1 0.0 0.0 0.0 0.0 0.0 0.0 0.0 
78 1 0.0 0.0 0.0 0.0 0.0 0.0 0.0 
79 1 0.0 0.0 0.0 0.0 0.0 0.0 0.0 
80 1 0.0 0.0 0.0 0.0 0.0 0.0 0.0 
81 1 0.0 0.0 0.0 0.0 0.0 0.0 0.0 
82 1 0.0 0.0 0.0 0.0 0.0 0.0 0.0 
83 1 0.0 0.0 0.0 0.0 0.0 0.0 0.0 
84 1 0.0 0.0 0.0 0.0 0.0 0.0 0.0 
85 1 0.0 0.0 0.0 0.0 0.0 0.0 0.0 
86 1 0.0 0.0 0.0 0.0 0.0 0.0 0.0 
87 1 0.0 0.0 0.0 0.0 0.0 0.0 0.0 
88 1 0.0 0.0 0.0 0.0 0.0 0.0 0.0 
89 1 0.0 0.0 0.0 0.0 0.0 0.0 0.0 
90 1 0.0 0.0 0.0 0.0 0.0 0.0 0.0 
91 1 0.0 0.0 0.0 0.0 0.0 0.0 0.0 
92 1 0.0 0.0 0.0 0.0 0.0 0.0 0.0 
93 1 0.0 0.0 0.0 0.0 0.0 0.0 0.0 
94 1 0.0 0.0 0.0 0.0 0.0 0.0 0.0 
95 1 0.0 0.0 0.0 0.0 0.0 0.0 0.0 
96 1 0.0 0.0 0.0 0.0 0.0 0.0 0.0 
97 1 0.0 0.0 0.0 0.0 0.0 0.0 0.0 
98 1 0.0 0.0 0.0 0.0 0.0 0.0 0.0 
99 1 0.0 0.0 0.0 0.0 0.0 0.0 0.0 
100 1 0.0 0.0 0.0 0.0 0.0 0.0 0.0 
101 1 0.0 0.0 0.0 0.0 0.0 0.0 0.0 
102 1 0.0 0.0 0.0 0.0 0.0 0.0 0.0 
103 1 0.0 0.0 0.0 0.0 0.0 0.0 0.0 
104 1 0.0 0.0 0.0 0.0 0.0 0.0 0.0 
105 1 0.0 0.0 0.0 0.0 0.0 0.0 0.0 
106 1 0.0 0.0 0.0 0.0 0.0 0.0 0.0 
107 1 0.0 0.0 0.0 0.0 0.0 0.0 0.0 
