# Cluster list (47 data points):
# "Cluster Identifier" "Cluster Size" "Radius of Gyration" "Gyration Tensor.XX" "Gyration Tensor.YY" "Gyration Tensor.ZZ" "Gyration Tensor.XY" "Gyration Tensor.XZ" "Gyration Tensor.YZ"
1 76 4.0978724058 7.8232603224 4.5659466259 4.4033513061 2.0917631245 -1.30281104 -0.6466407877 
2 58 3.581816177 5.1879960386 3.6698395089 3.9715715785 -0.197492028 -0.1515645411 0.0139051288 
3 53 3.4731173299 3.8091626401 4.0856999127 4.1676814344 0.2071583764 -0.0591972155 0.4264759542 
4 53 3.4912664015 4.8181776093 3.6160116822 3.7547517947 -0.6760561646 -0.4891572669 0.4547867401 
5 47 3.3446045693 4.1112965172 3.7096514604 3.3654317476 0.2710262903 0.7654426178 0.29738311 
6 40 3.182567728 2.996553872 3.7408913836 3.3912920877 0.5552976055 -0.5278414812 -0.2301629798 
7 39 3.1503517448 2.9425896897 4.2207279251 2.7613985012 -0.6435126711 0.0337964223 -0.1167881063 
8 36 3.1060626803 3.3524364261 2.9785389703 3.3166499774 0.7681240171 -0.590614844 -0.7187792894 
9 33 3.0075256199 3.1657385167 3.4564218032 2.4230500342 -0.8128549471 0.3331841434 -0.2466429142 
10 31 2.9366496575 2.1344897692 3.0099338928 3.4794875489 0.4672354552 0.1770746531 -0.2494553694 
11 31 2.9002463258 2.9935481697 2.933353004 2.4845275766 -0.5029804962 0.2829391563 -0.3899651844 
12 28 2.8168534602 2.3114926157 2.5047630187 3.1184077816 0.1289980084 -0.7212931276 0.022721183 
13 27 2.8090210718 3.1918040276 2.6743802203 2.0244151337 0.673486777 0.5952791774 0.506249953 
14 23 2.6651463958 3.069822788 2.5039450217 1.5292375012 -0.2930027842 0.2487456682 -0.1963543121 
15 23 2.608437211 1.9183662684 2.6914293401 2.1941490752 -2.5799936318e-04 0.1906338656 -0.0591131715 
16 22 2.5999516351 2.6827602283 2.085394903 1.9915933735 -0.1593107322 -0.1928435115 0.1953937162 
17 21 2.5535678807 2.3082083794 2.0513198835 2.1611806587 0.6885555405 -0.279492098 0.0108851197 
18 21 2.5550052132 1.7406387805 2.8715396075 1.9158732514 0.0385126127 0.0823537067 0.0643472316 
19 21 2.5788556078 2.8985297084 2.1942156988 1.5577508386 0.0272994964 0.0364811302 -0.2259305995 
20 20 2.489197256 1.6073939041 2.3224300592 2.2662790162 -0.1928954992 0.0493077562 -0.1332851895 
21 20 2.4751537593 2.53808851 1.9476934451 1.6406041768 -0.2411271173 0.4983673007 -0.0379407221 
22 17 2.4070654138 2.0129783972 2.1675472357 1.6134382735 -0.2111012965 0.5769747264 -0.2649126478 
23 16 2.3202235405 1.5110313637 2.3469170643 1.5254888499 0.2576526861 -0.2194606466 -0.1723105781 
24 15 2.2649560743 1.688305834 1.955530196 1.4861899888 -0.4269919934 0.2384821223 -0.40212764 
25 15 2.2627988467 1.3973200528 1.3703525866 2.3525859813 -0.0337039626 0.0316440024 -0.2229577958 
26 15 2.2357026196 1.4162173983 2.2520647778 1.330084027 0.1163623953 -0.0800377977 -0.2803597719 
27 14 2.1773385158 2.1063337087 1.3044785901 1.3299907137 -0.0200467727 0.0415131951 0.0059826825 
28 14 2.1898767058 1.7846979577 1.3176904057 1.6931716233 -0.0144610387 0.3725867257 0.0402972743 
29 14 2.1855127668 1.7637625585 1.6977446002 1.3149588953 -0.3899765501 0.1033593108 -0.0998652312 
30 13 2.0534788645 1.3618379978 1.4361593284 1.4187781209 -0.0020428475 -4.2436068818e-04 0.0458752047 
31 13 2.0688395715 1.4445391356 1.4168889872 1.4186690499 -0.0570950666 -0.0135148133 0.0456170271 
32 12 2.082538618 1.4676279188 1.2607840541 1.6085551223 -0.0538840896 -0.0267998553 0.0324427621 
33 12 2.064044276 1.4475827155 1.3691843273 1.4435117305 0.1372104713 0.1312297148 -0.1814651533 
34 11 2.0818938208 1.4078594964 1.4572540768 1.4691683078 -0.5966540208 0.1241819219 0.1460404356 
35 11 2.0285968285 1.5768017248 1.1272812799 1.411122088 -0.156950173 0.0440618469 -0.2411964571 
36 10 1.9696885081 1.4783034161 1.1783553023 1.2230141006 -0.171262874 0.1186703082 0.4593829013 
37 10 1.9776054012 1.4083150857 1.344722635 1.1578854022 0.256902995 -0.2259171329 0.3920410421 
38 9 1.9308577656 1.4786662774 0.6872851815 1.562260252 -0.0248657 -0.158887633 0.2300969713 
39 9 1.8903615152 1.3511169075 0.8186691438 1.4036806068 0.0379640491 0.0124384751 0.0447878772 
40 8 1.8228157698 0.9620364147 1.2117821879 1.1488387279 -0.1689679964 -0.164689231 0.3072707091 
41 7 1.7138902893 1.0481950494 0.6857815631 1.2034433113 0.3762592001 0.1657340825 -0.1233485936 
42 7 1.7471418345 0.5677025315 1.3801318591 1.1046701993 -0.1364021134 -0.2912646392 -0.0699096439 
43 7 1.7540588879 0.8236633796 1.3015146699 0.9515445326 -0.0805191476 0.4214874236 0.080783681 
44 6 1.615486285 0.9044397932 0.8667310926 0.8386250513 -0.0381330093 -0.0968673873 0.0283793002 
45 5 1.5604924162 0.6423838167 0.5930130396 1.1997397246 0.1109354557 0.2277633166 0.260730485 
46 4 1.411487311 0.6936829392 0.7135502601 0.5850632299 0.0539283426 -0.0271314792 0.0151567111 
47 3 1.353613155 0.4059988783 0.4739521652 0.9523175298 -0.3769699085 -0.1973540967 -0.1425428568 
