# Cluster list (50 data points):
# "Cluster Identifier" "Cluster Size" "Radius of Gyration" "Gyration Tensor.XX" "Gyration Tensor.YY" "Gyration Tensor.ZZ" "Gyration Tensor.XY" "Gyration Tensor.XZ" "Gyration Tensor.YZ"
1 76 4.1519895471 8.5048381726 3.4979219269 5.2362571 0.9700267578 -2.2563220552 -0.4269711622 
2 53 3.4831718675 4.0124760701 3.9188514138 4.2011587746 0.3532072954 0.1545234297 0.4335522813 
3 53 3.4693651208 4.7260915635 3.3778068572 3.932595921 -0.4100279997 -0.5599457582 0.3634172744 
4 47 3.4578160666 3.0379406929 5.5160754938 3.4024757637 0.8900714505 0.7946741897 0.9321916018 
5 40 3.1792093727 4.2108682331 2.7820565776 3.1144474249 -0.0152986707 0.1939858684 -0.0926479392 
6 40 3.1860042107 3.0371992906 3.4533694386 3.6600541017 0.7129906728 -0.3724814344 -0.2146329526 
7 39 3.1374747342 2.7441091873 4.2099632853 2.889675235 -0.1763115166 0.058968287 -0.5272385086 
8 36 3.099743705 2.9568217027 2.5989710059 4.052618328 0.4578537488 -0.5380099938 -0.6913405819 
9 33 3.0133614708 3.7449223135 2.9293710179 2.4060540223 -0.7549809456 0.0366939012 0.0914154432 
10 31 2.8904225919 3.0481541433 2.9531142881 2.3532743282 -0.4993818467 0.2413675311 -0.2180913526 
11 30 2.9122534326 2.5835299385 3.2999975993 2.5976925181 0.1997088571 0.4859188375 -0.7641420458 
12 28 2.8145476925 2.090855388 2.5303692592 3.3004540662 0.0871423631 0.5061184197 -0.0448206897 
13 27 2.8281879452 3.3255146019 2.7080538211 1.9650786304 0.8603522892 0.1577308846 0.3989036037 
14 23 2.6860419802 3.1117899495 2.3834737795 1.7195577906 0.2449620499 -0.4197615483 -0.5464250451 
15 23 2.616058108 2.4059796487 2.1356286973 2.3021516785 -0.3833955859 -0.0476037123 0.0532341955 
16 22 2.6001613119 2.673694383 2.1034500662 1.9836943988 0.1291579057 -0.1520332537 0.1583959267 
17 21 2.5583937442 2.2295744957 2.5492634144 1.7665406402 0.4918607028 -0.1756434459 0.3826611487 
18 21 2.552599464 1.8549863905 2.5923052784 2.0684723549 0.1746729472 0.2838448749 0.4453566209 
19 21 2.5823866264 1.8961509576 2.6446126629 2.1279570679 0.0700429267 0.5579314492 0.226305282 
20 20 2.4837658726 2.3087593889 1.3949215026 2.4654120183 -0.0863318629 0.4363155059 0.0049798808 
21 18 2.3971234962 1.6519984712 2.4223264606 1.6718761244 0.2580474783 0.0582408223 0.2444076523 
22 17 2.3861183477 1.7364637579 1.8455764885 2.111520523 0.1869425156 0.2662445918 -0.5891418796 
23 16 2.2988470306 1.6321615313 1.7861304553 1.8664056834 0.0295549911 -0.0584406011 -0.214384144 
24 15 2.2781630308 1.8889233476 1.3855241745 1.9155792727 0.3046925328 0.3155085672 0.0087145064 
25 15 2.2432286258 1.4183551437 2.3317900779 1.2819294459 0.2109490797 -0.0319665683 -0.1942010854 
26 15 2.2622910779 1.3955580397 1.5043323857 2.2180704959 0.2071714953 -0.3529106891 -0.351025178 
27 14 2.1886480381 1.3893867074 1.744328283 1.6564652444 -0.0768730629 -0.0206684434 0.4011049752 
28 14 2.1760420383 1.6882880065 1.2835269868 1.7633439591 -0.0338210734 0.3770451494 -0.0258433875 
29 14 2.1836616138 1.9494530929 1.4622774864 1.3566474645 0.2605495242 -0.1755332382 -0.0549023574 
30 13 2.057776461 1.3941879192 1.4037155349 1.4365405092 -0.03315898 0.0042377638 0.0406025164 
31 13 2.0671208791 1.3859745934 1.4490813837 1.4379327515 -0.0123418694 -0.0011610643 -0.0377712013 
32 13 2.0835801253 1.4380973138 1.4538447395 1.4493640854 0.0249372173 -0.0270204966 0.0015007984 
33 12 2.0459766057 1.3145728532 1.5281095065 1.3433379113 -0.0199754663 -0.2186744288 -0.0013635544 
34 12 2.0680958377 1.2161584007 1.5596884052 1.5011735879 0.0809275575 -0.1298701035 0.0603939537 
35 11 2.0254632817 1.0269778885 1.6533843699 1.4221392471 0.2195555285 0.0243357184 -0.0566497441 
36 11 2.0873517539 1.7263961307 1.5524441221 1.0781970919 -0.3310332915 -0.297040813 -0.088288798 
37 10 1.9726334806 0.9276982044 1.5347165761 1.4288680683 0.094622048 -0.3346250464 0.0668075488 
38 10 1.981000924 1.361472596 1.0736479362 1.4892441287 -0.3442626582 0.1926735847 0.2750404536 
39 9 1.9312660332 1.0148029712 0.9116835061 1.8033020138 -0.3382133482 -0.0628824775 0.0503727648 
40 9 1.8773466129 0.9743549989 1.2619120891 1.2881632169 -0.2180671219 -0.1080524365 -0.1280648646 
41 8 1.8126308644 1.0834452406 1.3422676265 0.8599177836 0.2762545131 -0.0197146322 0.0105334073 
42 7 1.7239222855 1.0453123216 1.2550168144 0.6715789104 0.0984463467 0.375119131 -0.117147276 
43 7 1.7371326755 0.6397650645 1.2140323334 1.1638325343 -0.2683777082 -0.2761322369 -0.081993442 
44 7 1.7279870117 0.7384069592 1.2323059316 1.0152262218 -0.1551462372 0.3974547105 0.1567635248 
45 7 1.7415066044 0.9676878732 1.0241785386 1.0409788413 0.3482768028 -0.3379598442 0.2508887534 
46 6 1.5928303052 0.842487211 0.845402495 0.849218675 -0.0249171642 0.005734848 1.5603194553e-04 
47 5 1.5323507798 0.5700434564 1.1777977433 0.6002577127 -0.0714877198 0.0295029262 0.1482936957 
48 4 1.4103952023 0.6781289872 0.6771417937 0.6339438458 0.0220160091 0.0941028352 0.0368515343 
49 3 1.2958410197 0.0872261296 0.8656868171 0.7262910015 0.0222488883 -0.248783455 0.0564534901 
50 1 0.0 0.0 0.0 0.0 0.0 0.0 0.0 
