# Cluster list (43 data points):
# "Cluster Identifier" "Cluster Size" "Radius of Gyration" "Gyration Tensor.XX" "Gyration Tensor.YY" "Gyration Tensor.ZZ" "Gyration Tensor.XY" "Gyration Tensor.XZ" "Gyration Tensor.YZ"
1 76 4.1037419892 6.9782711404 5.0119484059 4.850478768 2.2278991957 -1.7220021616 -0.9483489427 
2 74 3.9232508551 5.8512209241 5.1762782446 4.3643981034 1.0630413491 0.1629468603 1.099215092 
3 58 3.5537952657 5.0042173838 3.6955778846 3.9296655219 0.1582986191 -0.1996499065 0.0123673967 
4 53 3.4585507656 4.225311749 3.8216605516 3.9146010979 0.2458872347 -0.0150591366 0.4386035496 
5 47 3.3916273617 3.2005457463 4.0002007925 4.3023896221 0.6697548641 -0.6026378326 0.7267463046 
6 47 3.3384665838 3.9258416092 3.913622786 3.3058947362 0.557732229 0.7064664596 0.1669830027 
7 39 3.1395458058 2.7285763206 4.3428883899 2.7852831564 0.2145469532 -0.067025212 -0.3442956718 
8 36 3.0968564463 2.7588587946 4.2215090645 2.6101519896 0.2524531042 0.0352152064 -0.8181288791 
9 33 3.010690579 2.6064217912 3.8541035197 2.6037324517 -0.5515952465 0.2609227265 -0.3418483945 
10 31 2.9231223251 2.1932347388 3.100679466 3.2507299225 0.2674861249 -0.5782326901 0.0182834197 
11 31 2.9389731141 3.6852426003 2.2581911871 2.694129178 0.0094007964 0.1762912708 0.4141286533 
12 31 2.8975765241 3.2208102823 2.402268572 2.7728708585 0.0963945012 0.5719055723 -0.0740223298 
13 28 2.8107137333 1.9052760539 2.5497545825 3.4450810544 -0.0372327125 0.3455548412 0.0362704261 
14 27 2.8162424503 2.2427116293 2.6447558598 3.0437540498 0.2250617845 0.7842039764 0.759300787 
15 23 2.6707126868 2.2379025333 2.9745572274 1.9202464947 -0.3564430055 0.6153260515 -0.2610189882 
16 23 2.6002545507 1.9480070782 2.6177532234 2.195563427 -0.0923261978 0.122858543 0.0787871789 
17 21 2.5574346284 2.5301983417 1.8047183621 2.2055551747 -0.2887972376 -0.4913433595 0.074345649 
18 21 2.5695286499 2.7192336736 2.2020878136 1.6811559957 -0.0064769169 -0.1467424267 -0.3861908929 
19 20 2.4977215966 1.4990763745 2.4860040592 2.2535327402 -0.0763525972 -0.0936164608 -0.1430350614 
20 20 2.4900088456 2.150410872 2.0923171803 1.9574159989 -0.4494587718 0.5510353636 -0.1605247693 
21 18 2.452525288 2.0803740458 1.7187643402 2.2157419024 0.1337294556 0.2150059258 -0.7094037003 
22 17 2.3910240717 1.9286163767 2.5857475867 1.2026321482 0.0133492532 0.0222625392 -0.2011726845 
23 16 2.3028269856 1.5915323756 2.1901524093 1.5213273408 0.2809973576 0.2792497112 0.2632605894 
24 15 2.2432648491 1.3482773959 2.2295608938 1.4543988933 -0.1857315136 0.0980806063 -0.1626935977 
25 15 2.2410399608 1.5980042835 1.7363770891 1.6878787332 0.2862376642 0.3647362788 0.3314764799 
26 14 2.1802651815 1.9857847918 1.3772564415 1.3905150284 -0.1473745393 0.0302088275 -0.0341312749 
27 14 2.1784624526 1.7526919413 1.4353624534 1.5576442627 -0.2654321366 0.2762161299 -0.1675967074 
28 14 2.1726485675 1.6426816987 1.3874578156 1.6902622837 -0.0996733288 -0.3459627516 0.0475975012 
29 13 2.0621595909 1.4374880699 1.4176559958 1.3973581126 -4.8219411271e-05 0.0030222958 -0.0030737174 
30 13 2.0769527856 1.4310457185 1.4815545904 1.4011325646 0.0421284735 0.0167095837 -0.0058205066 
31 12 2.0487595348 1.573023178 1.3554405621 1.2689518915 -0.0254490779 0.0056119079 -0.1416022151 
32 12 2.0554301317 1.3996632365 1.4432705573 1.3818592325 -0.0903839306 -0.1952250599 -0.1286393734 
33 11 2.0302068031 1.4877946647 1.5744700437 1.0594749549 -0.1359824934 -0.1966095768 0.0064319933 
34 11 2.0308877886 1.3360245577 1.3322960912 1.4561845611 -0.3237418614 -0.0782783991 -0.145731526 
35 10 1.998346725 1.6110759762 0.8060678891 1.576245768 0.2026956913 0.0230374263 -0.2010755733 
36 10 1.9789712605 1.4958652689 0.9264219278 1.4940400531 -0.2502982138 0.0735881208 0.2479844477 
37 9 1.8946768231 1.3285716185 1.4207124352 0.8405162102 -0.026901507 0.1716380987 0.0732122994 
38 8 1.8245271594 0.8879747011 1.3834336315 1.0574910229 0.0228261253 0.1097768929 -0.2832598412 
39 7 1.7439959116 0.7263415789 0.9648952508 1.3502849097 -0.4501822893 -0.0452276881 -0.0784006687 
40 7 1.7498014545 1.369416087 1.2213717841 0.4710172591 0.0404434387 -0.0859722454 0.1720157377 
41 6 1.5965616715 0.7995497693 0.9082551049 0.8412042966 -0.0529587274 -0.0203327872 -0.0530757299 
42 5 1.551491815 0.8468089319 0.5253423613 1.0349755587 0.1095104126 -0.2795251099 -0.0736850264 
43 4 1.3989951928 0.6798040685 0.7058281624 0.5715553186 0.0746107912 0.0880767886 -0.0585191076 
