# Cluster list (620 data points):
# "Cluster Identifier" "Cluster Size" "Radius of Gyration" "Gyration Tensor.XX" "Gyration Tensor.YY" "Gyration Tensor.ZZ" "Gyration Tensor.XY" "Gyration Tensor.XZ" "Gyration Tensor.YZ"
1 9 3.8902765343 6.4225025366 3.9193232139 4.7924257631 2.5876261379 5.0384093966 2.4104838829 
2 7 3.7898229621 3.6321338478 1.4539124197 9.2767118163 0.4923711149 4.7724785504 0.3694624345 
3 7 3.088128177 3.2347903145 2.1375793731 4.1641659499 1.156833021 1.0887410233 2.87691324 
4 7 2.3841246759 2.8778699801 2.0055924141 0.8005880762 0.0619076748 -0.5428405666 0.2035292232 
5 7 3.6938051864 1.4020392961 2.5963754469 9.6457820119 1.5180634191 0.3600076498 2.8631699386 
6 6 2.1808179064 3.129235434 0.4968102989 1.1299210079 -0.2815131333 -0.0330682912 0.4187621439 
7 6 3.1160320625 2.6065621349 1.0946130187 6.0084806609 0.921327182 1.0098137786 -1.585611375 
8 6 2.7892683344 1.6767966788 2.0517270681 4.0514940944 -1.0110823923 0.5212808843 -1.1072302455 
9 6 2.9914253356 2.346271594 4.1421882751 2.4601656693 1.8594180608 0.9074333517 -0.0915415369 
10 6 2.4096227432 1.9950894184 2.5641450889 1.2470472574 0.9133285772 0.0239268194 -0.3974414952 
11 6 2.357036126 0.4958365998 3.2680470779 1.7917356215 -0.0980660628 -0.3209358196 0.093605274 
12 6 3.3322601036 2.6605800926 3.647594508 4.7957827972 -2.1719770854 -1.6578629312 3.8861077243 
13 6 2.7466702404 3.3589948897 2.3232574671 1.8619450526 -1.2284187382 -1.90538957 0.8951041897 
14 6 2.6593337533 3.4623834858 1.7170396499 1.8926328754 1.5466872786 1.1011716984 0.6104445939 
15 5 2.4833219338 1.2030078542 1.8331553847 3.1307245879 -1.4410500629 -1.8664409886 2.1852407444 
16 5 3.041302693 3.9350588489 3.7540424706 1.5604207508 3.7762230953 0.6544265871 0.7287102725 
17 5 2.6011938144 1.1654604901 1.4566000548 4.1441487152 0.5481143082 -1.7284193447 -0.9377122825 
18 5 2.7506424037 2.1881691356 2.6914592397 2.6864052577 -1.1669720219 -0.7471374591 1.6157570464 
19 5 3.0557529243 3.0043510913 5.4209388551 0.9123359881 3.7296458402 -0.1971463276 0.0606923572 
20 5 2.2598643179 1.3577650671 1.3807795645 2.3684421039 -1.0445897738 1.1633653754 -0.4440135536 
21 5 2.2443909313 0.2495793678 4.3095687866 0.4781424983 -0.0263403364 0.0071705661 -0.1956187177 
22 5 3.0170131416 5.1441668295 0.7780940787 3.1801073886 1.2401635047 -3.6320080041 -0.8780018394 
23 4 2.0692210341 0.7084602711 1.1718861845 2.4013292323 -0.0704468633 0.0336007302 -0.7074004657 
24 4 2.3935491883 0.7654094044 3.6150668936 1.3486014189 0.6478936696 0.298970762 -1.4752929983 
25 4 1.8655711443 0.0349444475 0.7665120706 2.6788991762 0.0132345757 -0.140972675 -1.3132909825 
26 4 2.2728467545 0.236254892 2.29129861 2.6382788674 0.3797274805 0.681617036 1.7389353147 
27 4 2.7774470928 0.4007263472 6.5537393503 0.759746656 -1.5498336374 -0.4637990763 2.0363222031 
28 4 2.432159676 0.7869427461 2.711848678 2.4166092654 1.363827516 1.3489169189 2.4321248513 
29 4 1.869290574 0.8709121659 0.8686695794 1.7546655049 0.8138150904 -1.1200790818 -0.8941270785 
30 4 2.0765757518 3.3807006265 0.5861873564 0.3452788701 -1.0847353148 -1.0403661738 0.4013969684 
31 4 2.6733944655 4.4055081725 0.949889017 1.7916407784 -1.8763864458 2.5697102923 -1.1450585271 
32 4 2.0715353671 1.7184898428 0.8087915051 1.7639774292 0.6035113586 1.2269702173 0.6634229097 
33 4 2.5241884706 1.5015280936 0.7126993828 4.1572999586 0.049759291 1.9809898357 0.5188251033 
34 4 3.1569228906 5.968932754 2.8490506235 1.1481787597 -3.9654159065 1.7384887351 -0.9881401923 
35 4 2.3283625299 4.0158523774 1.0026938128 0.4027258806 1.0459659257 -1.1234950604 -0.5142814253 
36 4 2.0517920045 1.6211907174 0.788829244 1.7998304684 -0.7025053231 1.0615320576 -1.1802601342 
37 4 2.2150749332 1.1471790461 0.4149622905 3.3444156233 0.0882442737 0.3220043252 0.8622197647 
38 4 2.7043314911 5.4227492154 1.0444896929 0.8461699055 -0.8860711803 1.9349436235 -0.4835520154 
39 4 1.9807407011 1.0918507185 1.1799569353 1.6515260713 -0.5216294181 1.3127283169 -0.3693831017 
40 4 2.6585260481 5.9328999114 0.0980768428 1.0367839942 -0.0634029175 -1.0182486669 -0.0531944982 
41 4 1.9592271283 0.679963154 1.1902275458 1.9683802404 0.6032000279 -0.9060366954 -0.1833727581 
42 3 1.3950117295 1.4517180493 0.0902449713 0.4040947049 0.1850906023 0.2787733591 -0.1173088571 
43 3 2.1411798683 0.8312754159 0.1859444728 3.5674313399 -0.3154990521 1.7173635578 -0.6159047926 
44 3 1.9146772918 0.3979595247 2.3279099199 0.9401196871 0.9550493628 -0.3591475627 -0.7131558239 
45 3 1.5810069347 0.5229778378 1.6794382627 0.2971668271 0.4231957733 -0.369030821 -0.5203326166 
46 3 2.0091205915 1.3572727532 2.5255311767 0.1537616212 -1.4887656227 -0.4515208765 0.4389338335 
47 3 1.4916281063 1.3362792827 0.7006455845 0.1880295404 -0.8025418914 -0.2745325805 0.3345288159 
48 3 1.8838670377 1.1223479435 0.7150800483 1.7115270239 -0.0749741892 -1.1808583912 -0.4982656128 
49 3 1.8305158439 1.7735130415 0.1784823325 1.3987928809 -0.0480306878 -0.6727746901 0.4683547087 
50 3 1.9259310383 2.6106683532 0.2278225186 0.8707194926 0.0615349119 0.6214979511 0.4191411687 
51 3 2.0470340434 0.6853113032 0.2075801368 3.2974569349 -0.2838276237 -0.8438069092 0.8003952783 
52 3 1.6772282094 0.8770892803 0.2214134406 1.7145917455 0.3672668019 0.2466154694 0.436826427 
53 3 1.7315181894 1.0195614889 1.9465082523 0.032085499 -0.6553635409 0.1110785284 -0.245985974 
54 3 1.9021413656 0.1568423475 2.340455264 1.120844163 0.5997648263 -0.2223423825 -0.6557379812 
55 3 1.6576238132 0.2094335477 1.5340963923 1.0041867661 -0.0303325267 -0.4118082206 -0.4857480211 
56 3 1.8875189812 0.0876153452 1.8660777592 1.6090347999 0.24728276 -0.1819216339 0.6858614036 
57 3 1.5737130978 1.5109479017 0.4412070358 0.5244179767 -0.8164755332 -0.5157866481 0.280121089 
58 3 1.8244560677 0.6955266993 0.7084781689 1.9246350746 0.1636850215 0.5806407726 1.1188254288 
59 3 0.91391719 0.1569631229 0.2839622104 0.3943192969 0.2035826427 -0.1902631878 -0.1896794747 
60 3 1.850302897 1.0586360128 2.059981884 0.3050029139 -1.4690305288 -0.4238267119 0.6420203041 
61 3 1.4914536576 0.90275642 0.1495124334 1.1721651592 0.0580512697 -4.6495911071e-04 0.4133435274 
62 3 2.1337296346 0.2610843532 0.2561815183 4.0355362821 0.2583695877 -0.3412867396 -0.3800370235 
63 3 1.7275847223 1.9174419587 1.0393031744 0.0278038395 -0.8621294743 -0.0089246362 -0.1304930726 
64 3 2.2773862546 0.2309776804 4.4980533135 0.4574571587 0.9193751954 -0.3150048148 -1.4066771074 
65 3 1.8900746649 0.6900112495 0.317229056 2.5651419333 0.2007480601 1.1530224385 0.7419492442 
66 3 0.9765516716 0.0149115634 0.7240308429 0.2147107611 0.0700571498 -0.0327522108 0.0835681485 
67 3 2.3663520996 4.5250664677 0.7633544827 0.3112013088 1.180817931 1.1858104306 0.3238341762 
68 3 1.7322232909 1.7286923223 0.6441962609 0.6277089464 -0.11008983 -1.0364170982 0.1295485699 
69 3 1.2430049072 0.68325014 0.0158216656 0.8459893936 -0.0797245768 -0.4885255611 0.1139064037 
70 3 1.7292500251 0.2576764557 2.310489452 0.4221397415 -0.6953980837 0.2298085784 -0.9271350486 
71 3 1.712880022 0.706918976 1.3222165536 0.9048224403 0.8681340347 -0.7776760247 -1.0674002681 
72 3 2.7595251181 2.8861748031 0.6276730298 4.1011310444 1.2889859795 -3.4365277325 -1.5127790852 
73 3 1.7041483493 0.2938414245 1.8420560501 0.7682241219 0.3860036553 -0.1687829725 -1.168368431 
74 3 2.1435184235 0.069808998 0.5517809233 3.9730813104 0.1855737951 -0.3387433818 -0.5314392146 
75 3 2.0266862335 2.5098838298 0.6361587025 0.9614145566 0.3905603149 -0.9162587313 0.4580238359 
76 3 1.4834713683 0.7023042899 0.6334605073 0.8649225033 0.2895030916 -0.6615142076 0.0799155456 
77 3 1.4966156581 0.9307858073 1.1532567437 0.1558158772 -0.5373442709 -0.2655516111 0.4130911359 
78 3 2.2173621874 0.5953308719 0.5184303975 3.8029338007 -0.4096746872 0.0465018616 -0.9799395177 
79 3 1.9358389945 2.289115887 0.8599220642 0.5984346613 1.1719080804 0.0484680657 0.4189019316 
80 3 1.8618347467 1.7898823102 1.1648077673 0.5117385466 1.3033960974 -0.2213916255 0.161987473 
81 3 1.7235324852 1.6871783732 1.2089455783 0.0744402759 1.2391611222 0.3024578843 0.1444111716 
82 3 1.1078018939 0.1027499903 0.0573250119 1.0671500338 0.0183493847 0.1703101456 -0.1755468931 
83 3 1.1110873949 0.959686674 0.0626522646 0.2121762604 -0.0735288292 -0.4485807025 0.0463056183 
84 3 2.2173149026 1.1460011 1.6206027922 2.1498814852 1.3129868718 -0.9148459821 -1.4544662812 
85 2 1.0379503995 0.6407352269 0.4347693539 0.0018364509 -0.5277992427 -0.0343027522 0.0282565495 
86 2 1.4546688171 0.1536237834 1.5247342318 0.4377033524 -0.4839787613 -0.25930994 0.8169340761 
87 2 1.3543404832 1.7773598811 0.0494685251 0.0074097381 0.2965187547 0.114759624 0.0191454647 
88 2 1.2494536516 0.819633961 0.4773623683 0.2641380982 0.6255097191 0.4652919037 0.3550909575 
89 2 0.7429529518 0.2416194966 0.298589514 0.011770078 -0.2685983024 0.0533280444 -0.0592825595 
90 2 1.2388409782 0.24875415 1.2341177138 0.0518551055 0.5540685002 0.1135745248 0.2529729318 
91 2 0.9453837518 1.9497158269e-04 0.4186174262 0.4749380405 -0.0090342959 0.0096228593 -0.445889381 
92 2 1.3946766899 0.7344250828 0.1397605156 1.070937471 -0.320380443 0.8868615116 -0.3868782407 
93 2 1.4261676643 0.1278881429 0.0012801197 1.9047859441 -0.0127950043 0.4935580382 -0.0493796929 
94 2 0.5578842817 0.0845373457 0.0096840843 0.2170134417 -0.0286123537 -0.1354464483 0.0458429545 
95 2 1.2942089933 0.4804412832 1.1945206507 1.4984362679e-05 0.7575599212 -0.0026831151 -0.0042307364 
96 2 1.2200970979 0.7950347643 0.0034708811 0.6901312828 0.0525306689 0.7407282645 0.0489424525 
97 2 0.8294259457 0.1119922448 0.0951047729 0.4808503817 0.1032036676 -0.2320592891 -0.2138484658 
98 2 0.844032033 0.1555657477 3.3492697185e-04 0.5564893981 0.0072182522 0.2942289743 0.0136522273 
99 2 1.4940902595 0.0408188918 2.1647493148 0.0267374968 -0.297258588 0.0330362678 -0.2405825804 
100 2 1.0445279191 0.5810525142 0.2937458398 0.2162402198 0.4131364893 -0.3544670977 -0.2520310793 
101 2 1.7200909624 0.0016911332 0.9241832102 2.0328385756 0.0395337442 -0.0586327626 -1.3706623511 
102 2 1.5018629291 0.2907035465 0.6799959711 1.2848927402 -0.4446090872 0.6111651793 -0.9347309167 
103 2 1.0487761825 0.0778810739 1.0170936093 0.0049567978 -0.2814468735 -0.0196479193 0.0710037136 
104 2 1.525988756 0.8203887428 1.2262501417 0.2820027989 -1.0029964168 -0.4809905629 0.588052695 
105 2 1.6435354971 1.0807491054 1.6004309629 0.0200288618 1.3151670356 -0.1471263893 -0.1790385727 
106 2 0.5952520561 0.2130950908 0.03674934 0.1044805796 -0.0884935249 0.1492122602 -0.0619644442 
107 2 1.5877730625 1.994975478 0.1314068204 0.3946409995 0.5120091643 -0.8872987753 -0.227724656 
108 2 1.3255777736 0.436061919 0.071697098 1.249397417 -0.1768173468 0.7381155975 -0.2992961226 
109 2 1.5982409051 0.0386481696 0.0218026357 2.4939231855 -0.0290281237 0.3104602491 -0.2331825438 
110 2 1.3899655043 1.3607814247 0.0211417284 0.5500809501 0.1696150681 0.8651820265 0.1078409109 
111 2 1.3454009279 0.4682122517 0.5123400128 0.8295513922 0.4897794106 0.6232223722 0.6519297285 
112 2 1.5950990022 0.8444385781 1.0820998563 0.6178023925 -0.9559115357 0.7222853826 -0.8176330963 
113 2 1.2601703177 0.0738778545 1.4352288827 0.0789224924 -0.3256249846 -0.0763585255 0.3365588219 
114 2 1.5355890495 1.800703963 0.5552117034 0.0021180627 0.9998859508 -0.0617576221 -0.0342924656 
115 2 1.4897070391 0.0393686231 1.7254962696 0.4543621696 -0.2606346337 -0.1337445812 0.8854378739 
116 2 0.31543077 0.0825501211 0.0028071273 0.0141393223 -0.0152226378 -0.0341643493 0.0063000697 
117 2 0.9862943165 0.9231644573 0.0458726607 0.0037393607 0.2057863211 -0.0587541054 -0.0130971151 
118 2 1.2694523205 0.2415430921 0.9221994406 0.4477666613 -0.4719649398 -0.3288691896 0.6425964243 
119 2 0.8251520787 0.1768112608 0.0738573781 0.4302073141 0.1142751773 -0.2757997419 -0.1782525855 
120 2 1.6072237562 0.0989791548 2.3936927216 0.090496326 -0.4867501233 -0.0946427486 0.4654249638 
121 2 1.7197602648 0.2287552439 2.2980096011 0.4308105236 -0.7250391346 -0.313927008 0.9949908137 
122 2 1.6243358109 1.8294454364 0.1314153768 0.6776060135 0.4903236292 -1.1133926661 -0.2984088631 
123 2 1.7218650562 0.315140443 0.0102841637 2.6393946651 0.056929394 -0.9120197388 -0.1647542619 
124 2 1.2133305233 1.0717555375 0.1901241625 0.2102912587 -0.4514051661 -0.4747428999 0.1999536182 
125 2 1.2658901061 0.2619136678 0.1371569175 1.2034071755 0.1895343539 0.5614167678 0.4062703763 
126 2 1.6836543259 0.0715396281 2.3258056342 0.4373466269 0.4079059575 0.1768830547 1.0085550302 
127 2 1.0658160881 0.0023581801 0.9269967448 0.2066090087 -0.0467549489 0.0220730887 -0.437636697 
128 2 1.2967076581 0.4782524721 0.1159365949 1.0872616836 0.2354717884 0.7211002621 0.3550400222 
129 2 1.595702012 5.0141388783e-06 0.3986552582 2.1476046389 0.0014138291 0.0032815222 0.9252858379 
130 2 1.647066263 1.5589543453 1.1349219738 0.0189509557 1.3301471884 0.1718827356 0.1466555696 
131 2 1.2215194342 0.3992943867 1.088002648 0.0048126933 0.6591155817 0.0438369869 0.0723617513 
132 2 1.7477566491 2.2091798 0.7574383697 0.0880351348 -1.2935677586 -0.4410050358 0.2582270106 
133 2 1.4231105535 1.0455433834 0.0124711512 0.9672291128 -0.1141890085 -1.0056241838 0.1098292336 
134 2 1.5506236096 0.2930870641 1.0027293684 1.1086171462 0.5421134629 0.570018723 1.0543448064 
135 2 1.3485464038 0.8837462356 0.5458269213 0.3890042462 -0.6945304075 0.5863284389 -0.4607916993 
136 2 0.9738067735 0.9271139343 0.0201153276 0.0010703702 -0.1365620755 -0.0315016687 0.0046401344 
137 2 0.4767871225 0.0086882341 0.1784261892 0.0402115369 0.0393726872 0.0186913682 0.0847041397 
138 2 1.4857109428 1.5367953995 4.0803093816e-04 0.670133575 0.0250411675 -1.0148192919 -0.0165358771 
139 2 1.0225733388 0.4532716082 2.6719098969e-04 0.5921174341 -0.0110050029 0.5180637235 -0.0125780938 
140 2 1.4736918328 0.0399099476 1.0583902167 1.0734674537 -0.2055244464 0.2069831631 -1.065902177 
141 2 1.711919995 0.3738520985 1.4537306962 1.1030872745 -0.7372111444 0.6421771503 -1.2663300643 
142 2 1.2426277954 1.0522964349 0.1262580466 0.3655693563 0.3645008811 -0.6202316748 -0.2148396444 
143 2 1.727422684 0.2341269752 2.6812525867 0.0686095672 -0.7923090041 -0.1267412737 0.428905094 
144 2 1.682859972 2.3522268813 0.1210366725 0.3587541315 0.533578218 -0.9186245762 -0.2083804365 
145 2 0.3699920465 0.0331883099 0.0012315235 0.102474281 0.0063931357 -0.0583176491 -0.0112338544 
146 2 1.6069179828 0.0013615692 1.5535899233 1.0272339108 0.0459926105 -0.0373985304 -1.2632894572 
147 2 1.0452959895 0.1323213336 0.722777503 0.2375448691 0.3092553687 0.1772914377 0.4143574391 
148 2 1.3135541109 0.4027990726 0.1165866207 1.2060387089 0.2167048286 -0.6969872836 -0.3749773027 
149 2 1.6329678795 0.3668915718 0.0283417965 2.2713507274 0.1019723799 0.9128742731 0.2537206339 
150 2 1.506492995 0.7389483461 1.4363740506 0.0941987473 1.030245713 0.2638332968 0.3678377851 
151 2 1.5246877897 5.6448477062e-04 0.8769198567 1.4471885144 -0.0222487731 0.0285817403 -1.1265293359 
152 2 1.6562375106 0.1791247869 2.4432304928 0.1207674119 0.6615460236 -0.1470796958 -0.5431966708 
153 2 1.5616804681 0.1701738744 0.0158501572 2.2528218528 -0.0519353701 -0.6191699467 0.1889644955 
154 2 1.5452896547 0.871146834 0.6002268402 0.9165464427 0.7231083678 0.8935583538 0.7417113827 
155 2 1.1662085233 0.0026044817 0.9557299205 0.4017079177 -0.0498916934 0.0323456475 -0.619616233 
156 2 1.666474051 2.7435368426 0.0295242989 0.0040746212 -0.2846067493 0.1057301918 -0.0109681509 
157 2 0.8668066157 0.1318544603 0.5630959658 0.0564032829 0.2724825034 0.0862381843 0.1782146489 
158 2 1.586948009 1.9480995551 0.3198989525 0.2504054759 0.7894270118 0.698437396 0.2830272945 
159 2 0.4200151687 0.1151135941 0.0075577018 0.0537414461 -0.0294956643 0.078653487 -0.0201534568 
160 2 0.9733343523 0.1569383116 0.789053067 0.0013883828 0.3518986446 0.0147611129 0.0330984548 
161 2 0.5997260697 0.0710158943 0.123045612 0.1656098524 0.0934783085 -0.1084478297 -0.142750011 
162 2 1.4467578227 1.954267351 0.1352051168 0.0036357297 0.5140301018 -0.0842922763 -0.0221713612 
163 2 1.2171133509 0.9461691765 0.5346983889 4.9734338995e-04 -0.711277115 0.0216926482 -0.0163073207 
164 2 0.9365375292 0.611663569 0.1992752364 0.0661637382 -0.3491266279 -0.20117144 0.1148250608 
165 2 1.2898335669 0.5183420213 0.9926378831 0.152690726 -0.7173046262 0.2813290236 -0.3893155519 
166 2 1.4867970911 0.8321409808 0.1093063071 1.2691183022 -0.3015928673 1.0276601329 -0.3724548763 
167 2 1.2744422795 0.9165386821 0.7002069725 0.0074574692 0.8011034738 0.0826744159 0.0722618292 
168 2 0.9060948 0.2048540999 0.2949377985 0.3212158882 -0.2458032083 -0.2565197685 0.3077965349 
169 2 0.943638886 0.2785764512 0.1160168149 0.4958610811 -0.179776396 -0.3716654682 0.2398504185 
170 2 1.3118923003 0.3155163832 1.4045175766 0.0010274479 0.6656938529 -0.0180049062 -0.0379877433 
171 2 1.4365821097 0.0432155897 0.3188706156 1.7016819528 -0.1173890186 0.2711811 -0.7366249872 
172 2 0.9709129159 0.0153667954 5.0316743e-05 0.927254778 -8.793219522e-04 -0.1193689008 0.006830552 
173 2 1.6355423467 0.1928622292 1.8938889273 0.5882476113 0.6043671404 -0.3368245027 -1.0554978151 
174 2 1.3574683161 1.553762288 0.2734030766 0.0155548646 -0.65176943 0.1554624135 -0.0652130956 
175 2 1.3540068089 1.754441947 0.0025252656 0.0763672259 0.0665614889 -0.3660353324 -0.0138869552 
176 2 1.146123049 0.6791492876 0.6324687292 0.0019800266 -0.6553935359 0.0366706103 -0.0353879205 
177 2 1.679233676 0.1576963405 2.5936406807 0.0684887173 0.6395370543 -0.1039250696 -0.4214678201 
178 2 1.3644126132 0.9694142871 0.8361048713 0.0561026206 0.9002955114 -0.2332095237 -0.216581796 
179 2 1.0344807624 0.321746882 0.0469140886 0.7014894772 0.1228595203 -0.4750811005 -0.1814104173 
180 2 0.3004588947 0.0028487131 0.0224398443 0.06498699 -0.007995291 -0.0136062224 0.0381876674 
181 2 1.3801052057 1.0783125512 0.4014613428 0.4249164846 0.6579519776 -0.6768993859 -0.4130224479 
182 2 0.351523056 0.0241876452 0.032672851 0.0667079627 0.0281119072 -0.0401685018 -0.0466855366 
183 2 1.7463182464 1.5081968208 0.4211975043 1.1202330925 0.7970249286 1.2998199832 0.6869056578 
184 2 0.9531753543 0.3017390846 0.6066735532 1.3061822392e-04 0.4278517531 0.0062779474 0.0089018325 
185 2 1.5533960175 1.2433031785 1.1469911651 0.0227448436 1.1941766039 -0.1681628271 -0.1615182179 
186 2 1.0458725276 0.9740503802 0.0839956759 0.0358032878 -0.2860349979 -0.1867463684 0.0548390496 
187 2 1.2878671775 0.0209809054 0.790936526 0.8466844355 0.1288198915 0.1332824296 0.8183359005 
188 2 1.4894579393 0.0109992841 1.609760926 0.597724743 0.1330647128 -0.0810835635 -0.9809148463 
189 2 1.5875315142 0.4441518206 2.0148810708 0.0612234173 0.945998465 0.1649014623 0.3512234397 
190 2 0.9051972571 0.6527801525 0.096351718 0.0702502039 0.2507917246 0.2141446679 0.0822722786 
191 2 0.8536624488 0.345352244 0.2121977333 0.1711895991 0.2707082625 0.2431475112 0.1905939267 
192 2 1.5095162159 0.0083731743 0.9042318156 1.3660342161 -0.0870131634 -0.1069487849 1.1114007376 
193 2 1.4616214252 0.0879566304 0.9018275179 1.1465530422 -0.2816411008 0.3175640757 -1.0168545049 
194 2 1.747155442 1.4654597562 1.5028350342 0.0842573481 1.4840297379 -0.3513911677 -0.3558439188 
195 2 0.8631544077 0.5321553731 0.1145856955 0.098294463 -0.246936011 -0.2287092622 0.1061279388 
196 2 1.3162762735 1.4157517518 0.0725811134 0.244250363 0.3205570752 0.5880458139 0.133146398 
197 2 1.6872867897 2.0967123256 0.5287332 0.221491185 -1.0529014282 -0.681471421 0.3422130083 
198 2 1.7043542519 2.3013532581 0.463413925 0.1400562327 -1.032704772 0.5677313339 -0.2547626513 
199 2 1.2728189817 0.2335030479 1.2771944746 0.1093706376 -0.5461032893 -0.1598073128 0.3737480086 
200 2 0.4264197355 0.1733897174 7.1505706751e-04 0.0077290164 0.0111347898 -0.0366078129 -0.0023508908 
201 2 1.3188735797 0.0010421195 1.7077633369 0.0306220628 0.0421864132 0.0056490573 0.2286815167 
202 2 1.0335562346 0.2332694626 0.7095141703 0.1254548572 0.4068267311 0.1710695388 0.2983487873 
203 2 1.6695518711 0.2231344574 1.9478173753 0.6164516175 -0.6592610812 0.3708794915 -1.095780622 
204 2 1.2546367203 0.3451647664 0.8632840298 0.3656645038 0.5458710749 0.3552668054 0.5618472447 
205 2 1.6447097234 1.7139579465 0.7265155547 0.2645965731 1.1158929645 -0.6734295799 -0.438444439 
206 2 1.7287096037 0.4022920217 1.9799474132 0.6061974591 0.8924780377 -0.4938303366 -1.0955542392 
207 2 1.1373942989 0.0032127535 0.2030392035 1.0874138342 -0.0255404562 -0.0591066203 0.4698804516 
208 2 1.1525244622 0.5275432079 1.0034820298e-04 0.8006690798 0.0072758514 0.6499134826 0.0089635765 
209 2 1.351896198 0.4012438396 0.1434820775 1.2828974129 0.2399402003 -0.7174640645 -0.4290370451 
210 2 1.3335039688 0.2767713425 0.8749785295 0.6264829626 0.4921066777 -0.4164042875 -0.7403777019 
211 2 1.0051877674 0.2835001679 0.7268856621 1.6617696247e-05 0.4539517675 -0.0021705114 -0.0034755093 
212 2 0.9104877268 0.2971633534 0.1451893747 0.3866351726 0.2077136525 0.3389598862 0.2369289322 
213 1 0.0 0.0 0.0 0.0 0.0 0.0 0.0 
214 1 0.0 0.0 0.0 0.0 0.0 0.0 0.0 
215 1 0.0 0.0 0.0 0.0 0.0 0.0 0.0 
216 1 0.0 0.0 0.0 0.0 0.0 0.0 0.0 
217 1 0.0 0.0 0.0 0.0 0.0 0.0 0.0 
218 1 0.0 0.0 0.0 0.0 0.0 0.0 0.0 
219 1 0.0 0.0 0.0 0.0 0.0 0.0 0.0 
220 1 0.0 0.0 0.0 0.0 0.0 0.0 0.0 
221 1 0.0 0.0 0.0 0.0 0.0 0.0 0.0 
222 1 0.0 0.0 0.0 0.0 0.0 0.0 0.0 
223 1 0.0 0.0 0.0 0.0 0.0 0.0 0.0 
224 1 0.0 0.0 0.0 0.0 0.0 0.0 0.0 
225 1 0.0 0.0 0.0 0.0 0.0 0.0 0.0 
226 1 0.0 0.0 0.0 0.0 0.0 0.0 0.0 
227 1 0.0 0.0 0.0 0.0 0.0 0.0 0.0 
228 1 0.0 0.0 0.0 0.0 0.0 0.0 0.0 
229 1 0.0 0.0 0.0 0.0 0.0 0.0 0.0 
230 1 0.0 0.0 0.0 0.0 0.0 0.0 0.0 
231 1 0.0 0.0 0.0 0.0 0.0 0.0 0.0 
232 1 0.0 0.0 0.0 0.0 0.0 0.0 0.0 
233 1 0.0 0.0 0.0 0.0 0.0 0.0 0.0 
234 1 0.0 0.0 0.0 0.0 0.0 0.0 0.0 
235 1 0.0 0.0 0.0 0.0 0.0 0.0 0.0 
236 1 0.0 0.0 0.0 0.0 0.0 0.0 0.0 
237 1 0.0 0.0 0.0 0.0 0.0 0.0 0.0 
238 1 0.0 0.0 0.0 0.0 0.0 0.0 0.0 
239 1 0.0 0.0 0.0 0.0 0.0 0.0 0.0 
240 1 0.0 0.0 0.0 0.0 0.0 0.0 0.0 
241 1 0.0 0.0 0.0 0.0 0.0 0.0 0.0 
242 1 0.0 0.0 0.0 0.0 0.0 0.0 0.0 
243 1 0.0 0.0 0.0 0.0 0.0 0.0 0.0 
244 1 0.0 0.0 0.0 0.0 0.0 0.0 0.0 
245 1 0.0 0.0 0.0 0.0 0.0 0.0 0.0 
246 1 0.0 0.0 0.0 0.0 0.0 0.0 0.0 
247 1 0.0 0.0 0.0 0.0 0.0 0.0 0.0 
248 1 0.0 0.0 0.0 0.0 0.0 0.0 0.0 
249 1 0.0 0.0 0.0 0.0 0.0 0.0 0.0 
250 1 0.0 0.0 0.0 0.0 0.0 0.0 0.0 
251 1 0.0 0.0 0.0 0.0 0.0 0.0 0.0 
252 1 0.0 0.0 0.0 0.0 0.0 0.0 0.0 
253 1 0.0 0.0 0.0 0.0 0.0 0.0 0.0 
254 1 0.0 0.0 0.0 0.0 0.0 0.0 0.0 
255 1 0.0 0.0 0.0 0.0 0.0 0.0 0.0 
256 1 0.0 0.0 0.0 0.0 0.0 0.0 0.0 
257 1 0.0 0.0 0.0 0.0 0.0 0.0 0.0 
258 1 0.0 0.0 0.0 0.0 0.0 0.0 0.0 
259 1 0.0 0.0 0.0 0.0 0.0 0.0 0.0 
260 1 0.0 0.0 0.0 0.0 0.0 0.0 0.0 
261 1 0.0 0.0 0.0 0.0 0.0 0.0 0.0 
262 1 0.0 0.0 0.0 0.0 0.0 0.0 0.0 
263 1 0.0 0.0 0.0 0.0 0.0 0.0 0.0 
264 1 0.0 0.0 0.0 0.0 0.0 0.0 0.0 
265 1 0.0 0.0 0.0 0.0 0.0 0.0 0.0 
266 1 0.0 0.0 0.0 0.0 0.0 0.0 0.0 
267 1 0.0 0.0 0.0 0.0 0.0 0.0 0.0 
268 1 0.0 0.0 0.0 0.0 0.0 0.0 0.0 
269 1 0.0 0.0 0.0 0.0 0.0 0.0 0.0 
270 1 0.0 0.0 0.0 0.0 0.0 0.0 0.0 
271 1 0.0 0.0 0.0 0.0 0.0 0.0 0.0 
272 1 0.0 0.0 0.0 0.0 0.0 0.0 0.0 
273 1 0.0 0.0 0.0 0.0 0.0 0.0 0.0 
274 1 0.0 0.0 0.0 0.0 0.0 0.0 0.0 
275 1 0.0 0.0 0.0 0.0 0.0 0.0 0.0 
276 1 0.0 0.0 0.0 0.0 0.0 0.0 0.0 
277 1 0.0 0.0 0.0 0.0 0.0 0.0 0.0 
278 1 0.0 0.0 0.0 0.0 0.0 0.0 0.0 
279 1 0.0 0.0 0.0 0.0 0.0 0.0 0.0 
280 1 0.0 0.0 0.0 0.0 0.0 0.0 0.0 
281 1 0.0 0.0 0.0 0.0 0.0 0.0 0.0 
282 1 0.0 0.0 0.0 0.0 0.0 0.0 0.0 
283 1 0.0 0.0 0.0 0.0 0.0 0.0 0.0 
284 1 0.0 0.0 0.0 0.0 0.0 0.0 0.0 
285 1 0.0 0.0 0.0 0.0 0.0 0.0 0.0 
286 1 0.0 0.0 0.0 0.0 0.0 0.0 0.0 
287 1 0.0 0.0 0.0 0.0 0.0 0.0 0.0 
288 1 0.0 0.0 0.0 0.0 0.0 0.0 0.0 
289 1 0.0 0.0 0.0 0.0 0.0 0.0 0.0 
290 1 0.0 0.0 0.0 0.0 0.0 0.0 0.0 
291 1 0.0 0.0 0.0 0.0 0.0 0.0 0.0 
292 1 0.0 0.0 0.0 0.0 0.0 0.0 0.0 
293 1 0.0 0.0 0.0 0.0 0.0 0.0 0.0 
294 1 0.0 0.0 0.0 0.0 0.0 0.0 0.0 
295 1 0.0 0.0 0.0 0.0 0.0 0.0 0.0 
296 1 0.0 0.0 0.0 0.0 0.0 0.0 0.0 
297 1 0.0 0.0 0.0 0.0 0.0 0.0 0.0 
298 1 0.0 0.0 0.0 0.0 0.0 0.0 0.0 
299 1 0.0 0.0 0.0 0.0 0.0 0.0 0.0 
300 1 0.0 0.0 0.0 0.0 0.0 0.0 0.0 
301 1 0.0 0.0 0.0 0.0 0.0 0.0 0.0 
302 1 0.0 0.0 0.0 0.0 0.0 0.0 0.0 
303 1 0.0 0.0 0.0 0.0 0.0 0.0 0.0 
304 1 0.0 0.0 0.0 0.0 0.0 0.0 0.0 
305 1 0.0 0.0 0.0 0.0 0.0 0.0 0.0 
306 1 0.0 0.0 0.0 0.0 0.0 0.0 0.0 
307 1 0.0 0.0 0.0 0.0 0.0 0.0 0.0 
308 1 0.0 0.0 0.0 0.0 0.0 0.0 0.0 
309 1 0.0 0.0 0.0 0.0 0.0 0.0 0.0 
310 1 0.0 0.0 0.0 0.0 0.0 0.0 0.0 
311 1 0.0 0.0 0.0 0.0 0.0 0.0 0.0 
312 1 0.0 0.0 0.0 0.0 0.0 0.0 0.0 
313 1 0.0 0.0 0.0 0.0 0.0 0.0 0.0 
314 1 0.0 0.0 0.0 0.0 0.0 0.0 0.0 
315 1 0.0 0.0 0.0 0.0 0.0 0.0 0.0 
316 1 0.0 0.0 0.0 0.0 0.0 0.0 0.0 
317 1 0.0 0.0 0.0 0.0 0.0 0.0 0.0 
318 1 0.0 0.0 0.0 0.0 0.0 0.0 0.0 
319 1 0.0 0.0 0.0 0.0 0.0 0.0 0.0 
320 1 0.0 0.0 0.0 0.0 0.0 0.0 0.0 
321 1 0.0 0.0 0.0 0.0 0.0 0.0 0.0 
322 1 0.0 0.0 0.0 0.0 0.0 0.0 0.0 
323 1 0.0 0.0 0.0 0.0 0.0 0.0 0.0 
324 1 0.0 0.0 0.0 0.0 0.0 0.0 0.0 
325 1 0.0 0.0 0.0 0.0 0.0 0.0 0.0 
326 1 0.0 0.0 0.0 0.0 0.0 0.0 0.0 
327 1 0.0 0.0 0.0 0.0 0.0 0.0 0.0 
328 1 0.0 0.0 0.0 0.0 0.0 0.0 0.0 
329 1 0.0 0.0 0.0 0.0 0.0 0.0 0.0 
330 1 0.0 0.0 0.0 0.0 0.0 0.0 0.0 
331 1 0.0 0.0 0.0 0.0 0.0 0.0 0.0 
332 1 0.0 0.0 0.0 0.0 0.0 0.0 0.0 
333 1 0.0 0.0 0.0 0.0 0.0 0.0 0.0 
334 1 0.0 0.0 0.0 0.0 0.0 0.0 0.0 
335 1 0.0 0.0 0.0 0.0 0.0 0.0 0.0 
336 1 0.0 0.0 0.0 0.0 0.0 0.0 0.0 
337 1 0.0 0.0 0.0 0.0 0.0 0.0 0.0 
338 1 0.0 0.0 0.0 0.0 0.0 0.0 0.0 
339 1 0.0 0.0 0.0 0.0 0.0 0.0 0.0 
340 1 0.0 0.0 0.0 0.0 0.0 0.0 0.0 
341 1 0.0 0.0 0.0 0.0 0.0 0.0 0.0 
342 1 0.0 0.0 0.0 0.0 0.0 0.0 0.0 
343 1 0.0 0.0 0.0 0.0 0.0 0.0 0.0 
344 1 0.0 0.0 0.0 0.0 0.0 0.0 0.0 
345 1 0.0 0.0 0.0 0.0 0.0 0.0 0.0 
346 1 0.0 0.0 0.0 0.0 0.0 0.0 0.0 
347 1 0.0 0.0 0.0 0.0 0.0 0.0 0.0 
348 1 0.0 0.0 0.0 0.0 0.0 0.0 0.0 
349 1 0.0 0.0 0.0 0.0 0.0 0.0 0.0 
350 1 0.0 0.0 0.0 0.0 0.0 0.0 0.0 
351 1 0.0 0.0 0.0 0.0 0.0 0.0 0.0 
352 1 0.0 0.0 0.0 0.0 0.0 0.0 0.0 
353 1 0.0 0.0 0.0 0.0 0.0 0.0 0.0 
354 1 0.0 0.0 0.0 0.0 0.0 0.0 0.0 
355 1 0.0 0.0 0.0 0.0 0.0 0.0 0.0 
356 1 0.0 0.0 0.0 0.0 0.0 0.0 0.0 
357 1 0.0 0.0 0.0 0.0 0.0 0.0 0.0 
358 1 0.0 0.0 0.0 0.0 0.0 0.0 0.0 
359 1 0.0 0.0 0.0 0.0 0.0 0.0 0.0 
360 1 0.0 0.0 0.0 0.0 0.0 0.0 0.0 
361 1 0.0 0.0 0.0 0.0 0.0 0.0 0.0 
362 1 0.0 0.0 0.0 0.0 0.0 0.0 0.0 
363 1 0.0 0.0 0.0 0.0 0.0 0.0 0.0 
364 1 0.0 0.0 0.0 0.0 0.0 0.0 0.0 
365 1 0.0 0.0 0.0 0.0 0.0 0.0 0.0 
366 1 0.0 0.0 0.0 0.0 0.0 0.0 0.0 
367 1 0.0 0.0 0.0 0.0 0.0 0.0 0.0 
368 1 0.0 0.0 0.0 0.0 0.0 0.0 0.0 
369 1 0.0 0.0 0.0 0.0 0.0 0.0 0.0 
370 1 0.0 0.0 0.0 0.0 0.0 0.0 0.0 
371 1 0.0 0.0 0.0 0.0 0.0 0.0 0.0 
372 1 0.0 0.0 0.0 0.0 0.0 0.0 0.0 
373 1 0.0 0.0 0.0 0.0 0.0 0.0 0.0 
374 1 0.0 0.0 0.0 0.0 0.0 0.0 0.0 
375 1 0.0 0.0 0.0 0.0 0.0 0.0 0.0 
376 1 0.0 0.0 0.0 0.0 0.0 0.0 0.0 
377 1 0.0 0.0 0.0 0.0 0.0 0.0 0.0 
378 1 0.0 0.0 0.0 0.0 0.0 0.0 0.0 
379 1 0.0 0.0 0.0 0.0 0.0 0.0 0.0 
380 1 0.0 0.0 0.0 0.0 0.0 0.0 0.0 
381 1 0.0 0.0 0.0 0.0 0.0 0.0 0.0 
382 1 0.0 0.0 0.0 0.0 0.0 0.0 0.0 
383 1 0.0 0.0 0.0 0.0 0.0 0.0 0.0 
384 1 0.0 0.0 0.0 0.0 0.0 0.0 0.0 
385 1 0.0 0.0 0.0 0.0 0.0 0.0 0.0 
386 1 0.0 0.0 0.0 0.0 0.0 0.0 0.0 
387 1 0.0 0.0 0.0 0.0 0.0 0.0 0.0 
388 1 0.0 0.0 0.0 0.0 0.0 0.0 0.0 
389 1 0.0 0.0 0.0 0.0 0.0 0.0 0.0 
390 1 0.0 0.0 0.0 0.0 0.0 0.0 0.0 
391 1 0.0 0.0 0.0 0.0 0.0 0.0 0.0 
392 1 0.0 0.0 0.0 0.0 0.0 0.0 0.0 
393 1 0.0 0.0 0.0 0.0 0.0 0.0 0.0 
394 1 0.0 0.0 0.0 0.0 0.0 0.0 0.0 
395 1 0.0 0.0 0.0 0.0 0.0 0.0 0.0 
396 1 0.0 0.0 0.0 0.0 0.0 0.0 0.0 
397 1 0.0 0.0 0.0 0.0 0.0 0.0 0.0 
398 1 0.0 0.0 0.0 0.0 0.0 0.0 0.0 
399 1 0.0 0.0 0.0 0.0 0.0 0.0 0.0 
400 1 0.0 0.0 0.0 0.0 0.0 0.0 0.0 
401 1 0.0 0.0 0.0 0.0 0.0 0.0 0.0 
402 1 0.0 0.0 0.0 0.0 0.0 0.0 0.0 
403 1 0.0 0.0 0.0 0.0 0.0 0.0 0.0 
404 1 0.0 0.0 0.0 0.0 0.0 0.0 0.0 
405 1 0.0 0.0 0.0 0.0 0.0 0.0 0.0 
406 1 0.0 0.0 0.0 0.0 0.0 0.0 0.0 
407 1 0.0 0.0 0.0 0.0 0.0 0.0 0.0 
408 1 0.0 0.0 0.0 0.0 0.0 0.0 0.0 
409 1 0.0 0.0 0.0 0.0 0.0 0.0 0.0 
410 1 0.0 0.0 0.0 0.0 0.0 0.0 0.0 
411 1 0.0 0.0 0.0 0.0 0.0 0.0 0.0 
412 1 0.0 0.0 0.0 0.0 0.0 0.0 0.0 
413 1 0.0 0.0 0.0 0.0 0.0 0.0 0.0 
414 1 0.0 0.0 0.0 0.0 0.0 0.0 0.0 
415 1 0.0 0.0 0.0 0.0 0.0 0.0 0.0 
416 1 0.0 0.0 0.0 0.0 0.0 0.0 0.0 
417 1 0.0 0.0 0.0 0.0 0.0 0.0 0.0 
418 1 0.0 0.0 0.0 0.0 0.0 0.0 0.0 
419 1 0.0 0.0 0.0 0.0 0.0 0.0 0.0 
420 1 0.0 0.0 0.0 0.0 0.0 0.0 0.0 
421 1 0.0 0.0 0.0 0.0 0.0 0.0 0.0 
422 1 0.0 0.0 0.0 0.0 0.0 0.0 0.0 
423 1 0.0 0.0 0.0 0.0 0.0 0.0 0.0 
424 1 0.0 0.0 0.0 0.0 0.0 0.0 0.0 
425 1 0.0 0.0 0.0 0.0 0.0 0.0 0.0 
426 1 0.0 0.0 0.0 0.0 0.0 0.0 0.0 
427 1 0.0 0.0 0.0 0.0 0.0 0.0 0.0 
428 1 0.0 0.0 0.0 0.0 0.0 0.0 0.0 
429 1 0.0 0.0 0.0 0.0 0.0 0.0 0.0 
430 1 0.0 0.0 0.0 0.0 0.0 0.0 0.0 
431 1 0.0 0.0 0.0 0.0 0.0 0.0 0.0 
432 1 0.0 0.0 0.0 0.0 0.0 0.0 0.0 
433 1 0.0 0.0 0.0 0.0 0.0 0.0 0.0 
434 1 0.0 0.0 0.0 0.0 0.0 0.0 0.0 
435 1 0.0 0.0 0.0 0.0 0.0 0.0 0.0 
436 1 0.0 0.0 0.0 0.0 0.0 0.0 0.0 
437 1 0.0 0.0 0.0 0.0 0.0 0.0 0.0 
438 1 0.0 0.0 0.0 0.0 0.0 0.0 0.0 
439 1 0.0 0.0 0.0 0.0 0.0 0.0 0.0 
440 1 0.0 0.0 0.0 0.0 0.0 0.0 0.0 
441 1 0.0 0.0 0.0 0.0 0.0 0.0 0.0 
442 1 0.0 0.0 0.0 0.0 0.0 0.0 0.0 
443 1 0.0 0.0 0.0 0.0 0.0 0.0 0.0 
444 1 0.0 0.0 0.0 0.0 0.0 0.0 0.0 
445 1 0.0 0.0 0.0 0.0 0.0 0.0 0.0 
446 1 0.0 0.0 0.0 0.0 0.0 0.0 0.0 
447 1 0.0 0.0 0.0 0.0 0.0 0.0 0.0 
448 1 0.0 0.0 0.0 0.0 0.0 0.0 0.0 
449 1 0.0 0.0 0.0 0.0 0.0 0.0 0.0 
450 1 0.0 0.0 0.0 0.0 0.0 0.0 0.0 
451 1 0.0 0.0 0.0 0.0 0.0 0.0 0.0 
452 1 0.0 0.0 0.0 0.0 0.0 0.0 0.0 
453 1 0.0 0.0 0.0 0.0 0.0 0.0 0.0 
454 1 0.0 0.0 0.0 0.0 0.0 0.0 0.0 
455 1 0.0 0.0 0.0 0.0 0.0 0.0 0.0 
456 1 0.0 0.0 0.0 0.0 0.0 0.0 0.0 
457 1 0.0 0.0 0.0 0.0 0.0 0.0 0.0 
458 1 0.0 0.0 0.0 0.0 0.0 0.0 0.0 
459 1 0.0 0.0 0.0 0.0 0.0 0.0 0.0 
460 1 0.0 0.0 0.0 0.0 0.0 0.0 0.0 
461 1 0.0 0.0 0.0 0.0 0.0 0.0 0.0 
462 1 0.0 0.0 0.0 0.0 0.0 0.0 0.0 
463 1 0.0 0.0 0.0 0.0 0.0 0.0 0.0 
464 1 0.0 0.0 0.0 0.0 0.0 0.0 0.0 
465 1 0.0 0.0 0.0 0.0 0.0 0.0 0.0 
466 1 0.0 0.0 0.0 0.0 0.0 0.0 0.0 
467 1 0.0 0.0 0.0 0.0 0.0 0.0 0.0 
468 1 0.0 0.0 0.0 0.0 0.0 0.0 0.0 
469 1 0.0 0.0 0.0 0.0 0.0 0.0 0.0 
470 1 0.0 0.0 0.0 0.0 0.0 0.0 0.0 
471 1 0.0 0.0 0.0 0.0 0.0 0.0 0.0 
472 1 0.0 0.0 0.0 0.0 0.0 0.0 0.0 
473 1 0.0 0.0 0.0 0.0 0.0 0.0 0.0 
474 1 0.0 0.0 0.0 0.0 0.0 0.0 0.0 
475 1 0.0 0.0 0.0 0.0 0.0 0.0 0.0 
476 1 0.0 0.0 0.0 0.0 0.0 0.0 0.0 
477 1 0.0 0.0 0.0 0.0 0.0 0.0 0.0 
478 1 0.0 0.0 0.0 0.0 0.0 0.0 0.0 
479 1 0.0 0.0 0.0 0.0 0.0 0.0 0.0 
480 1 0.0 0.0 0.0 0.0 0.0 0.0 0.0 
481 1 0.0 0.0 0.0 0.0 0.0 0.0 0.0 
482 1 0.0 0.0 0.0 0.0 0.0 0.0 0.0 
483 1 0.0 0.0 0.0 0.0 0.0 0.0 0.0 
484 1 0.0 0.0 0.0 0.0 0.0 0.0 0.0 
485 1 0.0 0.0 0.0 0.0 0.0 0.0 0.0 
486 1 0.0 0.0 0.0 0.0 0.0 0.0 0.0 
487 1 0.0 0.0 0.0 0.0 0.0 0.0 0.0 
488 1 0.0 0.0 0.0 0.0 0.0 0.0 0.0 
489 1 0.0 0.0 0.0 0.0 0.0 0.0 0.0 
490 1 0.0 0.0 0.0 0.0 0.0 0.0 0.0 
491 1 0.0 0.0 0.0 0.0 0.0 0.0 0.0 
492 1 0.0 0.0 0.0 0.0 0.0 0.0 0.0 
493 1 0.0 0.0 0.0 0.0 0.0 0.0 0.0 
494 1 0.0 0.0 0.0 0.0 0.0 0.0 0.0 
495 1 0.0 0.0 0.0 0.0 0.0 0.0 0.0 
496 1 0.0 0.0 0.0 0.0 0.0 0.0 0.0 
497 1 0.0 0.0 0.0 0.0 0.0 0.0 0.0 
498 1 0.0 0.0 0.0 0.0 0.0 0.0 0.0 
499 1 0.0 0.0 0.0 0.0 0.0 0.0 0.0 
500 1 0.0 0.0 0.0 0.0 0.0 0.0 0.0 
501 1 0.0 0.0 0.0 0.0 0.0 0.0 0.0 
502 1 0.0 0.0 0.0 0.0 0.0 0.0 0.0 
503 1 0.0 0.0 0.0 0.0 0.0 0.0 0.0 
504 1 0.0 0.0 0.0 0.0 0.0 0.0 0.0 
505 1 0.0 0.0 0.0 0.0 0.0 0.0 0.0 
506 1 0.0 0.0 0.0 0.0 0.0 0.0 0.0 
507 1 0.0 0.0 0.0 0.0 0.0 0.0 0.0 
508 1 0.0 0.0 0.0 0.0 0.0 0.0 0.0 
509 1 0.0 0.0 0.0 0.0 0.0 0.0 0.0 
510 1 0.0 0.0 0.0 0.0 0.0 0.0 0.0 
511 1 0.0 0.0 0.0 0.0 0.0 0.0 0.0 
512 1 0.0 0.0 0.0 0.0 0.0 0.0 0.0 
513 1 0.0 0.0 0.0 0.0 0.0 0.0 0.0 
514 1 0.0 0.0 0.0 0.0 0.0 0.0 0.0 
515 1 0.0 0.0 0.0 0.0 0.0 0.0 0.0 
516 1 0.0 0.0 0.0 0.0 0.0 0.0 0.0 
517 1 0.0 0.0 0.0 0.0 0.0 0.0 0.0 
518 1 0.0 0.0 0.0 0.0 0.0 0.0 0.0 
519 1 0.0 0.0 0.0 0.0 0.0 0.0 0.0 
520 1 0.0 0.0 0.0 0.0 0.0 0.0 0.0 
521 1 0.0 0.0 0.0 0.0 0.0 0.0 0.0 
522 1 0.0 0.0 0.0 0.0 0.0 0.0 0.0 
523 1 0.0 0.0 0.0 0.0 0.0 0.0 0.0 
524 1 0.0 0.0 0.0 0.0 0.0 0.0 0.0 
525 1 0.0 0.0 0.0 0.0 0.0 0.0 0.0 
526 1 0.0 0.0 0.0 0.0 0.0 0.0 0.0 
527 1 0.0 0.0 0.0 0.0 0.0 0.0 0.0 
528 1 0.0 0.0 0.0 0.0 0.0 0.0 0.0 
529 1 0.0 0.0 0.0 0.0 0.0 0.0 0.0 
530 1 0.0 0.0 0.0 0.0 0.0 0.0 0.0 
531 1 0.0 0.0 0.0 0.0 0.0 0.0 0.0 
532 1 0.0 0.0 0.0 0.0 0.0 0.0 0.0 
533 1 0.0 0.0 0.0 0.0 0.0 0.0 0.0 
534 1 0.0 0.0 0.0 0.0 0.0 0.0 0.0 
535 1 0.0 0.0 0.0 0.0 0.0 0.0 0.0 
536 1 0.0 0.0 0.0 0.0 0.0 0.0 0.0 
537 1 0.0 0.0 0.0 0.0 0.0 0.0 0.0 
538 1 0.0 0.0 0.0 0.0 0.0 0.0 0.0 
539 1 0.0 0.0 0.0 0.0 0.0 0.0 0.0 
540 1 0.0 0.0 0.0 0.0 0.0 0.0 0.0 
541 1 0.0 0.0 0.0 0.0 0.0 0.0 0.0 
542 1 0.0 0.0 0.0 0.0 0.0 0.0 0.0 
543 1 0.0 0.0 0.0 0.0 0.0 0.0 0.0 
544 1 0.0 0.0 0.0 0.0 0.0 0.0 0.0 
545 1 0.0 0.0 0.0 0.0 0.0 0.0 0.0 
546 1 0.0 0.0 0.0 0.0 0.0 0.0 0.0 
547 1 0.0 0.0 0.0 0.0 0.0 0.0 0.0 
548 1 0.0 0.0 0.0 0.0 0.0 0.0 0.0 
549 1 0.0 0.0 0.0 0.0 0.0 0.0 0.0 
550 1 0.0 0.0 0.0 0.0 0.0 0.0 0.0 
551 1 0.0 0.0 0.0 0.0 0.0 0.0 0.0 
552 1 0.0 0.0 0.0 0.0 0.0 0.0 0.0 
553 1 0.0 0.0 0.0 0.0 0.0 0.0 0.0 
554 1 0.0 0.0 0.0 0.0 0.0 0.0 0.0 
555 1 0.0 0.0 0.0 0.0 0.0 0.0 0.0 
556 1 0.0 0.0 0.0 0.0 0.0 0.0 0.0 
557 1 0.0 0.0 0.0 0.0 0.0 0.0 0.0 
558 1 0.0 0.0 0.0 0.0 0.0 0.0 0.0 
559 1 0.0 0.0 0.0 0.0 0.0 0.0 0.0 
560 1 0.0 0.0 0.0 0.0 0.0 0.0 0.0 
561 1 0.0 0.0 0.0 0.0 0.0 0.0 0.0 
562 1 0.0 0.0 0.0 0.0 0.0 0.0 0.0 
563 1 0.0 0.0 0.0 0.0 0.0 0.0 0.0 
564 1 0.0 0.0 0.0 0.0 0.0 0.0 0.0 
565 1 0.0 0.0 0.0 0.0 0.0 0.0 0.0 
566 1 0.0 0.0 0.0 0.0 0.0 0.0 0.0 
567 1 0.0 0.0 0.0 0.0 0.0 0.0 0.0 
568 1 0.0 0.0 0.0 0.0 0.0 0.0 0.0 
569 1 0.0 0.0 0.0 0.0 0.0 0.0 0.0 
570 1 0.0 0.0 0.0 0.0 0.0 0.0 0.0 
571 1 0.0 0.0 0.0 0.0 0.0 0.0 0.0 
572 1 0.0 0.0 0.0 0.0 0.0 0.0 0.0 
573 1 0.0 0.0 0.0 0.0 0.0 0.0 0.0 
574 1 0.0 0.0 0.0 0.0 0.0 0.0 0.0 
575 1 0.0 0.0 0.0 0.0 0.0 0.0 0.0 
576 1 0.0 0.0 0.0 0.0 0.0 0.0 0.0 
577 1 0.0 0.0 0.0 0.0 0.0 0.0 0.0 
578 1 0.0 0.0 0.0 0.0 0.0 0.0 0.0 
579 1 0.0 0.0 0.0 0.0 0.0 0.0 0.0 
580 1 0.0 0.0 0.0 0.0 0.0 0.0 0.0 
581 1 0.0 0.0 0.0 0.0 0.0 0.0 0.0 
582 1 0.0 0.0 0.0 0.0 0.0 0.0 0.0 
583 1 0.0 0.0 0.0 0.0 0.0 0.0 0.0 
584 1 0.0 0.0 0.0 0.0 0.0 0.0 0.0 
585 1 0.0 0.0 0.0 0.0 0.0 0.0 0.0 
586 1 0.0 0.0 0.0 0.0 0.0 0.0 0.0 
587 1 0.0 0.0 0.0 0.0 0.0 0.0 0.0 
588 1 0.0 0.0 0.0 0.0 0.0 0.0 0.0 
589 1 0.0 0.0 0.0 0.0 0.0 0.0 0.0 
590 1 0.0 0.0 0.0 0.0 0.0 0.0 0.0 
591 1 0.0 0.0 0.0 0.0 0.0 0.0 0.0 
592 1 0.0 0.0 0.0 0.0 0.0 0.0 0.0 
593 1 0.0 0.0 0.0 0.0 0.0 0.0 0.0 
594 1 0.0 0.0 0.0 0.0 0.0 0.0 0.0 
595 1 0.0 0.0 0.0 0.0 0.0 0.0 0.0 
596 1 0.0 0.0 0.0 0.0 0.0 0.0 0.0 
597 1 0.0 0.0 0.0 0.0 0.0 0.0 0.0 
598 1 0.0 0.0 0.0 0.0 0.0 0.0 0.0 
599 1 0.0 0.0 0.0 0.0 0.0 0.0 0.0 
600 1 0.0 0.0 0.0 0.0 0.0 0.0 0.0 
601 1 0.0 0.0 0.0 0.0 0.0 0.0 0.0 
602 1 0.0 0.0 0.0 0.0 0.0 0.0 0.0 
603 1 0.0 0.0 0.0 0.0 0.0 0.0 0.0 
604 1 0.0 0.0 0.0 0.0 0.0 0.0 0.0 
605 1 0.0 0.0 0.0 0.0 0.0 0.0 0.0 
606 1 0.0 0.0 0.0 0.0 0.0 0.0 0.0 
607 1 0.0 0.0 0.0 0.0 0.0 0.0 0.0 
608 1 0.0 0.0 0.0 0.0 0.0 0.0 0.0 
609 1 0.0 0.0 0.0 0.0 0.0 0.0 0.0 
610 1 0.0 0.0 0.0 0.0 0.0 0.0 0.0 
611 1 0.0 0.0 0.0 0.0 0.0 0.0 0.0 
612 1 0.0 0.0 0.0 0.0 0.0 0.0 0.0 
613 1 0.0 0.0 0.0 0.0 0.0 0.0 0.0 
614 1 0.0 0.0 0.0 0.0 0.0 0.0 0.0 
615 1 0.0 0.0 0.0 0.0 0.0 0.0 0.0 
616 1 0.0 0.0 0.0 0.0 0.0 0.0 0.0 
617 1 0.0 0.0 0.0 0.0 0.0 0.0 0.0 
618 1 0.0 0.0 0.0 0.0 0.0 0.0 0.0 
619 1 0.0 0.0 0.0 0.0 0.0 0.0 0.0 
620 1 0.0 0.0 0.0 0.0 0.0 0.0 0.0 
