# Cluster list (49 data points):
# "Cluster Identifier" "Cluster Size" "Radius of Gyration" "Gyration Tensor.XX" "Gyration Tensor.YY" "Gyration Tensor.ZZ" "Gyration Tensor.XY" "Gyration Tensor.XZ" "Gyration Tensor.YZ"
1 76 4.1476116473 8.4573807396 3.4857104796 5.2595911575 0.9568004411 -2.2299080485 -0.4760194125 
2 53 3.4826863474 3.8031437825 4.2370393129 4.0889210991 0.3719885915 -0.0408223801 0.5110575282 
3 53 3.4857192147 4.6676526987 3.3896544868 4.0929312582 -0.5298717148 -0.666103747 0.3891342439 
4 47 3.433589682 3.2031553165 5.3221623744 3.2642204135 0.8242262009 0.7632490007 0.7550683476 
5 40 3.1820896663 4.1203135318 2.8048313972 3.2005497152 -0.3159708759 0.3506417383 -0.0474047501 
6 40 3.1665145896 2.7697464202 3.6010737411 3.6559944849 0.5638167256 -0.4127156449 -0.260818284 
7 39 3.1326314055 2.6703006926 4.2151566273 2.9279222029 0.0757963926 -0.078753476 -0.5540953732 
8 36 3.0961287483 2.9942448161 2.9944232442 3.5973451659 0.7156534414 -0.6224381032 -0.7774164764 
9 33 3.0209967182 3.160628764 3.4926060789 2.4731863284 -0.9236385363 0.2519134041 -0.082633323 
10 31 2.9385079818 2.3797922282 3.0573996456 3.1976372855 0.3283676283 0.3645689443 -0.6682735243 
11 31 2.9013475393 3.031511364 2.9628585268 2.4234476529 -0.5504925456 0.3720142414 -0.2324842699 
12 28 2.8132616332 1.9541349776 2.5241666284 3.436139411 0.1347936806 0.0587445835 0.1675790828 
13 27 2.8243510193 3.0116637182 3.2305360138 1.7347589482 0.9324177042 -0.222234338 -0.0513672598 
14 23 2.60959137 2.0947005533 2.438670134 2.2765964311 -0.3297434342 -0.0985969713 0.0358175498 
15 23 2.6565498125 2.9729204553 2.2728012079 1.8115352433 0.1409797868 -0.5533435185 -0.4582779944 
16 22 2.6049110933 2.7083590208 2.0964058535 1.9807969296 0.102034495 -0.2058623654 0.1257088939 
17 21 2.5507854631 1.9734499296 2.525508941 2.0075476083 0.6707278739 -0.2279638698 0.2025855994 
18 21 2.5904499871 2.3910811327 2.4661879314 1.8531620713 0.3596742513 0.364651912 -0.2954474745 
19 21 2.5573207492 1.6935527389 2.4637468589 2.3825898164 -0.1548143111 0.0079853604 0.4872916103 
20 20 2.4787415071 2.348073951 1.4297598633 2.3663256446 0.217427104 0.4817522048 0.1162668712 
21 18 2.3845175755 2.0274261036 1.9741144982 1.6843834661 0.3499342658 0.1792728387 0.1732584846 
22 17 2.4004233302 1.6561133702 1.944596525 2.1613222692 0.0914398837 0.5498060619 -0.3668403625 
23 16 2.2743582116 1.8659658459 1.5975534795 1.7091859491 -0.0976087193 -0.0340206928 -0.0544401378 
24 15 2.2465712552 2.3556431077 1.3034271311 1.3880121657 0.2315148557 0.1313190266 0.0965195361 
25 15 2.2872579022 1.6409778607 1.4346257114 2.1559451389 0.1938654733 -0.1509377041 0.112988873 
26 15 2.2575233087 1.3267488074 1.8524215576 1.9172411245 0.0824335334 0.037515936 -0.5591286492 
27 14 2.1694522695 2.0727074803 1.3466447568 1.2871709124 -0.0063007863 0.0094281672 0.019634178 
28 14 2.1676527333 1.9952517725 1.3723239028 1.3311426971 -0.2382197421 0.1171220795 -0.0517473325 
29 14 2.1663258595 1.3339486538 1.8140865543 1.5449325217 -0.0022872773 -0.0130219592 0.3447757723 
30 13 2.0643471902 1.4298647634 1.4457041513 1.385960407 -0.0134923877 0.0095273485 0.0123877512 
31 13 2.079999731 1.442649809 1.4199307992 1.4638182727 -0.0080396149 0.0026578398 -0.0410355015 
32 13 2.0699235411 1.4530626614 1.4264994195 1.405021385 0.0034689657 -0.010799731 0.0114350393 
33 12 2.054499423 1.1289355376 1.539265509 1.5527668324 -0.0549308749 -0.0695314479 0.0218195032 
34 12 2.0606226824 1.2465430835 1.4448929861 1.5547297696 0.1933603184 -0.0211003424 -0.0112102591 
35 11 2.028989536 1.2527981959 1.4968941293 1.367106212 0.2791761359 0.1757045195 -0.1494126847 
36 11 2.0967851697 1.9328403149 1.4588423528 1.00482538 -0.263876745 -0.2776879768 -0.1435210881 
37 10 1.963025303 1.3174527151 1.0136207466 1.5223948786 0.3496598403 -0.1854659792 0.1993641656 
38 10 1.9840378976 1.1317791222 1.6242754617 1.1803517953 -0.0357277624 -0.4782072695 -0.0325065523 
39 9 1.9336636752 0.9679916382 1.0931560714 1.6779074991 0.3150641963 -0.3804550121 0.015524055 
40 9 1.8778092785 0.9266443088 1.267502277 1.3320211004 -0.1892079482 -0.0586271383 0.0182727294 
41 8 1.829887818 0.9626429876 0.9706542815 1.4151921574 0.1207151154 -0.1959391668 -0.2761799085 
42 7 1.7376343507 1.1834437504 1.1128260195 0.7231033669 -0.0616021827 -0.3341070438 -0.3019783152 
43 7 1.7464549397 1.3947150288 1.1401279502 0.5152618774 0.0365154536 -0.0436971896 -0.2891489325 
44 7 1.7599901693 0.7894155695 0.9655722415 1.3425775851 0.4099834298 -0.1542096791 0.1795676748 
45 7 1.730674332 1.1600672968 1.2205865525 0.6145797942 0.0954257192 -0.2360480011 0.3332089393 
46 6 1.5886246075 0.8769571108 0.7570621564 0.8897088763 0.0066168175 -0.0248142862 -0.023399044 
47 5 1.5716568616 0.7022767179 0.8637156978 0.9041128748 0.2326039831 0.190881992 0.3838686869 
48 4 1.4114573994 0.6576029723 0.6363629525 0.6982460655 0.0650531839 0.0167475556 -0.0075488796 
49 3 1.2925405796 0.0716396364 0.7841302062 0.8148913074 0.1359698047 -0.1935255338 0.0246977377 
