# Cluster list (39 data points):
# "Cluster Identifier" "Cluster Size" "Radius of Gyration" "Gyration Tensor.XX" "Gyration Tensor.YY" "Gyration Tensor.ZZ" "Gyration Tensor.XY" "Gyration Tensor.XZ" "Gyration Tensor.YZ"
1 76 4.1002778614 5.7724515899 5.5113579669 5.528468984 1.9990890615 -1.9611938769 -1.5653415324 
2 74 3.9247479917 6.5674167543 4.4469509927 4.3892790514 0.5659289601 0.5160368284 0.8775042221 
3 70 3.9192732091 4.2363457864 7.1634148468 3.9609418542 -0.501593174 -0.504086467 1.58104229 
4 58 3.5525911192 4.9864046508 3.7383825991 3.8961164099 0.3278528591 -0.2011617331 0.0118158746 
5 53 3.4573685394 4.0947580631 4.0898257158 3.7688134386 0.2083307551 0.0250575806 0.4881267535 
6 47 3.3391696752 3.8303548624 4.1359715167 3.1837277405 0.6423440412 0.5535695998 0.0793212084 
7 43 3.3142942285 4.3778348408 4.1287056201 2.4780057718 1.0816879106 -0.1619413327 0.1215246761 
8 39 3.1486519263 2.6949305797 4.2778417192 2.941236654 0.1287822328 -0.0360152382 -0.5229323835 
9 36 3.0997279776 2.5179752559 3.3683807124 3.721957567 0.1256413969 0.2124285186 -1.0140798994 
10 33 3.0218092288 2.5583637671 3.988952494 2.584014754 -0.6399206493 -0.0233774328 0.0834736089 
11 31 2.9154296538 2.1255099822 2.942936179 3.4312839048 -0.4712244365 -0.2631942761 -0.1330324763 
12 31 2.9769846145 4.2113456723 2.0360592419 2.6150324806 0.0917403128 -0.8801742965 0.026065252 
13 31 2.9507385377 3.4977074759 2.415485356 2.7936650861 0.6478080895 -0.2669913868 0.1763151697 
14 28 2.8179649481 2.6627469702 2.1919051029 3.0862743754 0.2583170168 0.6130960908 -0.1740043827 
15 27 2.8257093298 2.3606333669 2.0210828815 3.602916968 -0.3932640543 -0.6505361116 0.3820088683 
16 23 2.6038368608 2.2065773366 2.6314875842 1.9419014771 0.0020783338 0.1386158572 0.0969646141 
17 21 2.5872203803 2.3967494436 1.900760633 2.3961992195 0.5464764624 0.0065314487 0.1735917439 
18 20 2.5064904438 1.7909781347 2.5538320111 1.9376841991 -2.7612396977e-04 -0.3032354165 0.1114498158 
19 20 2.4845722739 2.7403156834 1.8905956123 1.5421880884 -0.2060488023 -0.2380462264 0.2151304858 
20 18 2.4657013454 2.146494191 1.4827784436 2.4504104901 0.2726996697 0.4509687157 -0.3093169293 
21 17 2.4050210913 2.5132284539 1.2749725693 1.9959254263 0.3100780744 0.1985218522 0.2103040846 
22 16 2.3175405413 1.6483829708 1.8131157516 1.9094954382 -0.4808656996 0.2256874261 -0.3640818958 
23 15 2.2557913822 1.3341251112 2.0014946208 1.7529750278 0.0223140695 0.1548150825 0.5188253469 
24 15 2.2616813188 1.9804221448 1.7648654597 1.3699147834 0.5166066971 -0.2294321751 -0.1846990582 
25 14 2.1836670946 1.4022242537 1.9195327977 1.4466449288 -0.2001074584 -0.022735071 0.2257967812 
26 14 2.186200559 1.3981692789 1.6079192781 1.7733843273 -0.1327642957 0.1679346507 -0.3767261804 
27 14 2.1820327913 1.7701173171 1.6349441404 1.3562056449 -0.3452052396 0.0378757732 -0.0306288426 
28 13 2.0729954842 1.4141106479 1.4060985988 1.4771010309 0.0074058154 0.0292054033 -0.0113162164 
29 13 2.0659115757 1.4003633712 1.435878496 1.4317487715 -0.0208200893 -0.0225529996 -0.0039916885 
30 12 2.0495788828 1.2868108136 1.4542157239 1.4597470594 -0.1717297343 0.0757240959 0.0677488241 
31 12 2.0599433618 1.2794490229 1.4477347967 1.5161828341 0.1930822071 -0.1465373736 0.0703101555 
32 11 2.0275896199 1.5192805205 1.0818640986 1.5099750476 -0.262538261 0.0516989316 -0.1236961142 
33 11 2.040546226 1.6812748846 1.0585862403 1.4239677757 -0.1353516428 -0.133929768 -0.1554832462 
34 10 1.9723734681 0.7978018491 1.5749093334 1.5175459151 -0.2230711254 0.1562273848 0.1197856197 
35 9 1.8642880817 1.3426310793 0.8503616601 1.2825773122 0.0369319472 -0.0300739051 0.1145785398 
36 7 1.7163248531 0.8732863576 1.1976335761 0.8748510676 0.0851408891 -0.3769172221 0.2098766072 
37 7 1.7364297782 1.0549638904 0.7086711006 1.2515533837 -0.3476074728 -0.0395952753 -0.2187063703 
38 6 1.5851892459 0.8490639176 0.830425298 0.8333357296 0.0219283793 0.0086603928 -0.0150191862 
39 5 1.6101751631 0.6433272818 1.3524807841 0.5968559899 -0.1317484429 -0.1353871188 -0.1194837576 
