# Cluster list (43 data points):
# "Cluster Identifier" "Cluster Size" "Radius of Gyration" "Gyration Tensor.XX" "Gyration Tensor.YY" "Gyration Tensor.ZZ" "Gyration Tensor.XY" "Gyration Tensor.XZ" "Gyration Tensor.YZ"
1 76 4.1186826783 7.7100556112 4.3925199586 4.8609714349 1.8191988455 -1.9122182285 -0.719328054 
2 74 3.9351655079 6.007446384 5.5175757339 3.9605054569 1.0937817366 0.0556111383 0.8537392975 
3 58 3.57254017 5.1090978286 3.7319010436 3.9220443939 -0.0625631112 -0.3829527568 0.0228002287 
4 53 3.459105324 4.1336932344 4.021978286 3.8097381219 0.4155837469 -0.0879617782 0.3172278908 
5 47 3.3955697652 2.9681858515 3.8570198311 4.7046883477 0.819073406 -0.2166833416 0.5049734043 
6 47 3.3419037766 4.1825326521 3.6670742449 3.3187139551 0.2925210253 0.8317160412 0.1052430757 
7 39 3.1298151813 2.7217640091 4.3435175727 2.730461487 -0.0145518598 -0.0240513091 -0.2161316849 
8 36 3.1038907996 2.7905067333 4.2657792062 2.5778521563 0.6438859469 0.0321266454 -0.6532134334 
9 33 3.0172337047 2.6573232543 3.957944401 2.4884315735 -0.5820021206 0.2667552038 -0.3497816984 
10 31 2.9126051169 2.4777270556 3.009773169 2.9957683425 0.3582043106 -0.6420916452 0.0965825877 
11 31 2.9413217778 3.7097240404 2.3479594845 2.5936902759 -0.1780389751 0.2003110466 0.3409376802 
12 31 2.9010809092 2.8481003491 2.5333962813 3.0347738113 -0.1566877634 0.6466258419 -0.3724403127 
13 28 2.8246489237 1.9163182713 2.6165788703 3.4457444005 -0.158368187 -0.0227719251 0.3347227535 
14 27 2.8157995103 2.0846300336 2.825056718 3.0190401304 0.1685465185 0.6130791829 0.8021180069 
15 23 2.6783361287 2.8146792987 2.8597045776 1.499100542 -0.4327427878 -0.1183728225 0.1553154124 
16 23 2.6044130538 1.8706994009 2.676058038 2.2362099157 -0.0510796477 0.1237380987 -0.1486632621 
17 21 2.560445625 2.7327894499 1.7617801219 2.0613122265 0.2174707872 -0.3483997855 -0.1787531195 
18 21 2.5691739329 2.6110265427 2.1721929196 1.8174352353 0.2170229322 0.2123878517 -0.3350847567 
19 20 2.5010031691 1.7661852148 2.290907577 2.1979240599 -0.0292710763 0.4070484686 -0.1614375241 
20 20 2.4975298915 2.3281869097 2.3672153572 1.542253292 -0.5498325666 0.2248790976 0.0666079699 
21 18 2.4616186073 2.1975308333 1.6802969241 2.1817384106 -0.0988260476 0.2910050301 -0.7229619297 
22 17 2.3834653299 1.9669021862 2.5162880504 1.1977167424 0.0059624725 0.0737814879 0.1160601159 
23 16 2.327414175 2.0434324703 2.0955533158 1.2778709558 0.4726860666 -0.0035419006 0.091664192 
24 15 2.2585356857 1.2907221853 2.3240986553 1.4861626029 -0.060566759 0.0217684193 -0.2089466082 
25 15 2.2548462695 1.6171407894 2.1366806927 1.3305102169 0.3726693249 0.1580824419 0.2050362764 
26 14 2.179790825 2.015194622 1.3417591062 1.3945343127 0.0355992552 0.1272649535 -0.0024983813 
27 14 2.1606446323 1.4394262087 1.4247710904 1.8041879282 -0.0868433073 0.1477863601 -0.1822386505 
28 14 2.180870173 1.3575236144 1.5400108838 1.8586602133 0.0909921751 -0.0789992049 -0.3147203167 
29 13 2.0708275186 1.4374048778 1.4411960689 1.409725665 -5.6601592692e-04 -0.0222954116 0.0196701396 
30 13 2.0800247753 1.4453611739 1.4301609761 1.4509809159 8.8530252948e-04 0.0056205683 -0.0234195216 
31 12 2.0591206414 1.6143764476 1.237388341 1.3882130274 0.0492852992 -0.02078579 -0.188859521 
32 12 2.06786626 1.569781075 1.550970988 1.1553188062 0.028895767 -0.0032141892 0.003514139 
33 11 2.0258711821 1.3732974675 1.5131015655 1.2177550133 -0.1013828723 -0.2568225631 -0.0089163334 
34 11 2.0793045002 1.5607167608 1.5578341957 1.204956248 -0.3347465144 0.481470631 0.0141578064 
35 10 1.9925235136 1.6528782854 0.7048939294 1.6123777373 0.1454123426 -0.1115177136 0.0871914362 
36 10 1.9803073397 1.5745713369 0.7711797729 1.5758660498 -0.1622046828 0.0413744199 -0.0770919797 
37 9 1.8969062284 1.410487334 1.1425177612 1.0452481441 0.0070425166 -5.4768666403e-04 -0.2832735048 
38 8 1.8155349452 1.1896417319 0.8909495126 1.2155758925 -0.1118692075 0.4069933333 0.041215455 
39 7 1.7582660548 0.7819249848 1.3057514305 1.0038231039 -0.0788630884 -0.4542149703 -0.0271546987 
40 7 1.7351989561 1.2192039432 1.2330333595 0.5586781147 -0.0370418865 -0.265824469 -0.1251093626 
41 6 1.5947836235 0.8156085949 0.8112280407 0.9164981704 0.0720081049 -0.0039356471 0.0022006967 
42 5 1.5389017231 0.7209325796 0.795511455 0.8517744787 0.2112459925 -0.23260899 -0.3426431189 
43 4 1.3742941923 0.6235270455 0.5908670152 0.6742904664 -0.0299709358 0.0355547127 -0.0274788637 
