# Cluster list (49 data points):
# "Cluster Identifier" "Cluster Size" "Radius of Gyration" "Gyration Tensor.XX" "Gyration Tensor.YY" "Gyration Tensor.ZZ" "Gyration Tensor.XY" "Gyration Tensor.XZ" "Gyration Tensor.YZ"
1 76 4.1585301447 8.6725668367 3.473627782 5.1471783457 0.8819236588 -2.1155966651 -0.507281297 
2 53 3.4813657214 3.8964341506 4.0793017891 4.1441713465 0.2228527281 0.0143900883 0.6130705753 
3 53 3.4886645954 4.4205671263 3.5631136077 4.1870999251 -0.5933016694 -0.637040665 0.5225267568 
4 47 3.404723141 3.7602689363 4.359042755 3.4728279757 0.7609460459 0.9295200969 0.6409290607 
5 40 3.1643499132 4.1260633946 2.7549657774 3.1320812014 -0.1096092623 0.3215702361 0.050895052 
6 40 3.1796203955 2.9365842943 3.7421513945 3.4312501707 0.3492289042 -0.6516204725 -0.223771627 
7 39 3.1339474025 2.7419977465 4.1745369184 2.9050916568 -0.4325796019 0.138847351 -0.5041773447 
8 36 3.0928483007 3.4152447489 2.7065127076 3.4439531544 0.6434957467 -0.750743099 -0.6240774713 
9 33 3.0153504676 2.8576256828 3.6104339958 2.624278764 -0.7962967465 0.3510703634 -0.3168223807 
10 31 2.9263174125 2.2747550769 2.9346789935 3.3538995285 0.5463385611 0.1861429863 -0.2043184819 
11 31 2.8998374538 2.6741807664 3.2505179395 2.4843585526 -0.3717651009 0.323165472 -0.4199037425 
12 28 2.8032441857 1.8495971632 2.5500615176 3.458519284 0.0653398086 0.1776738554 0.0771114938 
13 27 2.8227844618 2.6575757945 3.5167368871 1.7937994361 0.7715619582 -0.2503101651 -0.1849321871 
14 23 2.6145670424 1.9844528057 2.6300053835 2.2215026302 -0.1025135184 0.1865028817 0.1992258774 
15 23 2.7066281313 3.2760542631 2.4834306206 1.5663509572 -0.276791239 -0.1707993863 -0.2779405955 
16 22 2.6025454627 2.7278651941 2.0971465058 1.9482311856 -0.0835488848 -0.1640350051 0.1434351264 
17 21 2.5550273722 1.8294118679 2.5160673013 2.1826857037 0.3687977233 -0.5403724701 -0.182148133 
18 21 2.5758916371 2.5409217424 2.478665961 1.6156300229 0.2560181649 0.0271597921 -0.3374363954 
19 21 2.5639944926 1.9096338438 2.4227800966 2.2416538177 -0.3636486195 -0.0772158844 0.5276076603 
20 20 2.4887391566 1.9477338631 1.7760827862 2.4700059404 0.1094576795 0.5155234707 -0.3584542754 
21 18 2.3824411522 2.2756382972 1.7840513507 1.6163361957 0.3628214192 0.2208404376 0.1037076673 
22 17 2.3826835876 1.6597372647 1.9039431792 2.1135006346 0.0565681706 0.608068685 -0.2850006898 
23 16 2.2758086122 1.8388266124 1.6060629896 1.7344152374 -0.193279097 -0.0414851754 -0.0192727536 
24 15 2.246567928 1.5789722378 2.0044850886 1.4636101289 -0.4733411217 0.2348490964 -0.2271326533 
25 15 2.2138205538 1.6884418109 1.3929181116 1.819641522 0.124068636 -0.0593798356 0.0937320613 
26 15 2.2561900937 1.5395296612 1.7090756865 1.8417883913 0.3382718136 -0.2418163814 -0.4508084528 
27 14 2.1744688163 2.0770886422 1.3566242752 1.2946017156 0.0547153446 0.0160531066 -0.0058757322 
28 14 2.1648323481 1.9997111006 1.372205348 1.3145826467 -0.2276894805 -0.0875295866 0.0573566014 
29 14 2.1926882782 1.3889480784 1.8474235612 1.5715102459 0.0972741331 0.0750481021 0.3470935116 
30 13 2.0589722086 1.416239617 1.4192493019 1.4038776368 0.0014678716 -0.0360423772 0.007220455 
31 13 2.0719290201 1.4052699207 1.4340449702 1.4535749736 -0.0323885368 -0.0024134676 -0.0483515967 
32 13 2.0708394163 1.4130310039 1.4665391644 1.4088057197 0.0174404949 0.0030293141 -0.0027856646 
33 12 2.0585147732 1.4680738185 1.2735289442 1.4958803089 0.1649136489 -0.0909512439 0.1489327557 
34 12 2.0657275029 1.2209033883 1.5311324211 1.5151943071 0.0209866924 -0.1681588465 0.0447811444 
35 11 2.0138815052 1.3616894382 1.5954116261 1.0986176525 0.2044382044 0.2480991972 -0.0258044253 
36 11 2.0896951888 1.9735795661 1.3829881112 1.0102583047 0.0600054961 0.313854098 -0.155817833 
37 10 1.9749424746 1.5790504126 0.990182598 1.3311647673 0.2132133469 -0.1230141757 0.3727882261 
38 10 1.9844648727 1.1046698804 1.3861435829 1.4472873675 0.3102835589 0.2774478619 -0.1299918795 
39 9 1.9142278546 1.0096163413 1.1712006362 1.483451302 -0.3093705868 -0.3898961412 -0.0944120249 
40 9 1.8892051574 1.2296806342 0.9635586534 1.3758568392 -0.2287679882 -0.0412907328 -0.0977600882 
41 8 1.8401585006 1.0812427804 0.8718030844 1.4331374424 -0.042263178 -0.3958630761 0.1413508307 
42 7 1.7143901183 1.2907828326 0.4966407402 1.151709905 -0.0015397318 -0.0205436188 -0.2186490244 
43 7 1.7263365977 0.9969663267 0.6435311582 1.3397405637 0.3090347624 -0.1181008938 0.213641493 
44 7 1.7329985384 0.4542437376 1.3206303814 1.2284098149 0.0460752691 0.1668656654 -0.064480296 
45 7 1.7254547361 1.3049892547 0.9401935863 0.7320112053 0.0535130078 -0.0424784825 0.4315914072 
46 6 1.6391424004 1.0591259042 0.8471537571 0.7805081474 0.0058617354 -0.0522304848 0.0203742538 
47 5 1.5487246256 0.952862976 0.6615107022 0.7841742878 -0.2950646942 -0.2666903125 0.2019648677 
48 4 1.383318977 0.6550070237 0.5985917242 0.6599726442 0.0330300083 -0.0078280573 0.0157376792 
49 3 1.2929759563 0.7147752719 0.2110624671 0.7459490846 0.3851070491 0.0909413279 -0.0022359675 
