# Cluster list (82 data points):
# "Cluster Identifier" "Cluster Size" "Radius of Gyration" "Gyration Tensor.XX" "Gyration Tensor.YY" "Gyration Tensor.ZZ" "Gyration Tensor.XY" "Gyration Tensor.XZ" "Gyration Tensor.YZ"
1 53 3.4771926417 4.2080279068 3.5416108143 4.3412299464 -0.5517826091 -0.8666219257 0.2237488669 
2 40 3.1767279484 4.2512020629 2.8425347677 2.9978636278 0.0744134442 0.198892212 0.1108171129 
3 39 3.2222834893 2.5494290838 3.4301220123 4.4035597891 -0.0607699953 -0.1048727797 1.0435822105 
4 37 3.0712169433 3.3792613481 2.9076221418 3.1454900227 0.4417946331 -0.3483939623 -0.0566878203 
5 35 3.034489894 2.7804128994 2.4463465065 3.9813695112 -0.0419651222 -0.0340871355 -0.1254339667 
6 33 3.0776978501 4.6003194313 2.4687740734 2.403130552 -0.5787736267 -0.1859813214 0.2436733304 
7 32 3.1777728917 3.1688543865 2.0273379686 4.9020481963 -0.1909057054 1.8499634721 -0.558331214 
8 31 2.9013424814 3.14629297 2.814413402 2.4570818222 -0.4232106449 0.4033136349 -0.3315769436 
9 28 2.7950245644 2.4461870826 2.6244094979 2.7415657352 -0.0513642281 0.1358529896 0.1060797463 
10 27 2.7673321379 2.4493735444 2.5104900825 2.6982635348 0.1437585796 -0.1001270124 0.6468826231 
11 23 2.6165435843 2.3293178507 2.1752622058 2.3417202719 0.3115804993 -0.3099754697 0.0037329855 
12 23 2.6096896468 2.4009198499 2.3462462812 2.0633139216 -0.2254811342 0.0494748444 -0.2971010518 
13 22 2.6654798689 2.7426327961 2.0009515739 2.3611985615 -0.1159572346 -0.2954295075 -0.0594178722 
14 21 2.703649963 3.1581090517 2.6088114495 1.5428026211 1.1814596349 -0.4126451245 -0.5099065174 
15 21 2.5791827416 1.7317868805 2.3431081394 2.5772885946 -0.4277721028 -0.0521991731 0.2445272163 
16 21 2.5555831873 2.4535280134 2.0873923189 1.9900850948 0.5907266311 -0.1032674742 -0.0183753927 
17 21 2.5471498225 1.5572309459 2.8436100547 2.0871312176 -0.0750807123 -0.2840351883 0.128694698 
18 21 2.5891971425 1.4765054572 2.944504672 2.2829317135 -0.2338734361 -0.0431711088 -0.677435444 
19 20 2.4841126361 2.4268587 2.2477667684 1.4961901203 -0.4072264111 -0.250446411 0.0305253637 
20 20 2.5513594338 2.7052019865 1.523593851 2.2806391228 0.2469740183 0.9672179 0.1338130026 
21 20 2.4916799191 2.4924029295 1.7626610277 1.9534048622 -0.1838853585 0.4196879972 -0.4067400373 
22 20 2.4904389427 2.706142268 1.9248216329 1.5713222263 0.1689198412 -0.4079072419 -0.2475398964 
23 17 2.4036420477 2.0253068347 1.8250930665 1.927095192 0.0419295095 0.4907408361 -0.5761279563 
24 17 2.3643076836 1.8038703473 2.3296397544 1.4564407209 -0.3717657765 -0.1790606823 -0.0929780209 
25 16 2.420446546 1.1050816011 2.2086801893 2.5447996916 0.1703568794 0.5215487183 -0.520183171 
26 14 2.1594617263 1.4499681547 1.8705786656 1.3427281272 0.2661501305 -0.0525049322 -0.1506419259 
27 14 2.1805278063 1.7132098495 1.7092047407 1.3322869237 -0.3694388589 0.0384582532 -0.0363718232 
28 14 2.1825800914 1.410968336 2.0528882417 1.2997992776 0.2715310241 -0.0775048992 -0.1652447993 
29 14 2.1805440605 1.3986325582 1.6250507207 1.7310891206 -0.0699926819 -0.1446390998 0.3274216603 
30 14 2.1901551714 1.5443421426 1.5770490313 1.6753885011 -0.2223258022 0.2269948966 -0.2833019169 
31 13 2.0787451057 1.4830160352 1.4462053849 1.3919597943 -0.0286962138 -0.0191816272 0.0242581617 
32 13 2.0784167681 1.4177610764 1.4292475776 1.4728076082 0.0185447721 0.030511259 0.0163186342 
33 12 2.1417737578 1.8679583627 1.5157776076 1.2034588592 0.0491876377 -0.2677058669 0.3730290174 
34 12 2.07137289 1.655078651 1.1850547265 1.450452272 -0.0277748277 -0.0579166445 0.1500514586 
35 11 2.0328103405 1.4922584681 1.6541770592 0.985882353 -0.0259063206 0.0266613053 0.1124578167 
36 11 2.0312428262 1.7029495916 1.4574293661 0.9655684611 0.0887311423 0.0873156559 -0.0466537274 
37 10 1.9716115675 1.4669684177 0.8284995015 1.5917842537 0.2864585651 -0.0468623188 0.1276218443 
38 10 1.9948968049 1.1002124197 1.6201376489 1.2592631937 -0.164491506 -0.4093399368 -0.1186098358 
39 10 1.9710582646 1.2321650778 1.4461016328 1.2068039718 0.1937126407 0.3560601371 -0.263018213 
40 9 1.9235301902 1.7832561681 0.8813340562 1.0353781682 0.0241725303 0.1480254067 -0.392541086 
41 9 1.9025552944 1.3209985689 1.2590841692 1.0396339102 -0.0596713873 0.1875522574 0.2185539181 
42 9 1.8983681117 1.3312955266 0.9232383795 1.3492675814 -0.2378394454 -0.0338910162 -0.1302623868 
43 8 1.8910412794 0.9813501882 1.2070865233 1.3876004089 -0.0990758309 0.417864726 -0.2143212682 
44 8 1.8223557992 1.1308402962 0.9052283011 1.2849120615 -0.0717838024 -0.4132837587 0.1771508361 
45 8 1.8227433905 1.5985292031 0.8308247792 0.8930394852 0.0298630458 -0.063809853 -0.0024845287 
46 8 1.8327407341 0.9297513581 1.2699280688 1.1592591716 0.121260586 0.0912897993 0.4095758462 
47 8 1.8131485704 1.2262979209 1.1173496011 0.9438602164 0.3302715474 -0.230918642 -0.1619183051 
48 7 1.769832002 0.7547429599 1.3434662884 1.0340960672 -0.1555269768 0.1450099706 -0.2874440146 
49 7 1.707906498 0.9430310139 0.9851186457 0.9887949462 0.3559019778 0.2464313489 -0.1660100338 
50 7 1.7249003145 1.1612036492 0.9913373904 0.8227400552 0.2032958845 -0.303418558 0.355168499 
51 7 1.729951232 0.6269033811 1.1891807543 1.1766471297 -0.2612587237 0.2267839602 0.090386801 
52 7 1.7166607109 1.172177724 1.3312648447 0.4434814278 -0.001750756 0.1283525657 0.0269821458 
53 7 1.7152673739 0.8200929968 0.9754446021 1.1466045649 0.383289145 0.2492911896 -0.2100101364 
54 6 1.5933838708 0.811611482 0.82405506 0.9032056176 0.041633536 -0.0151487735 0.0044284536 
55 6 1.5618007792 0.8094106665 0.8075404791 0.8222705283 0.0038643812 -0.0032930939 0.0324243799 
56 4 1.3834680375 0.6391141117 0.5755469425 0.6993227565 -0.0254215936 0.0139695988 -0.0461841326 
57 4 1.3869150476 0.713700242 0.6028665465 0.6069665606 0.0011571973 0.02898653 -0.0194277364 
58 4 1.3925600486 0.6416350975 0.6455942567 0.6519941346 -0.0340395899 -0.0879218337 0.0033603512 
59 3 1.3173153433 0.7693928356 0.7765335952 0.189393283 -5.1187448056e-04 -0.1447584821 -0.3547567459 
60 3 1.370914588 0.153140854 0.7485100346 0.977755919 0.309432594 0.1408661498 -0.0387301846 
61 3 1.2840683436 0.0064889054 0.8078564152 0.8344861905 0.0630205325 -0.0410507069 -0.0632128864 
62 3 1.6214316691 0.1454919726 1.1168337602 1.3667149247 -0.0640352019 -0.3611938665 -0.5563561229 
63 2 1.1080147481 0.1096300433 0.8293073325 0.2887593063 0.301524458 -0.1779232847 -0.4893569352 
64 2 1.1005121187 0.5970620842 0.5761386422 0.037926197 0.586507066 -0.1504802122 -0.147819984 
65 2 1.1107124993 1.0576819652 0.1415014769 0.034498814 -0.3868637488 -0.1910203481 0.0698686849 
66 2 1.0886932541 0.0484832374 0.0383071416 1.0984626225 -0.0430958727 -0.2307748341 0.2051315755 
67 2 1.1290971427 0.8981018946 0.0169874228 0.3597710401 0.1235169486 0.568428582 0.0781766127 
68 1 0.0 0.0 0.0 0.0 0.0 0.0 0.0 
69 1 0.0 0.0 0.0 0.0 0.0 0.0 0.0 
70 1 0.0 0.0 0.0 0.0 0.0 0.0 0.0 
71 1 0.0 0.0 0.0 0.0 0.0 0.0 0.0 
72 1 0.0 0.0 0.0 0.0 0.0 0.0 0.0 
73 1 0.0 0.0 0.0 0.0 0.0 0.0 0.0 
74 1 0.0 0.0 0.0 0.0 0.0 0.0 0.0 
75 1 0.0 0.0 0.0 0.0 0.0 0.0 0.0 
76 1 0.0 0.0 0.0 0.0 0.0 0.0 0.0 
77 1 0.0 0.0 0.0 0.0 0.0 0.0 0.0 
78 1 0.0 0.0 0.0 0.0 0.0 0.0 0.0 
79 1 0.0 0.0 0.0 0.0 0.0 0.0 0.0 
80 1 0.0 0.0 0.0 0.0 0.0 0.0 0.0 
81 1 0.0 0.0 0.0 0.0 0.0 0.0 0.0 
82 1 0.0 0.0 0.0 0.0 0.0 0.0 0.0 
