# Cluster list (39 data points):
# "Cluster Identifier" "Cluster Size" "Radius of Gyration" "Gyration Tensor.XX" "Gyration Tensor.YY" "Gyration Tensor.ZZ" "Gyration Tensor.XY" "Gyration Tensor.XZ" "Gyration Tensor.YZ"
1 76 4.0963182223 6.7036922811 4.8718840396 5.2042466573 1.9862983074 -2.0002019434 -1.0460719697 
2 74 3.9241823186 6.0144872117 5.2205938012 4.164125857 0.9789895034 0.1971648454 0.9791576994 
3 70 3.9314972118 4.4949775346 7.3283787779 3.6333140137 -0.8966844612 -0.7715615578 0.7075941835 
4 58 3.5533277263 5.0933822769 3.6457142336 3.8870414199 0.2521828159 -0.2373115351 -0.0332062009 
5 53 3.4591169955 4.1574637264 3.9097209304 3.8983057314 0.3414705707 -0.0541436727 0.4029094724 
6 47 3.3481795372 4.0565481649 3.7920148473 3.3617432012 0.5614223459 0.6999007391 0.0785869191 
7 43 3.5129168402 3.6118292091 6.0230208029 2.705734714 1.6187264962 0.5631021668 0.9110041262 
8 39 3.1384695125 2.7931926922 4.294058175 2.7627400137 0.4383427381 -0.0608499186 -0.1982990041 
9 36 3.0985371999 2.6363953379 4.1548859458 2.8096514953 0.0654925451 0.1173461039 -0.9169645677 
10 33 3.0152117181 2.9961212023 3.6988142751 2.3965662274 -0.8966813419 0.1325991108 0.0907038365 
11 31 2.9172541248 2.0110331778 3.1075903191 3.3917481315 0.0099593102 -0.3840597975 0.0351625447 
12 31 2.9818213852 4.2473851831 2.0611673774 2.5827062125 0.155579287 -0.9685236961 0.0908567397 
13 31 2.943800358 3.3944347892 2.6232395245 2.6482862341 0.7142406805 -0.2184728916 0.3164454345 
14 28 2.8209285954 2.0001176925 2.5246730172 3.4328474306 0.174608192 0.3149061628 -0.0483678187 
15 27 2.800928713 2.2011056554 2.3764891454 3.2676068546 -0.3146540347 -0.1688506626 0.8550232298 
16 23 2.6140723613 1.9319060184 2.7112995759 2.1901687159 0.0294725811 0.170411704 0.0340853972 
17 21 2.5935649791 2.6256487671 1.9266764361 2.1742540976 0.367619299 0.244036247 -0.424722616 
18 20 2.4945388013 1.6728660753 2.3345621294 2.2152956265 0.2806370228 -0.2591374002 -0.1154839659 
19 20 2.4877494537 2.706204555 1.9440774965 1.5386152928 0.3443069509 -0.0609428678 0.1340848605 
20 18 2.4600994749 2.1271575472 1.96656881 1.958363069 -0.0853929069 0.3253022477 -0.7218681299 
21 17 2.3861133357 2.1068248111 2.2729183166 1.3137937233 0.3593202093 -0.4337613579 -0.0669805885 
22 16 2.313275418 1.3791583764 2.2288984157 1.7431863674 -0.3745366049 -0.1332110762 0.2798329229 
23 15 2.2558916842 1.4151136651 2.2845447151 1.3893889105 -0.314067261 0.0649344568 0.0498876364 
24 15 2.2299446389 2.0206553018 1.5138559175 1.4381418732 0.2263717043 0.3443707101 0.0672868907 
25 14 2.1848403381 1.3586986938 1.6986091013 1.7162195081 0.0328961263 -0.0485707936 0.3626915512 
26 14 2.1813323913 1.3479455894 1.6030406342 1.8072247779 0.0644044162 -0.0580718593 -0.3141643186 
27 14 2.1798701301 1.9444320643 1.3442060058 1.4631957141 -0.1715912288 0.2575578276 -0.0716667612 
28 13 2.0671591431 1.4558877729 1.4150524611 1.4022066889 0.014340139 0.0444809381 -0.005866189 
29 13 2.0608469762 1.4005181948 1.4360042433 1.4105678211 -0.0080510048 -0.0017359155 -0.0235235041 
30 12 2.7592325743 1.0471916253 1.0382217605 5.5279510133 0.2490005048 -0.9440152907 -0.9113589793 
31 12 2.0667371172 1.5440217428 1.2899189316 1.4374616373 -0.0463847036 -0.0541657971 -0.2175775715 
32 11 2.0387555524 1.3860810006 1.5500389216 1.2204042804 -0.2418723208 -0.3133780996 -0.1035674697 
33 11 2.0291848046 1.7198814816 1.3207266064 1.0769828832 -0.0146890605 0.0183447647 -0.2194257406 
34 10 1.9701723159 1.4832505184 1.0642063232 1.3341221127 0.2007147156 0.1709008833 -0.3603465408 
35 9 1.9052477591 0.887201314 1.3939055077 1.3488622019 0.0934316733 -0.1450364026 -0.0405969203 
36 7 1.7464515805 0.5187882523 1.2371135223 1.2941913483 -0.1510519164 -0.2040729142 0.0380800354 
37 7 1.7542701688 1.2538720426 1.3909927869 0.4325989957 0.0501878034 0.0017006086 0.2024179544 
38 6 1.5996930087 0.9075085695 0.8557472899 0.7957618627 -0.019863878 0.0421080692 -0.0104838387 
39 5 1.5288097505 0.7447151751 0.9389169774 0.6536271008 -0.2920376155 0.1877219823 -0.240151325 
