# Cluster list (41 data points):
# "Cluster Identifier" "Cluster Size" "Radius of Gyration" "Gyration Tensor.XX" "Gyration Tensor.YY" "Gyration Tensor.ZZ" "Gyration Tensor.XY" "Gyration Tensor.XZ" "Gyration Tensor.YZ"
1 76 4.095281407 6.6514489647 5.0797002052 5.0401806329 2.1081819888 -1.8717400663 -1.1239252924 
2 74 3.926309531 6.1339772706 5.0066719403 4.275257322 1.0360403609 0.1838987236 0.9873444693 
3 70 4.0132401051 4.641931557 7.6115235207 3.8526410634 -1.1241847241 -0.889084498 1.6482974302 
4 58 3.5589910781 5.0625084649 3.7189694824 3.8849395465 0.1228988545 -0.2152220626 0.0253463041 
5 53 3.455916035 4.0999742453 3.9062197962 3.9371615996 0.2742089329 -0.0334404574 0.3658115052 
6 47 3.3389868882 3.8872083272 3.9337153184 3.327909794 0.5445871608 0.6573494163 0.0604124163 
7 39 3.1310572027 2.9875912814 4.0919535585 2.7239743665 0.6248386795 -0.063304085 -0.2427132636 
8 36 3.0982092307 2.6298856096 4.1731060147 2.7959088127 0.1104434954 0.1127835363 -0.9002342444 
9 33 3.016164599 2.8374005448 3.8069113778 2.4529369655 -0.7771414061 0.2190176 -0.1359918909 
10 31 2.9280299986 2.0164228521 3.1690030901 3.3879337305 -0.205569257 -0.4128948376 -0.1012123493 
11 31 2.9005828317 3.4459027101 2.362247836 2.6052302173 0.3142959919 0.4485729433 0.0132826425 
12 31 3.0317081924 4.7838203482 2.2313900277 2.1760441877 0.0719374628 -0.7662679111 -0.0808926403 
13 31 2.9417630879 3.513841944 2.4663714245 2.6737566967 0.4571785132 -0.1145301309 0.3608223331 
14 28 2.8139647123 2.0439583276 2.4828319921 3.3916070826 0.1376563087 0.3290601071 -0.214705979 
15 27 2.8226555422 2.0986861213 2.3821252507 3.4865729382 -0.2812911066 -0.044437596 0.8502353647 
16 23 2.6082288593 1.9755275622 2.6560213421 2.1713088782 0.0598278054 0.1705401921 0.0070566158 
17 21 2.5941167735 2.6938126571 2.228611457 1.8070177205 0.3240228985 0.3846306822 -0.3235025887 
18 20 2.5055590687 1.7045834565 2.3165719227 2.2566708675 0.1404606726 -0.3258640597 -0.1716937519 
19 20 2.5008037808 2.5019151594 1.8546401877 1.8974642028 0.1453258659 0.6233671932 0.3058754437 
20 18 2.4763713257 2.1665954736 1.6399055676 2.3259139016 -0.0226483235 0.227044995 -0.6861172292 
21 17 2.4061154393 1.8528234724 2.4387731983 1.4977948364 0.2437743776 -0.4513357546 -0.1156964712 
22 16 2.321241408 1.2957078193 2.2191508475 1.8733030076 -0.2666882569 -0.0439236022 0.4384834725 
23 15 2.2667883722 1.3397017281 2.455859947 1.3427678493 -0.0535282272 0.0740921742 -0.2320160269 
24 15 2.2842391659 1.896366407 1.8557410699 1.46564109 0.5253410267 0.3253122893 0.1438446458 
25 14 2.1743060533 1.6458767384 1.4482741537 1.6334559215 -0.2036674796 0.3001284027 -0.1797562543 
26 14 2.1894062516 1.3950136651 1.8466721534 1.551813916 -0.1447516652 -0.0788169885 0.2670860931 
27 14 2.1579903605 1.4497015133 1.470638094 1.7365827888 0.1569142766 -0.2147648628 -0.2640075487 
28 13 2.0658833732 1.4184862779 1.3808954658 1.468492368 -0.0104838242 -0.0018452246 -0.0326162002 
29 13 2.0561038569 1.3910935379 1.3938800235 1.442589509 -0.0026735904 0.071464773 -0.0049414311 
30 12 2.0599498228 1.4218624986 1.4919936918 1.3295370821 0.1023527594 0.1198169766 -0.1417950651 
31 12 2.044337708 1.5431881979 1.2499224837 1.3862059828 0.0109685095 0.0097039915 -0.1923848284 
32 11 2.0235484207 1.53625494 1.3038070777 1.254686193 -0.1983103796 -0.0800163098 -0.2284738551 
33 11 2.0523407291 1.5886670052 1.3827746041 1.2406608592 -0.1681594157 -0.0919074378 -0.1834575928 
34 10 1.9856907405 1.3358212119 1.0593887141 1.547757791 0.4139758699 0.057928238 -0.1933370703 
35 9 1.8860053628 0.9235634503 1.3131418654 1.320310913 0.1412159553 -0.1513582288 0.0461016781 
36 8 1.8012885395 1.2411816672 1.1018165676 0.901642168 0.3318092132 -0.2135817581 -0.2008828559 
37 7 1.7206979591 0.688710953 1.1748003143 1.0972901993 -0.2196645887 -0.377821782 -0.0373235128 
38 7 1.7273969313 1.2107273759 1.2815740472 0.4915987352 0.0616646831 -0.2811116171 0.0924802312 
39 6 1.575308675 0.8007050719 0.8432682141 0.8376241355 -0.0138588054 -0.0446029794 0.0369080554 
40 5 1.5352234435 0.5466292555 0.8080423524 1.0022394137 -0.1555695266 0.160335361 -0.3911083098 
41 4 1.4144817213 0.6422603818 0.7173262478 0.6411719102 0.0184165107 -0.0689821182 0.0379945771 
