# Cluster list (38 data points):
# "Cluster Identifier" "Cluster Size" "Radius of Gyration" "Gyration Tensor.XX" "Gyration Tensor.YY" "Gyration Tensor.ZZ" "Gyration Tensor.XY" "Gyration Tensor.XZ" "Gyration Tensor.YZ"
1 76 4.1089919811 5.9791877324 5.3800354659 5.5245919022 2.0363789132 -1.9427105525 -1.4854032399 
2 74 3.9232742262 6.4888306253 4.1991484145 4.7041016143 0.5365769054 0.5184202219 0.9037770795 
3 70 3.9307780395 4.0752240251 6.9277707271 4.4480212434 -0.1868727788 -0.4977997805 2.018078146 
4 58 3.5528016278 5.0470550223 3.6536206908 3.9217236934 0.1867365918 -0.1936196827 6.3372215929e-04 
5 53 3.4553910257 4.1140180048 3.8971272034 3.9285819322 0.1570747192 0.0181890622 0.4842929277 
6 47 3.3410239011 3.6343745565 4.4032403711 3.1248257802 0.5559133912 0.5160441748 0.0805700477 
7 43 3.3131741208 4.6048496699 3.7521426454 2.6201304394 0.9785180983 0.1343923754 0.2546293944 
8 43 3.3849725945 4.317782745 4.1022905239 3.0379661966 -1.3176494077 -0.8374295907 0.3618561093 
9 39 3.1359337892 2.9337025436 3.9634444188 2.9369337679 0.5222500484 -0.2034917432 -0.5076509256 
10 36 3.0929651899 2.6397401469 3.3835667715 3.5431267478 0.0337270328 0.2418335694 -1.0575287467 
11 31 2.9318215777 2.4193552541 2.7047834478 3.4714390614 -0.6484718645 -0.0523933381 -0.1202822614 
12 31 2.9915516572 4.3462555021 2.0494843251 2.5536414903 -0.0314214036 -0.7849559907 0.0912444629 
13 31 2.946617023 3.4478785885 2.2471198259 2.9875534658 0.5278499186 -0.411409315 0.0965329613 
14 28 2.8185020929 2.8046721358 2.1719648376 2.9673170741 0.4490915981 0.5122238407 0.0948819446 
15 27 2.8151184394 2.4137045605 2.0557206447 3.4554666225 -0.2898851959 -0.812366495 -0.0566732806 
16 23 2.6063695594 2.2343139574 2.6086991629 1.9501491601 -0.0422145819 0.1383497562 0.0758405896 
17 21 2.5675950968 2.3799763647 1.9616332319 2.2509349843 0.6090576795 -0.0844439388 0.1938828407 
18 20 2.4897727347 1.8271378382 2.4369185697 1.9349118627 -0.0533488463 -0.3148072205 0.1026531454 
19 20 2.4872714683 2.763740858 1.9611944684 1.4615840307 -0.2686892368 -0.1062200333 0.0851860248 
20 18 2.4697714247 1.5319720233 1.9570176382 2.6107812286 0.4674179732 0.4016094818 0.0876263808 
21 17 2.397193148 2.1628840043 1.7928827023 1.7907682824 0.3080147397 0.0963176181 0.5938220932 
22 16 2.3100781666 1.5605580574 1.8430127956 1.9328902828 -0.500538982 0.2613615125 -0.3579312457 
23 15 2.2500960523 1.354632509 2.1785875765 1.5297121592 -0.0529353067 0.0313147963 0.3776247837 
24 15 2.249556278 1.8351219636 1.8103242469 1.4150572376 0.4640315187 -0.073342447 -0.1770072078 
25 14 2.1851649367 1.3564850361 1.8823889597 1.5360718046 -0.1242012092 -0.0452168722 0.3113697932 
26 14 2.1785116891 1.3558867906 1.4773022034 1.9127241855 -0.022918697 0.0930336465 -0.3161390537 
27 14 2.1834095085 1.7882099379 1.4809031805 1.4981639635 -0.2376598716 0.3043097976 -0.1257129886 
28 13 2.0825932342 1.4281146723 1.4228085303 1.4862713766 0.0051455215 0.0142701341 0.01012943 
29 13 2.071368981 1.4261948268 1.4610053891 1.4033692397 -0.0100041897 -0.006428606 -0.0123023022 
30 12 2.0705859393 1.516096879 1.2098031934 1.5614260595 -0.134285064 0.020237498 0.0622868243 
31 12 2.0492190991 1.2856807821 1.472570202 1.4410479323 0.1061050492 -0.1423725938 0.1123936134 
32 11 2.0477609285 1.4694696453 1.621698956 1.1021562189 -0.2294560172 -0.163936098 -0.1978567261 
33 11 2.0317449242 1.6698794286 1.1759446983 1.2821633102 -0.1656460881 -0.1006377347 -0.1749344039 
34 9 1.8889597275 1.3719881636 1.2581812396 0.9379994488 -0.0111032948 0.0098901834 0.149680287 
35 7 1.7451429871 0.6728380876 1.102860404 1.2698255539 -0.4357409899 -0.0290769559 -0.0260282326 
36 7 1.7490712706 1.3620404323 0.583212702 1.1139971752 -0.1405220564 -0.0244250925 -0.2587429876 
37 6 1.5813839356 0.8485631946 0.8152895289 0.8369224284 -0.0206536577 -0.0113472054 0.0051673446 
38 5 1.5707170276 0.8812823674 1.0415333901 0.5443362232 0.423788877 -0.1840082023 -0.2021888676 
