# Cluster list (37 data points):
# "Cluster Identifier" "Cluster Size" "Radius of Gyration" "Gyration Tensor.XX" "Gyration Tensor.YY" "Gyration Tensor.ZZ" "Gyration Tensor.XY" "Gyration Tensor.XZ" "Gyration Tensor.YZ"
1 76 4.1158667604 6.2156338559 5.4713287694 5.2533965644 2.2234193522 -1.8642272529 -1.4419640074 
2 74 3.9295423711 6.4717526479 4.2626383315 4.7069122666 0.3936016822 0.6647208543 0.9013044105 
3 70 3.9215238146 4.1325747482 6.7474172827 4.4983569977 0.0396300872 -0.3598005992 1.9998926471 
4 58 3.5523099425 4.9692889752 3.718069086 3.9315478661 0.2023125244 -0.2524107688 -0.0461565088 
5 53 3.4601674261 4.1513172187 3.8490592821 3.972382116 0.0951561726 0.1349691552 0.4780621575 
6 47 3.3452907642 3.6379811982 4.4995534392 3.0534356598 0.5052291828 0.3019633609 -0.2191084869 
7 43 3.2990037333 4.7622976233 3.3501010597 2.7710269494 0.7426243147 0.3014784515 0.5203167296 
8 43 3.3365663247 4.0307622659 4.4721110173 2.6298015556 -1.559306338 -0.1048391969 0.282756356 
9 39 3.1472222051 3.1745990583 3.6713554541 3.0590530958 0.6620622043 -0.4002870792 -0.5576943256 
10 36 3.0977925191 2.7270109806 3.8897993334 2.9795081775 -0.3016840825 0.3696729815 -0.9828623222 
11 31 2.9203153008 2.3298883591 2.7393664838 3.458986613 -0.6118761137 -0.1480861457 -0.0995617608 
12 31 2.9811309577 3.789485553 2.0898634199 3.007792814 -0.0474156897 -1.0741424279 0.1488068907 
13 31 2.9318754204 3.519762162 2.1783075216 2.8978237974 0.2834786548 -0.2112646492 0.1179362701 
14 28 2.8127511597 2.6586244793 2.2190053313 3.033939276 0.4665409565 0.4157865593 0.2462529163 
15 27 2.8264307679 2.4595090429 2.0210384689 3.5081633738 -0.1521245072 -0.845203981 -0.2754616244 
16 23 2.6084035661 2.1519107753 2.6373124174 2.0145459712 -0.0351302132 0.1749274214 0.0286607158 
17 21 2.5724134233 2.417329623 1.8189208144 2.3810603828 0.563329928 -0.0137146572 0.0838026037 
18 20 2.5030195368 1.8547317265 2.5522362271 1.8581388481 -0.2553246365 -0.296575777 -0.1461874942 
19 20 3.265536768 1.1572925045 5.0585235383 4.4479143401 -0.1334321723 -0.3085819611 3.5349785925 
20 20 2.4959965987 2.5651095647 2.2306329055 1.4342565503 -0.4589294479 0.1581167539 -0.0137816707 
21 18 2.454210487 1.661630799 1.8127950176 2.5487232979 0.4425714091 0.4073571503 0.0836354863 
22 17 2.4093683037 2.2902134703 1.9628915761 1.5519505767 0.3603619031 -0.0062987752 0.4475191544 
23 16 2.3075260941 1.7206844427 1.9266289329 1.6773632994 -0.5924158064 0.2107323334 -0.1333448927 
24 15 2.2669776842 1.4839626633 1.8736303906 1.7815947667 -0.2844656417 -0.2036070048 0.5054145419 
25 15 2.2438273145 2.1629256598 1.4849246889 1.3869106686 0.4813237747 0.1100155931 0.037390261 
26 14 2.1812129924 1.6163979705 1.2818697623 1.8594223856 -0.032270116 0.3491578326 -0.024391066 
27 14 2.1702979108 1.5365110991 1.5068363584 1.6668455639 -0.2138869328 -0.3228158052 0.2461952275 
28 14 2.1772227116 1.5367151091 1.7874271795 1.4161564475 -0.3185497803 0.1039999146 -0.1634960102 
29 13 2.0699320602 1.4148160111 1.4179288174 1.4518739052 0.0122997534 -6.1871699824e-04 -0.0434782716 
30 13 2.0797795132 1.4464370533 1.4221425187 1.4569032514 -0.0072220596 0.0067545688 0.0064927778 
31 12 2.0661287715 1.5346897519 1.2260097598 1.5081885887 -0.192949772 -0.0652623778 -0.1416221381 
32 12 2.0782173064 1.3355919154 1.4912960574 1.4920991999 0.1223806811 -0.1637378975 0.0980216446 
33 11 2.0389825402 1.4616793968 1.6019668028 1.0938035998 -0.1961534597 -0.190518158 -0.1243751599 
34 7 1.7436856989 1.3299698343 0.9514187879 0.7590511944 0.0784991092 -0.0795913074 -0.3498350342 
35 7 1.7648926179 1.009217205 0.8761482704 1.2294804773 -0.3312722944 -0.2129771978 -0.2682123467 
36 6 1.609089231 0.8399518086 0.9123003122 0.8369160326 -0.0033324723 0.004589994 0.0717078752 
37 5 1.5298623762 0.6324380285 1.0061210424 0.7019198193 0.1547949724 -0.1225978223 -0.2369864961 
