# Cluster list (88 data points):
# "Cluster Identifier" "Cluster Size" "Radius of Gyration" "Gyration Tensor.XX" "Gyration Tensor.YY" "Gyration Tensor.ZZ" "Gyration Tensor.XY" "Gyration Tensor.XZ" "Gyration Tensor.YZ"
1 44 3.2994165575 4.1046950718 3.0532266325 3.7282279156 -0.1662089734 -0.9045436995 0.5186581112 
2 41 3.2226981829 4.3449341761 2.6448371926 3.3960122091 0.5362122525 -0.2233296973 -0.1365030141 
3 35 3.0238126206 2.9739071035 2.6211800345 3.5483556265 -0.1880871843 -0.2714796368 -0.4652798519 
4 32 2.974459441 2.407579171 3.390364569 3.049465226 0.1659758454 0.1531499487 -0.5807952828 
5 30 2.9176527043 2.8271956564 2.2534191559 3.4320824909 0.2558870162 -0.2070578865 -0.5827136313 
6 29 2.9598018263 2.8677282597 3.116339601 2.7763589904 0.4802602177 0.4356552684 0.4791089089 
7 28 2.9686177959 2.3664548233 2.8955658922 3.5506709028 -0.0343619861 0.1912475862 -0.9512497621 
8 28 2.8174707796 2.5984387133 2.4135758466 2.9261270337 -0.1038309461 0.0460761937 -0.7265678073 
9 26 2.7557869968 2.6961631772 2.4719810599 2.4262177348 0.4811014166 0.2518754956 0.6186748058 
10 25 2.744625155 2.5711124383 2.8918979803 2.0699568231 0.0499936451 -0.2346854452 0.0904383518 
11 24 2.6582818133 2.1792095323 2.2691000361 2.6181526307 0.321499218 -0.2205173244 0.0766158259 
12 24 2.6587110872 2.223971485 2.631670764 2.2131023963 0.068919386 -0.2960351201 0.2012495919 
13 23 2.631987746 2.5445715107 1.9811475599 2.4016404242 -0.3394845966 0.2317040276 0.5048384349 
14 23 2.6805859591 3.2069917877 2.0354399002 1.9431093959 0.2294088652 -0.2972102449 0.3095394141 
15 22 2.6102934813 2.458648296 2.5266528919 1.8283308707 -0.1180239598 -0.3548041644 -0.5080191584 
16 22 2.607362388 1.7943053247 2.2679794637 2.736053834 -0.00605338 0.3817325075 -0.0024932258 
17 22 2.6034679133 2.4710803587 2.2849698623 2.0219949545 -0.1703432115 -0.1652635915 -0.1371524026 
18 22 2.7199872569 3.5800304433 1.9610508948 1.8572493395 0.429210665 -0.1412645513 0.0221600485 
19 21 2.5491489982 2.6683791001 2.0717229051 1.7580586097 -0.1870975707 -0.4801111196 -0.2023302525 
20 21 2.5976478899 2.416679506 1.5743796125 2.7567154411 0.2031606892 -0.13332331 0.110147953 
21 21 2.5492196568 2.2862853792 2.4391266975 1.7731087821 -0.1502077946 0.326635425 0.4645671552 
22 21 2.5806324158 2.4937305544 1.7169617746 2.4489713362 0.1682421234 -0.0130263066 0.1717078085 
23 18 2.4303186615 1.7642990197 1.9680989861 2.1740507907 0.4353010495 0.0457870886 0.214203711 
24 18 2.3972479297 2.1728753746 1.6912697914 1.8826524706 0.0527809893 -0.1451588171 -0.123799363 
25 18 2.4897762355 2.0025567162 1.5594950834 2.6369339033 0.2220605762 0.3825554641 0.3970699081 
26 17 2.385452488 1.976182707 1.8413841784 1.8728166871 0.176134167 -0.252265386 -0.1285274385 
27 16 2.3521901997 2.0638300247 1.795573311 1.6733953999 -0.2471163333 0.2894838239 -0.2080813964 
28 14 2.2050342131 1.7730834282 1.5950537358 1.4940387167 0.265725719 -0.2885225311 -0.1405519011 
29 14 2.1942031075 1.5786714313 1.5034444733 1.7324113722 0.1248611956 -0.1986765913 -0.1796541409 
30 13 2.0993382677 1.4238980711 1.4914642893 1.4918588017 -0.0602482124 5.8388181914e-04 0.0475684595 
31 13 2.0673966592 1.4198792362 1.4504191543 1.4038305558 -0.0094823531 -2.6175153794e-04 0.0156283452 
32 13 2.0692188857 1.4133742278 1.4572149422 1.4110776269 0.0079914689 -0.0052407183 0.01974263 
33 12 2.0604196703 1.1828502299 1.5153630211 1.5471159666 0.0104389722 0.0829585288 0.043527048 
34 11 2.0875497322 1.644180323 1.6038970816 1.1097864797 0.2612677007 0.4271726483 0.1833214976 
35 11 2.045752046 1.2889158652 1.6502478209 1.2459377477 -0.1708836968 0.1726402122 0.2850163263 
36 11 2.0431831545 1.4482135817 1.566886283 1.1594975382 -0.1416529449 0.3282732736 0.0089267144 
37 11 2.0091089301 1.3943656672 1.3545828385 1.2875701873 -0.0527531479 0.325254769 0.1402965743 
38 11 2.1068941457 1.441241913 1.6880412957 1.3097197323 -0.0737750033 0.2413478835 -0.1364431621 
39 10 1.9959392899 1.5993416661 0.8744023243 1.5100296584 -0.1810585796 -0.0704113049 -0.2804438867 
40 10 1.9631064467 0.9144958393 1.6128471872 1.3264438947 -0.0309138885 -0.3835736956 -0.0032897927 
41 9 2.0062144369 1.3723266711 1.3500473314 1.3025223642 -0.176099638 0.0844908683 -0.5861246811 
42 9 2.005570356 2.1457984156 1.065520568 0.8109934691 0.5073530227 0.1192276085 -0.2334792168 
43 8 1.9879833958 1.4905954271 0.8361606932 1.6253218618 0.0629508798 -0.1513442603 -0.0080068772 
44 8 1.8549919957 1.265613493 1.2515519674 0.9238298437 0.3573144757 -0.0617004822 -0.1715444755 
45 8 1.8164975233 0.9799174627 0.8221483086 1.4975974808 0.1567951092 0.2674798663 0.0303456443 
46 8 1.9134990642 0.7556195631 1.1813740841 1.7244850213 0.0834261329 0.0984458248 0.061291332 
47 7 1.7702141315 1.0737568145 0.8361515953 1.2237496614 0.1948474432 -0.294185667 0.3608796464 
48 7 1.7225508134 1.2546006927 1.2529785954 0.4596020165 -0.0310256328 -0.0166985456 -0.1271701279 
49 6 1.6149353663 0.8673230024 0.8443024685 0.8963907665 0.0132081614 -0.0042783775 0.0595345744 
50 5 1.581417007 0.4998104228 0.6921810914 1.3088882358 -0.1100759395 -0.25032903 0.2505015389 
51 5 1.9330067814 1.1277114353 1.118908767 1.4898950145 0.6357671375 -0.7552799028 -0.7956409536 
52 5 1.5428524863 0.8598855961 0.5234330687 0.9970751298 -0.0881320027 0.3268397212 -0.045535378 
53 5 1.5460848668 0.5724729658 1.1806958379 0.6372096117 0.1641777983 -0.0491747453 -0.3014460506 
54 5 1.5461193584 0.5910773925 0.6164761391 1.182931539 0.0325144355 0.1809586984 0.2758354384 
55 4 1.433446945 0.6542580661 0.6220406998 0.7784713783 0.0388027365 0.0197397057 0.022576215 
56 4 1.3744765 0.6584417457 0.6409498488 0.5897940546 -0.0378966891 -0.0195021363 0.0199575692 
57 4 1.5193081529 0.8152826555 0.9544045522 0.5386100558 -0.2121811434 -0.0644678188 -0.0383785303 
58 4 1.4523730731 0.7202939528 0.6782264968 0.7108670937 -0.039298633 0.0700037274 -0.0457121528 
59 4 1.3792016349 0.618437276 0.6129736617 0.6707862121 0.0191382369 0.018139882 0.0108775726 
60 3 1.3550688485 0.8091864196 0.463173161 0.5638520035 -0.1385583515 0.0940186024 0.4768339972 
61 3 1.3359207175 0.3281308355 0.8159475789 0.6406057492 -0.1387101093 -0.4444735288 0.0170526613 
62 3 2.3283857003 0.669349278 0.8091907289 3.9428399627 0.6348846363 -1.6181709432 -1.6147833165 
63 3 1.3248676368 0.4629608642 0.4043744664 0.8879389243 -0.4255875431 0.0849940541 0.0289433316 
64 3 1.3858180422 0.6845202802 0.2877810189 0.9481903469 0.2947081493 -0.1608908317 0.3134568715 
65 3 1.3008948563 0.7766046064 0.1995778553 0.7161449654 -0.1106082114 0.0810068421 0.3491448071 
66 3 1.4862156754 1.0464546094 0.9950191995 0.167363225 0.3024121099 -0.2698965457 0.2198673519 
67 3 1.3129777321 0.5778764081 0.5375565111 0.6084776058 0.3187056123 0.2130559642 -0.3203559224 
68 3 1.3286949542 0.8122446722 0.4680246724 0.4851609366 0.090560699 -0.1232279207 0.4484377405 
69 3 1.3128906561 0.8044415531 0.6425659697 0.2766743522 0.0306204442 -0.0162310479 -0.4216273173 
70 3 1.3454803357 0.2061539308 0.8555989704 0.7485644324 0.1471982293 0.3509877544 -0.0860134854 
71 3 1.3388313207 0.7025178035 0.8770285289 0.2129229728 -0.1024771109 -0.3168386687 -0.1994837177 
72 2 1.0973200136 0.0956096829 0.8241496812 0.2843518481 0.2807074807 -0.1648841716 -0.4840955329 
73 2 1.0912469765 1.0225383601 0.1010107396 0.067270864 0.3213835031 -0.2622728331 -0.0824322736 
74 2 1.1597633141 0.1213338035 1.1022540802 0.1214630611 0.3657057286 0.1213984151 0.365900471 
75 2 1.1850245946 0.7551870327 0.3570197435 0.2920765136 -0.5192462621 -0.4696513554 0.3229196215 
76 2 1.176998409 0.0553552373 0.1128399078 1.2171301095 -0.0790334099 0.2595660341 -0.3705952636 
77 2 1.1052920321 0.0857971641 0.0370998159 1.0987734961 0.056418605 0.307036887 0.2019016948 
78 2 1.292803709 0.7246142717 0.7362373042 0.2104898541 0.7304026683 0.3905431504 0.3936629049 
79 1 0.0 0.0 0.0 0.0 0.0 0.0 0.0 
80 1 0.0 0.0 0.0 0.0 0.0 0.0 0.0 
81 1 0.0 0.0 0.0 0.0 0.0 0.0 0.0 
82 1 0.0 0.0 0.0 0.0 0.0 0.0 0.0 
83 1 0.0 0.0 0.0 0.0 0.0 0.0 0.0 
84 1 0.0 0.0 0.0 0.0 0.0 0.0 0.0 
85 1 0.0 0.0 0.0 0.0 0.0 0.0 0.0 
86 1 0.0 0.0 0.0 0.0 0.0 0.0 0.0 
87 1 0.0 0.0 0.0 0.0 0.0 0.0 0.0 
88 1 0.0 0.0 0.0 0.0 0.0 0.0 0.0 
