# Cluster list (87 data points):
# "Cluster Identifier" "Cluster Size" "Radius of Gyration" "Gyration Tensor.XX" "Gyration Tensor.YY" "Gyration Tensor.ZZ" "Gyration Tensor.XY" "Gyration Tensor.XZ" "Gyration Tensor.YZ"
1 44 3.2968750008 3.8235297375 3.2346655198 3.8111895137 0.0374114094 -0.7541600157 0.5709912522 
2 41 3.1945463013 4.0239270686 2.8867221198 3.294476883 0.5167992958 -0.1969193235 -0.0246553839 
3 35 3.0127135065 2.9513706418 2.6396800156 3.4853920149 -0.2653531736 -0.3172347574 -0.3445872634 
4 32 2.9545694381 2.3207257717 3.2566662462 3.1520885467 0.0355134139 0.0982612883 -0.4918470257 
5 30 2.8981365744 2.8472578697 2.1749555438 3.3769821904 0.2011318132 -0.1602009114 -0.5069539599 
6 29 2.8767692124 2.9454855119 3.0004443163 2.329871273 0.5666481697 0.290850484 0.2840667468 
7 28 2.8280163761 2.4519074864 2.5778908743 2.9678782628 -0.1185510231 -0.0139147419 -0.2706032424 
8 28 2.8061217606 2.5648356722 2.4199655257 2.8895181374 -0.095621512 0.0544748304 -0.6936903463 
9 26 2.7525007401 2.8326534588 2.5409714436 2.202635422 0.5750138604 0.1887392473 0.5668662757 
10 25 2.7058377724 2.4718142275 2.7125903553 2.1371534678 -0.0584036341 -0.0630913018 0.2070353291 
11 24 2.6579182622 2.2882859213 2.2603248674 2.5159186997 0.3309421222 -0.2514834914 0.0711054293 
12 24 2.6532537472 2.4151754142 2.5652585822 2.0593214509 0.0710674647 -0.2964823586 0.2300284019 
13 23 2.6197169161 2.4769258538 2.0116686824 2.3743221842 -0.2695145583 0.2161335965 0.4677189865 
14 23 2.6813893337 3.1944109476 2.0595698756 1.9358679355 0.0111564875 -0.3368275947 0.3349242638 
15 22 2.5775836771 2.50524981 2.5114209569 1.6272668453 -0.0890905079 -0.1548258113 -0.4764008789 
16 22 2.6024958618 2.5420663776 2.2324100642 1.9985082688 -0.1581305079 -0.1688752622 -0.0524737706 
17 22 2.5744332562 1.6691188368 2.1827809583 2.7758067958 0.0148536889 0.2135195022 0.0826591768 
18 22 2.6624591936 3.2963081632 2.3690486516 1.4233321427 -0.1471095623 -0.2494238498 -0.1298864756 
19 21 2.5753555917 2.1932733433 1.4221042431 3.0170788372 0.1372964737 -0.1052447972 -0.0333469859 
20 21 2.56047168 2.4813199686 1.6724531564 2.4022420992 0.059329198 0.0984844149 0.0596219508 
21 21 2.5614540413 2.2920582206 2.4903506306 1.7786379542 -0.1025409094 0.2638605432 0.4570206991 
22 21 2.5510996333 2.7345676489 2.1158781085 1.6576635815 -0.2277260706 -0.3754880384 -0.2055867747 
23 18 2.4802153205 1.8336979309 1.4288147231 2.8889553819 0.1914033737 0.3861569406 0.375069871 
24 18 2.4209387782 1.637906869 2.0318575885 2.1911801106 0.3985772022 -0.262723848 0.0372875135 
25 18 2.3977395908 2.2047863624 1.5969761903 1.9473925923 0.0772306834 6.3977247898e-04 -0.1577130072 
26 17 2.3406626854 1.8431144882 1.8472361969 1.7883511219 0.1771628119 -0.1469313642 -0.0894259413 
27 16 2.3089647689 1.7779643983 2.19439684 1.3589570659 -0.3135545956 0.1536190837 -0.0328936605 
28 14 2.1937383788 1.6964134926 1.5937403254 1.5223342564 0.27438712 -0.1774178654 -0.140151298 
29 14 2.1843106004 1.5791594858 1.4490153817 1.7430379317 0.06857907 -0.2407387946 -0.1492317148 
30 13 2.0607229538 1.3397624319 1.4391173152 1.4676993454 -0.0322582968 -0.0244970686 0.039949399 
31 13 2.0532083672 1.4101846337 1.3886748131 1.4168051523 0.0226547969 -3.2426552128e-04 -0.0120535867 
32 13 2.0893768814 1.4030095097 1.4676189206 1.4948673221 -0.0108360416 -0.0174550713 0.0505888458 
33 12 2.421751044 1.4419348239 2.6147410022 1.8082022928 0.1532163714 0.2196528451 0.9589587311 
34 12 2.0515706524 1.0884014667 1.5125819984 1.6079586769 0.0243333679 0.0575071446 -0.0336325167 
35 11 2.0280126724 1.3979839898 1.4024475462 1.3124038633 0.0028369684 0.1346293575 0.0486088263 
36 11 2.0592864435 1.3402123723 1.6832326577 1.2172156264 -0.1082647334 0.2072447102 0.3046980083 
37 11 2.0990012664 1.4914960262 1.6049736543 1.3093366358 0.1516119473 0.5058308485 0.2196498353 
38 11 2.0456113838 1.6606060537 1.4171274146 1.1067924652 0.0974211276 0.1827502091 0.2262155762 
39 11 2.0567777859 1.3359325096 1.4742800906 1.4201222603 -0.2660329053 0.2790641509 0.0787284355 
40 10 1.9848736199 1.5875891418 0.9669209717 1.3852131734 0.1568364879 0.020426397 -0.348548914 
41 10 2.0214658957 1.1933529809 1.5315866565 1.3613847299 0.2987865862 -0.4024335309 0.1401246977 
42 9 2.0181752038 2.107094567 1.170741732 0.7951948543 0.521974524 0.1542924587 -0.1791235371 
43 9 1.9709117973 1.4069633012 1.1499398058 1.3275902059 -0.1182554613 0.1037028004 -0.59994784 
44 8 1.8082502858 0.8276076123 0.8157618747 1.626399609 0.0512507609 -0.0454959187 -0.0152719476 
45 8 1.8976039763 1.6782523013 1.0604541686 0.8621943812 -0.0487935672 0.1849215717 0.1827085937 
46 8 1.8282711631 1.216599581 1.2751828921 0.8507929726 0.3361828411 -0.0686356213 -0.0220815767 
47 7 1.7287546797 1.2040849486 1.147359684 0.6371481102 -0.0793985118 0.2430271774 0.2991257708 
48 7 1.7607708493 1.3357097414 0.4663704984 1.2982337439 -0.057644061 -0.0418098252 0.2868458397 
49 6 1.5930794207 0.810790592 0.8411277059 0.8859837427 0.02841788 -0.0197000555 0.0051289674 
50 5 1.6118749143 0.6187503285 0.5516303395 1.4277600714 -0.0229177213 -0.0079105903 -0.0407334413 
51 5 1.5812163117 0.7496799818 0.6664578457 1.0841071968 0.2176737261 0.0523767113 0.0487904737 
52 5 1.6040904123 0.6643680987 0.5919504279 1.3167875242 -0.0420761119 0.0712778083 0.1964096854 
53 5 1.5493892068 0.5387047977 0.8809646173 0.9809374992 0.1097016861 -0.1551236463 -0.3740222934 
54 5 1.5433422211 0.6684645628 0.5449656558 1.1684749927 0.0207575727 0.2916310268 0.1387673416 
55 4 1.4654131029 0.7025029502 0.8414840362 0.6034485759 0.1127468475 -0.0429753525 0.1241674055 
56 4 1.3996929694 0.650338053 0.682988361 0.6258139946 -0.0261628523 -0.0028328733 0.0089070943 
57 4 1.4051782872 0.74763021 0.596298057 0.6305977517 0.0172096471 -0.0805489211 0.0681847087 
58 4 1.3707564761 0.553371797 0.669963935 0.6556375848 0.0087528676 0.055275094 0.032701331 
59 3 1.3245007859 0.3069288065 0.5631367646 0.8842367607 -0.3663695605 0.2325817905 0.0208319516 
60 3 1.8281098253 0.0743326739 0.6201373681 2.6475154914 0.1984886246 -0.3822901114 -1.2686252004 
61 3 1.3002955092 0.7187933314 0.4604218909 0.511553189 -0.2441318823 0.2180186797 0.336013056 
62 3 1.347770903 0.7999104251 0.5578280527 0.4587479291 0.020862767 0.1621301677 0.491403809 
63 3 1.3735762109 0.7311730124 0.1753541149 0.9801844798 0.3328809754 -0.1442166781 0.0848572607 
64 3 1.347667195 0.8922117696 0.147267958 0.7767271408 -0.2848733649 0.0259995459 0.2007336733 
65 3 1.3401205665 0.7965146407 0.1782219014 0.8211865906 0.162720262 -0.1122116959 0.3187830274 
66 3 1.3429642237 0.2332168924 0.6081090173 0.9622269965 0.3598404849 0.0980645787 -0.0694096508 
67 3 1.3507733238 0.8420674339 0.2741028895 0.708418249 -0.1975435212 0.0776387221 0.3814354277 
68 3 1.3001283184 0.7167372108 0.5950642368 0.3785321965 -0.1726805569 0.1833380054 0.3842531618 
69 3 1.3094928282 0.6166729085 0.7721587261 0.3259398326 0.1141624166 0.3714162396 -0.208340747 
70 3 1.2716588862 0.7169916456 0.7432001104 0.1569245667 -0.1137597091 -0.2985086413 -0.1064967176 
71 2 1.1418725246 0.2120406544 0.1208675206 0.9709646875 -0.1600900626 -0.4537444079 0.3425756768 
72 2 1.0785524496 0.8826205551 0.0138372668 0.2668175647 0.1105126965 -0.485282049 -0.0607620426 
73 2 1.1409871158 0.9945300721 0.2047229561 0.1025985703 -0.4512240422 -0.3194328779 0.1449285431 
74 2 1.1711090611 0.1682113301 0.9528595832 0.2504255197 -0.4003520675 -0.2052423196 0.4884878261 
75 2 1.2608573695 0.5285345438 0.7345787405 0.3266480221 0.6230972954 0.4155054312 0.4898455804 
76 2 1.1392493196 1.9470867313e-04 1.2966833194 0.0010109843 0.0158894773 -4.4367488346e-04 -0.0362067178 
77 2 1.0912672774 1.0071671625e-05 0.2642439779 0.9266102212 0.0016313732 -0.0030549163 -0.4948243838 
78 1 0.0 0.0 0.0 0.0 0.0 0.0 0.0 
79 1 0.0 0.0 0.0 0.0 0.0 0.0 0.0 
80 1 0.0 0.0 0.0 0.0 0.0 0.0 0.0 
81 1 0.0 0.0 0.0 0.0 0.0 0.0 0.0 
82 1 0.0 0.0 0.0 0.0 0.0 0.0 0.0 
83 1 0.0 0.0 0.0 0.0 0.0 0.0 0.0 
84 1 0.0 0.0 0.0 0.0 0.0 0.0 0.0 
85 1 0.0 0.0 0.0 0.0 0.0 0.0 0.0 
86 1 0.0 0.0 0.0 0.0 0.0 0.0 0.0 
87 1 0.0 0.0 0.0 0.0 0.0 0.0 0.0 
