# Cluster list (58 data points):
# "Cluster Identifier" "Cluster Size" "Radius of Gyration" "Gyration Tensor.XX" "Gyration Tensor.YY" "Gyration Tensor.ZZ" "Gyration Tensor.XY" "Gyration Tensor.XZ" "Gyration Tensor.YZ"
1 53 3.5671428248 4.264621316 3.792962914 4.6669237023 0.1725860792 0.3856627376 -0.9135735463 
2 44 3.2684727361 3.6115642656 3.7353420391 3.3360077222 -0.2337556139 -0.2959839365 0.5018132185 
3 37 3.1601555698 2.3968107434 4.9018635582 2.6879089238 0.1659648324 0.125946316 0.2339750969 
4 36 3.1555434399 3.1896916997 3.7410032586 3.026759443 -0.1262013135 -0.6032566378 -0.0802258098 
5 35 3.0076031413 2.7306806787 2.5726888303 3.7423071462 -0.3823294676 -0.0338155569 -0.2143390703 
6 32 2.9674670342 3.8477301043 2.2913943174 2.6667361774 0.275857994 0.3104528857 0.4067084878 
7 32 2.930768149 2.5891474143 3.1695776246 2.8306769043 -0.1949926739 0.340140037 -0.3271838965 
8 31 3.7399706195 4.2682080336 7.5768034425 2.1423687588 3.1456389599 -0.1617657752 -0.2886849493 
9 30 2.8594155503 2.6580372393 2.825249518 2.692970532 -0.083063612 -0.1355876176 -0.2214458813 
10 29 2.8706835546 3.0407323917 2.8011729891 2.3989186896 -0.3200945705 0.2958952099 -0.6320431939 
11 29 2.8449105652 2.7084305334 3.1802042649 2.204881326 0.5756763603 0.1559398548 0.307116334 
12 29 2.906817812 2.5413587963 1.9908534746 3.9173775213 0.2427678041 -0.8576848326 0.4034945668 
13 27 2.7366891455 2.5543017989 2.3444994871 2.5906661931 0.1717879662 -0.2257943421 -0.1615642546 
14 26 2.7488375111 2.5686768843 2.6965648101 2.2908659677 0.4009395588 0.2211190643 0.7019109163 
15 25 2.6965916164 2.4819721319 2.4470930265 2.3425411871 -0.0782167828 0.0923653243 -0.2720366352 
16 25 2.7428807813 2.8071401449 2.2438526932 2.4724021423 0.1495197252 0.3084603939 -0.3120129515 
17 23 2.6598892607 1.6201335477 3.1606909617 2.2941863696 0.2161743432 -0.4562430064 -0.2049350873 
18 23 2.661922779 2.8416764203 2.2189306372 2.0252258241 -0.1270800023 0.7323307575 0.0557111284 
19 22 2.5982943282 2.0498830429 2.3040783835 2.3971719893 -0.2337831512 -0.1305402352 0.1255186568 
20 22 2.5653453536 1.9650650045 2.356255758 2.2596760205 0.1159600799 0.4817623137 0.2825697088 
21 21 2.5485364355 1.9177657447 1.9018433591 2.6754288593 0.2962283849 -0.1538073118 0.4787887676 
22 21 2.5647927783 2.2841384827 1.8896343205 2.4043891923 -0.366556526 0.1017456234 -0.023459623 
23 21 2.5615488234 2.894016919 2.1758177065 1.4916977493 -0.1377035113 0.0358899973 -0.2573474589 
24 20 2.4887459405 2.3674772562 1.5391483663 2.2872307337 0.1049063253 0.4410977973 0.3238378655 
25 18 2.4690416695 1.8646999295 1.4218237596 2.8096430769 -0.0164559261 0.3347360031 -0.3841273524 
26 18 2.4127892783 1.5559731465 2.2902900528 1.9752889019 -0.1784185098 0.444121678 0.028245471 
27 17 2.3398275266 1.7784882542 1.7644249823 1.9318796176 0.069707995 -0.1276014071 -0.1260471648 
28 16 2.3204775367 1.6773702315 2.1733904215 1.5338553456 -0.3855426836 0.038318119 -0.4063523269 
29 16 2.3070752116 2.0062057166 1.647060617 1.6693296985 0.1783301506 -0.5620855083 -0.0732072386 
30 15 2.2762806001 1.8630395279 1.4251006448 1.8933131977 -0.1618311148 -0.279298643 -0.1727783283 
31 14 2.175779649 1.3944443114 1.4512911415 1.8882816282 -0.07636323 0.0541983298 -0.2473271449 
32 13 2.2274617422 1.6159216931 2.1401488135 1.2055153063 0.4142438785 -0.2357504205 0.3276912791 
33 13 2.0716958566 1.4594029481 1.4219796466 1.4105411275 -0.0209624911 -0.0065412323 0.0397101798 
34 12 2.4616440304 1.4354253342 2.52332022 2.1009457782 0.3500214778 -0.6150744798 -1.3895543784 
35 12 2.0657020053 1.3674608993 1.367093783 1.5325700921 -0.2223390866 -0.0218896095 -0.0093446743 
36 12 2.0532447213 1.4993746953 1.5489539086 1.1674852818 0.0014011933 0.1590008461 0.0971539818 
37 11 2.0548339492 1.4421366359 1.3504495155 1.4297564075 0.0591009327 0.1210579131 -0.4618978099 
38 11 2.0549502344 1.1839519649 1.3813438149 1.657524686 -0.298229577 -0.0310396366 0.1710034808 
39 11 2.0301772875 1.4533263498 1.6577885013 1.0105049674 0.0352584327 0.0548792514 0.2241811315 
40 9 1.8989730392 1.3349632294 1.0784850103 1.1926503637 0.1960115385 -0.0630691156 0.2296016706 
41 8 1.8160335544 1.021173723 1.2871987079 0.9896054398 -0.3075965299 -0.1442583969 0.3014942327 
42 8 1.8205356292 1.604373946 0.8623017556 0.8476742757 -0.0279954749 -0.1028027361 -1.8438275436e-04 
43 7 1.7161883696 0.4249386015 1.2771782101 1.2431857083 0.0700172764 -0.0980636285 0.069838123 
44 7 1.7487977567 0.9755187691 1.2984991467 0.784275678 -0.1093308382 -0.4408869204 -0.0856109296 
45 7 1.7268606985 1.1479298189 0.9450723391 0.889045714 -0.1503310907 0.0929729044 0.4133164197 
46 6 1.5568469643 0.7755207212 0.7854046766 0.8628470726 0.0419878165 -6.7249850958e-04 0.0065203116 
47 6 1.5920797794 0.8035893175 0.9533858945 0.7777428122 -0.0256131526 0.0157113101 0.0229241461 
48 5 1.5399022213 0.9005804333 0.710072508 0.7606459099 -0.2520267028 -0.3001441261 0.1851562281 
49 5 1.5376659149 0.6599326016 0.9805069481 0.7239769163 0.2768023385 0.1417863709 0.3012704238 
50 5 1.5886305576 0.6569283756 1.0657296038 0.8010890691 0.1930659563 0.0603432479 0.4294419917 
51 5 1.5415518268 0.6712109879 0.6507224935 1.0544485535 0.1474334288 0.2661495503 0.2962021474 
52 4 1.4022777586 0.6921480837 0.7260549956 0.548179833 0.005055398 -0.0023919447 0.0498814567 
53 4 1.4161481862 0.6443442676 0.6809418365 0.6801895812 0.0434940289 -0.0231428152 0.0515246847 
54 4 1.5982518486 0.2999991513 0.734457334 1.5199524863 0.0164888813 -0.2381140276 0.3356182758 
55 3 1.3094543453 0.6244114771 0.1957905795 0.894468626 0.2719654848 -0.0374974858 0.2463449619 
56 3 1.7313703827 1.3303413786 0.2665433363 1.4007586871 -0.5805756608 0.7973047525 -0.2376882835 
57 1 0.0 0.0 0.0 0.0 0.0 0.0 0.0 
58 1 0.0 0.0 0.0 0.0 0.0 0.0 0.0 
