# Cluster list (71 data points):
# "Cluster Identifier" "Cluster Size" "Radius of Gyration" "Gyration Tensor.XX" "Gyration Tensor.YY" "Gyration Tensor.ZZ" "Gyration Tensor.XY" "Gyration Tensor.XZ" "Gyration Tensor.YZ"
1 44 3.3043442953 4.0565319533 3.157795437 3.7043638313 -0.1346941418 -0.6734042152 0.6215091164 
2 42 3.2311096242 3.9663032817 3.2493066691 3.2244594526 0.6133188491 0.0642466928 -0.108948758 
3 35 3.0085058036 2.6998768327 2.6750020527 3.6762282849 -0.3754423735 -0.2849616567 -0.2294100149 
4 33 3.0420472747 3.0330265896 2.631405495 3.5896195368 0.5095746456 -0.633557908 -0.9560058896 
5 32 2.9651072879 3.8532707833 2.6324691993 2.3061212461 0.4716393439 0.0298601725 0.3387094863 
6 32 2.928427214 2.3622792413 3.1252926156 3.0881140907 -0.0844190205 0.1904122332 -0.4380059476 
7 30 2.8780395897 3.130338024 2.5250794685 2.6276943877 -0.0097211975 0.1857702527 0.0049353559 
8 29 2.8462024236 2.8696989079 3.1096297765 2.1215395518 0.6270953757 0.0631968506 0.1038199029 
9 29 2.9497540148 2.2462036875 2.0321887721 4.4226562879 0.3580324937 -0.3705252982 -0.052123164 
10 29 2.8772872656 2.7993662314 2.8531117965 2.6263039807 -0.23589392 0.2525659205 -0.7031939586 
11 27 2.7440411376 2.4531149617 2.3751950463 2.701451757 0.0561894285 -0.2116529165 -0.1259715469 
12 26 2.7601089935 2.8265008453 2.557337922 2.2343628888 0.4772789003 0.2758988682 0.5947521163 
13 25 2.6939727511 2.4348404004 2.6895655153 2.1330832679 -0.1236242123 0.0467335686 -0.1020276278 
14 24 2.6554767269 2.0071912476 2.3102788735 2.7340865258 0.2479340777 -0.2335015405 0.0471712048 
15 23 2.614931418 2.4124403805 1.9210513153 2.5043746249 -0.4413590471 0.1742355688 0.2699880505 
16 23 2.6776949197 3.2309677123 2.3374096077 1.6016727631 -0.2339996879 -0.0820956332 0.1409393045 
17 22 2.6013551515 2.3157944817 2.8180865678 1.6331675747 0.0411773533 -0.5163029464 -0.037933643 
18 22 2.5692010046 1.7325829117 2.3192976939 2.5489131964 0.1151695387 0.3351067095 0.2181834716 
19 22 2.5943624617 2.1833612637 2.273849715 2.2735056042 -0.2089152034 -0.2874753249 0.0015115723 
20 22 2.644064378 3.1388076632 2.2644855837 1.5877831881 -0.4023777368 -0.2930246657 -0.3005289536 
21 21 2.5594049569 1.9523605245 1.754059603 2.8441336061 0.3011957612 -0.0943640056 0.3567401966 
22 21 2.5708822614 2.3835199972 1.8070616833 2.4188539217 -0.2915711682 0.114034027 -0.0079103557 
23 21 2.5517753399 2.9233898302 2.1108749615 1.4772925939 -0.1888688238 0.1614852694 -0.1851650436 
24 20 2.5015863458 2.3726284402 2.0467943042 1.8385115009 0.5794028477 0.0614612732 0.2450753397 
25 18 2.4717630884 1.8238079348 1.4299760484 2.8558287821 0.0954523269 0.4429839958 -0.1021135534 
26 18 2.4213030379 1.3051087606 2.3484897485 2.2091098923 0.053261556 0.0384807466 -0.0932536206 
27 17 2.3502958401 1.7838422667 1.8224687181 1.9175795513 0.1234382082 -0.1491339341 -0.2076345717 
28 16 2.3181889937 2.3068754498 1.6558628149 1.4112619458 -0.1340720418 -0.3642006039 0.131435767 
29 16 2.2949578655 1.6692666689 2.2973238989 1.3002410366 -0.2700292174 -0.1326444857 0.0119837353 
30 15 2.2721467761 1.8885903957 1.3225126701 1.9515479063 -0.0793042416 -0.2967370428 -0.2090181662 
31 14 2.1832697898 1.3160384973 1.4759362781 1.9746921996 0.0453481993 -0.0869037598 -0.2488817744 
32 13 2.088059472 1.3907153246 1.4468440124 1.5224330215 -0.01398933 0.0232379776 0.0057545609 
33 13 2.0771274068 1.4501362386 1.4391398925 1.425182133 -0.027088612 -0.0079864509 0.0313619966 
34 12 2.0585902017 1.5295985112 1.5233718529 1.1848232543 0.0517066416 -0.1246591671 0.0176141733 
35 11 2.0203214834 1.2961407794 1.3678963477 1.4176617691 -0.3752638193 0.105262804 -0.0494447332 
36 11 2.0571521893 1.2444346387 1.3429915069 1.6444489844 0.3364230763 -0.2402217049 -0.0476017775 
37 11 2.0385177742 1.1772123215 1.6671156272 1.3112267673 0.1400100372 0.1905382002 -0.1274845556 
38 11 2.0378575744 1.5844213432 1.5642707371 1.0041714131 0.0550871497 0.1013166306 -0.0264629188 
39 10 1.9805997186 1.5641950626 1.5636623189 0.794917864 -0.0110047538 0.1894118416 0.1402335037 
40 9 1.926239776 1.361625086 1.5107512904 0.8380232983 -0.1358049962 0.1305668481 -0.4427723165 
41 9 1.8785383404 0.9367937961 1.2433116169 1.3488008832 0.2118630296 0.0446721743 -0.0496411067 
42 8 1.8130010031 1.6005926167 0.7840683742 0.9023116464 0.0385671346 -0.0270786599 -0.0159236344 
43 8 2.3442138563 1.1063800538 2.9369324761 1.4520260743 0.4427583931 0.1997045822 1.4333240872 
44 8 1.8297244459 0.9349038637 1.5366631103 0.876324574 -0.2417794648 0.0076354516 0.155062334 
45 7 1.7303094925 0.7321522187 1.0870565743 1.1747621467 -0.2765351533 0.0966724129 0.1132245636 
46 7 1.7247779435 0.5670980276 1.2515751508 1.156185776 0.0756441734 0.2808921094 -0.0372516486 
47 7 1.8684742485 1.2779959814 1.4226814671 0.7905185689 -0.2154441087 -0.5752287556 0.0061477374 
48 6 2.0613827509 2.0903597746 0.8441420247 1.3147970463 -0.8161050459 0.0550005016 0.1102708968 
49 6 1.5889507911 0.900281652 0.7646462021 0.8598367624 -0.0211206913 0.0472538222 0.0078302608 
50 5 1.5540707713 0.5131442864 0.5105104057 1.3914812702 0.0232954318 -0.0011942896 0.0898697642 
51 5 1.540385162 0.7478544927 0.7060795033 0.9188524511 -0.1952992948 -0.2508733578 0.3005891055 
52 5 1.5284137337 0.6438410245 0.5985797843 1.0936277327 -0.0758470643 0.2734990236 -0.216012216 
53 5 2.0882325565 1.1183565149 1.304174825 1.93818387 0.6033794052 0.6953906504 1.0752560179 
54 4 1.3987021786 0.6723349076 0.6496472249 0.6343856519 -0.0613321434 -0.0242789731 0.001285531 
55 4 1.397791856 0.5246121572 0.7097338905 0.7194760251 0.0061495807 0.023176206 0.0011065785 
56 4 1.4376341068 0.6496320346 0.8321650014 0.5849947891 -0.0691697664 -0.0169324223 -0.0834911753 
57 3 1.3308470806 0.7418203852 0.1032727998 0.9260607668 0.2701161841 -0.0539216458 -0.0869666802 
58 3 1.3384911999 0.4230244494 0.6435228624 0.7250113804 0.3616093022 0.2663014935 -0.2040911118 
59 3 1.2860099498 0.7589212425 0.1231145595 0.7717857891 -0.1496574566 0.0766734683 0.2523048972 
60 3 1.2608291409 0.4583116602 0.5741647202 0.5572137422 0.2674772296 0.2839104059 -0.2335843493 
61 3 1.3598805682 0.1694526367 0.7285442238 0.9512782992 -0.341539244 -0.1084408896 0.0303823802 
62 3 1.3711600434 0.1531217969 0.6028061272 1.1241519406 0.2975099516 -0.0496254835 0.069201533 
63 3 1.2948538062 0.3205088222 0.599480987 0.7566565703 -0.3439951205 -0.2368183 -0.1118163848 
64 3 1.2801308895 0.888477128 0.6292759171 0.1209820492 0.0256747973 0.0165160962 0.2758830758 
65 2 1.1283903785 0.9424432321 0.0080146801 0.3228069341 0.0869101896 -0.5515679562 -0.0508644701 
66 2 1.11886493 3.2594722234e-04 0.7475153341 0.5040174503 -0.0156093096 0.0128172964 -0.613808417 
67 1 0.0 0.0 0.0 0.0 0.0 0.0 0.0 
68 1 0.0 0.0 0.0 0.0 0.0 0.0 0.0 
69 1 0.0 0.0 0.0 0.0 0.0 0.0 0.0 
70 1 0.0 0.0 0.0 0.0 0.0 0.0 0.0 
71 1 0.0 0.0 0.0 0.0 0.0 0.0 0.0 
