# Cluster list (101 data points):
# "Cluster Identifier" "Cluster Size" "Radius of Gyration" "Gyration Tensor.XX" "Gyration Tensor.YY" "Gyration Tensor.ZZ" "Gyration Tensor.XY" "Gyration Tensor.XZ" "Gyration Tensor.YZ"
1 42 3.4100359162 3.6056797361 4.0179089722 4.0047562413 0.2103032971 -0.7907898698 0.8219841012 
2 41 3.4525260962 5.556981094 3.2797425217 3.0832128295 0.7086750816 -0.8708661201 -0.209028843 
3 35 3.0517344154 2.9000563014 2.7379727222 3.6750539183 -0.2762661463 -0.1829234541 -0.1941675219 
4 32 3.1832575295 2.7419826844 2.7395256498 4.651620165 -0.036046423 0.6732658867 -0.3012094936 
5 30 2.9785324469 2.9318040985 2.6523457115 3.2875057271 0.4470445733 -0.16877792 -0.6988568948 
6 28 2.9010438412 2.28709898 2.9497014567 3.1792549316 -0.2808650007 -0.0348468598 -1.0152509513 
7 26 3.0611983279 3.2483575452 2.7671069573 3.3554707 1.0256143224 1.4209144327 0.820510162 
8 25 4.2446651877 4.2767451217 9.5454548269 4.1949826073 4.6686526064 -2.869698906 -4.79661656 
9 24 2.7353784897 2.1917782724 2.212480952 3.0780362577 0.3454391724 -0.0581102709 -0.0819076501 
10 24 2.6999187792 1.8691985164 2.769434975 2.6509279229 0.2939292092 -0.34156283 0.1610205055 
11 23 2.6836316817 2.9091502977 2.270463583 2.0222651223 -0.1189641949 -0.2434136522 0.3506014025 
12 23 2.8066284157 3.1916511275 2.2279319879 2.4575799483 0.3178163602 -0.9649164676 -0.0290768403 
13 22 2.6856878751 2.235506893 2.5727149705 2.4046974988 -0.0634038469 -0.615146261 0.0941765057 
14 22 2.6262238458 2.6107746478 2.1764776824 2.1097993579 -0.1033881346 -0.0126850595 -0.1721616259 
15 22 2.7612380548 1.7124502089 3.2512150807 2.6607703055 -0.5297347697 0.0963853279 -0.8568081495 
16 21 2.6118973326 2.6277038293 2.22933106 1.9649727869 -0.1034162184 -0.0523939325 0.5731074372 
17 21 2.6715396175 2.540776356 2.3326461126 2.2637014593 -0.1339911302 -0.5750172539 -0.4609770461 
18 20 2.6356791387 1.7654132853 2.3751863227 2.806204914 -0.0335908535 -0.4299381275 -0.5940788192 
19 20 2.6028484706 2.3646167625 1.7454354163 2.6647679821 0.0358291216 -0.3632133886 0.0316800085 
20 19 2.4996684878 1.6826379724 1.7161815013 2.8495230754 0.0050926085 -0.0699426686 0.1777915262 
21 18 2.7385847709 2.5455469462 3.194495968 1.7598036333 0.3126086215 0.231949291 0.8212669633 
22 18 2.6302688676 1.5013275511 2.9379282256 2.479058539 -0.1356529769 -0.1562694249 1.1918444605 
23 17 3.1924396594 2.3343006541 1.5191529146 6.3382174099 0.2191536322 -2.236747408 -0.3414917298 
24 16 2.9946953841 3.6449998103 3.9218748664 1.4013257671 -2.5312990556 1.0622452602 -1.2782264762 
25 15 2.3180950781 1.99778775 1.5666591307 1.8091179104 0.2522868668 0.2346565431 0.1225797995 
26 15 2.4692936122 2.0466954585 1.4272395282 2.6234759565 -0.1121887625 -0.4259660796 0.4438987701 
27 14 2.3331123551 2.3007381935 1.5627740623 1.5799010057 -0.5328697986 -0.1700476512 0.0563350117 
28 14 2.1632637532 1.7012493249 1.4977418429 1.4807188982 0.0436518405 0.0701538187 0.2357730206 
29 13 2.2082331694 1.3584591201 1.8879560578 1.6298785527 -0.027904886 0.0107805511 -0.03117056 
30 13 2.1527628157 1.3055154571 1.8587466737 1.47012561 0.1100361896 -0.0421813305 0.2439579389 
31 13 2.1048313736 1.5156939122 1.494374908 1.420246291 0.0525440877 0.0243049706 0.0345521061 
32 12 2.2080470002 1.3638165861 1.5284033303 1.9832516388 0.065118137 0.2060580494 -0.1678329073 
33 12 2.2659105651 2.1298712338 1.435623281 1.5688561744 -0.1131933136 -0.4530371898 0.0762959426 
34 11 2.0392495244 1.5279552495 1.3910646479 1.2395187252 0.0813317251 -0.2906290606 0.1994094071 
35 11 2.0963129606 1.0576401113 1.7558274913 1.5810604262 0.0434243932 0.0176854722 -0.0689951393 
36 11 2.2546620963 1.9902174533 1.8758845176 1.2173991977 0.5663745513 0.5548815587 0.0186269886 
37 11 2.3098501822 2.586474162 0.9215379868 1.8273957155 -0.0322965634 1.1567370396 -0.267272337 
38 11 2.1637225736 1.7871103384 1.3642943133 1.5302907237 0.17360609 0.1720733786 0.5761821161 
39 10 2.0997990679 1.5892418882 1.3863303933 1.433583844 -0.1375561336 0.3873407973 -0.3685988643 
40 10 2.0121329003 1.4811315116 1.1726203384 1.3949269583 -0.1838009876 0.0421375273 -0.184411953 
41 10 2.0187805676 1.162829841 1.3981964505 1.5144486887 -0.2192414901 -0.2225005652 -0.2303436613 
42 9 2.1287794024 2.6806126791 1.0585345327 0.7925545322 0.5432061076 0.4384795148 0.0947591046 
43 8 1.9173029087 1.7703065387 0.7470207131 1.1587231919 -0.1016970956 0.1433069144 0.0204017237 
44 8 1.8878042661 1.7985350564 0.7101087197 1.0551611709 0.1556863009 -0.1895567324 -0.3653070468 
45 8 2.0303000791 0.6757474581 2.3689252109 1.077445742 0.5223799824 -0.3267761596 -0.2227208604 
46 8 1.8263750589 1.1938501055 1.0050542942 1.1367414562 0.1278331285 -0.3766034716 -0.0770965801 
47 8 1.9352962529 1.1512642533 1.4875629935 1.1065443398 0.194118554 0.5651839521 0.0093888432 
48 7 1.8048893771 1.573267512 0.8208787663 0.8634793852 -0.2721445842 0.1985054974 0.0557425923 
49 7 1.8850624513 1.1582616273 1.6915964784 0.7036023396 -0.0885875735 -0.3354822737 -0.0350807062 
50 7 1.7700266938 1.3903483323 0.9470571327 0.7955890316 0.1555777025 -0.2057637319 -0.1689941398 
51 6 1.6200422715 0.8737909327 0.9551996733 0.7955463556 0.0746151262 0.0152320075 0.0250198931 
52 5 1.6427260654 0.8754303644 0.9876607163 0.8354578453 0.2164774169 -0.3865707167 -0.1392545586 
53 5 2.5906397674 0.7432864099 5.1454247303 0.8227032642 1.0042995864 0.5510245576 1.8623625711 
54 5 1.594375403 0.6785830891 0.5537751354 1.309674701 0.026338479 0.2688014962 -0.1690515843 
55 5 1.5571358978 0.5938440759 0.6260144408 1.2048136874 0.0189638386 0.2090548497 -0.1142808905 
56 5 1.5338078433 0.8509760092 0.9774618075 0.5241286836 0.2470358624 0.0503481895 0.0279110529 
57 4 1.4882998214 0.6627121631 1.0114307102 0.5408934852 -0.2108657112 0.1327767028 0.0155164023 
58 4 1.680645533 0.7084519124 0.5816042982 1.5345131968 -0.3617546732 -0.4118922648 0.70811064 
59 4 1.5545802899 0.7449089497 0.8506353247 0.8211756035 0.3063140294 0.201640575 0.2847231811 
60 4 1.5080731095 0.6871645794 0.5859078009 1.0012121234 0.1432404035 -0.011039459 -0.1299833965 
61 4 1.4402251559 0.6641285718 0.6075988184 0.8025211095 -0.1219011504 -0.2024337302 -0.1078471378 
62 4 1.4343311109 0.7486442291 0.7561468911 0.5525146157 0.1068878672 -0.0417593513 -0.0068632323 
63 4 1.5277196769 0.9285008079 0.675014684 0.7304119194 0.2095411248 -0.0720822424 -0.057100353 
64 3 1.3721733629 0.8123244574 0.922782872 0.1477524085 -0.2084069044 -0.2888992764 -0.1236816296 
65 3 1.2942949407 0.7808463415 0.0466839334 0.8476691186 0.1823374111 -0.0636163794 0.0439591635 
66 3 1.3600779768 0.4256678167 0.6801059669 0.7440383194 0.5136307186 0.1133945809 -0.0707036363 
67 3 1.3761397282 0.7873890423 0.9667408689 0.1396306405 0.1047658984 -0.3293310249 -0.0014325688 
68 3 1.354540074 0.6158059942 0.359408691 0.859564127 0.4652920673 -0.0551794159 0.0401741412 
69 3 1.4161316875 0.4269987178 1.1813319072 0.3970983314 0.3137588599 0.2974793193 -0.2062740978 
70 3 1.3184331563 0.8331593621 0.7054519733 0.1996546522 0.1240065524 0.0630257269 -0.3565241764 
71 3 1.4009392142 0.685929776 0.2366468967 1.0400540091 -0.2646213334 0.0536639743 0.3526398758 
72 3 1.3277552183 0.8048559013 0.490630345 0.4674476735 -0.1443267522 -0.1501146564 -0.4250040682 
73 3 1.2986600363 0.8249620656 0.332345368 0.5292104562 -0.0887359562 -0.0162932813 0.4149420827 
74 3 1.6548464632 0.471144984 0.9172085341 1.3501632988 0.5762006194 -0.7950175916 -1.0151361973 
75 3 1.325821065 0.6525738166 0.714026009 0.3912016708 0.1417723891 -0.3391262859 0.3095612699 
76 3 1.3279005245 0.9061782381 0.2469437966 0.6101977683 -0.1664335377 0.1061478443 0.3401452255 
77 3 1.2939532148 0.6647567368 0.7752361354 0.23432205 -0.1563879886 -0.2914364715 -0.2119439015 
78 2 1.1134257729 0.6190533444 0.3977615413 0.2229020661 -0.4962213341 0.3714677233 -0.2977614303 
79 2 1.2071490449 0.7991491342 0.1782654935 0.479794189 0.3774396836 0.6192149148 0.2924564034 
80 2 1.1123676975 0.8697009987 0.1554690931 0.2121918027 0.3677113345 0.4295851751 0.1816294776 
81 2 1.1192968955 0.2360148711 0.9420386912 0.074771978 0.4715242733 0.1328431359 0.2654017639 
82 2 1.1173122449 0.4023500925 0.0109359635 0.8351005967 -0.0663331435 -0.5796574871 0.0955647929 
83 2 1.1532870054 0.710891603 0.4793820736 0.1397972403 -0.5837710945 0.315247021 -0.2588750489 
84 2 1.2283108141 1.4727304416 0.0338237257 0.0021932888 -0.2231887777 -0.0568341729 0.008613083 
85 2 1.1079858274 0.0687935432 0.7843686007 0.3744704499 0.232291832 0.1605028008 0.5419620492 
86 2 1.1319965389 0.1399816497 1.1250064732 0.0164280413 0.3968378284 -0.0479543983 -0.1359472426 
87 2 1.122568307 0.9525309952 7.7717215754e-04 0.3068514366 0.0272080975 -0.5406343535 -0.0154426809 
88 1 0.0 0.0 0.0 0.0 0.0 0.0 0.0 
89 1 0.0 0.0 0.0 0.0 0.0 0.0 0.0 
90 1 0.0 0.0 0.0 0.0 0.0 0.0 0.0 
91 1 0.0 0.0 0.0 0.0 0.0 0.0 0.0 
92 1 0.0 0.0 0.0 0.0 0.0 0.0 0.0 
93 1 0.0 0.0 0.0 0.0 0.0 0.0 0.0 
94 1 0.0 0.0 0.0 0.0 0.0 0.0 0.0 
95 1 0.0 0.0 0.0 0.0 0.0 0.0 0.0 
96 1 0.0 0.0 0.0 0.0 0.0 0.0 0.0 
97 1 0.0 0.0 0.0 0.0 0.0 0.0 0.0 
98 1 0.0 0.0 0.0 0.0 0.0 0.0 0.0 
99 1 0.0 0.0 0.0 0.0 0.0 0.0 0.0 
100 1 0.0 0.0 0.0 0.0 0.0 0.0 0.0 
101 1 0.0 0.0 0.0 0.0 0.0 0.0 0.0 
