# Cluster list (76 data points):
# "Cluster Identifier" "Cluster Size" "Radius of Gyration" "Gyration Tensor.XX" "Gyration Tensor.YY" "Gyration Tensor.ZZ" "Gyration Tensor.XY" "Gyration Tensor.XZ" "Gyration Tensor.YZ"
1 44 3.2820000436 3.8179917755 3.1723175904 3.7812149205 0.0455961777 -0.6741707549 0.5797023692 
2 42 3.2351676624 3.9543178907 3.1677403559 3.3442515575 0.6532948647 -0.0012749284 -0.3283253816 
3 35 3.0101931008 2.8523232823 2.6094206159 3.5995186059 -0.3145623305 -0.1891850699 -0.2380914664 
4 32 2.9388817322 2.3706213112 3.0528247231 3.2135798013 0.0852938066 0.1394187695 -0.5175318046 
5 32 3.0708174989 4.0293269832 2.9980266792 2.4025664488 0.9367921885 -0.2617612551 -0.0507649305 
6 30 2.8919083915 2.7316678459 2.506929652 3.1245366473 0.4302823761 -0.043797933 -0.5940365345 
7 30 3.0445624058 4.1997255674 2.5011272845 2.5685073911 -0.0762256182 0.3868735841 -0.0081602641 
8 29 2.9025515289 2.8097047455 2.5154434295 3.099657203 -0.2335338375 0.3825809612 -0.7837228114 
9 29 2.8570175303 2.9201565174 3.1464365936 2.0959560574 0.6982170493 0.0845595414 0.0886922468 
10 29 4.1516356503 2.6843625056 1.5648689669 12.9868471005 0.3340442848 -3.2315353586 -0.8044589736 
11 27 2.7664851345 2.4746508554 2.3351090763 2.8436800677 0.014875614 -0.2617085699 0.0579819033 
12 26 2.7431447245 2.9821964927 2.5368064657 2.005840021 0.5186231489 0.1232142898 0.4064123495 
13 25 2.6997551061 2.4859063601 2.692450822 2.1103204509 -0.1902611557 -0.0351923644 -0.1875289275 
14 24 2.6421328664 2.0966589499 2.3195197785 2.5646873552 0.233414829 -0.2311643885 -0.0112895212 
15 23 2.6153012205 2.4375045174 1.7948929927 2.6074029641 -0.4346139109 0.0909738177 0.1878773237 
16 23 2.6631603911 3.1088067518 2.2378217778 1.7457947392 -0.2047267322 -0.2444932273 0.347799294 
17 22 2.5863073087 2.4908725212 2.670805661 1.5273073127 -0.0664948721 -0.3017450088 -0.2547908032 
18 22 2.5751776643 1.6495207176 2.3185941151 2.6634251698 -0.0015314077 0.1951024002 0.2249226044 
19 22 2.5995410639 2.4349388985 2.1980792169 2.1245956273 -0.2010701765 -0.2589464712 -0.088076983 
20 22 2.6233653363 2.9581334303 2.3280964869 1.5958157704 -0.3227062648 -0.2738678554 -0.205547088 
21 21 2.5406487379 1.9356281106 1.639279804 2.879988095 0.2826127385 -0.0952040456 0.2057558958 
22 21 2.5704032421 2.4572713471 1.6549271523 2.4947743276 -0.1865264936 0.1185005865 0.0087910957 
23 21 2.5421600062 2.715671382 2.1429835503 1.603922565 -0.3200906784 -0.3045303845 -0.1657113859 
24 20 2.8200205309 4.296588925 1.8030344929 1.852892377 0.9153493584 -0.2434181999 -0.077508016 
25 18 2.4471508043 1.6863594229 1.4488286802 2.853358956 0.1367913889 0.3222135313 -0.0735590241 
26 18 2.4123665501 1.384637897 2.171765702 2.2631087732 0.2689623909 -0.0848450259 -0.055489244 
27 17 2.3505309242 1.7901666265 1.8820736725 1.8527553267 0.1020939862 -0.1270955746 -0.1804868218 
28 16 2.3177335911 1.6140368052 2.434255501 1.3235966931 -0.2711250827 -0.1113886555 -0.1394128163 
29 16 2.371754439 2.3136446666 1.8909949895 1.4205794627 -0.2295445387 -0.2010786099 0.0087916601 
30 14 2.1721920328 1.6086629827 1.3175706884 1.7921845563 0.0804907003 -0.3550410148 -0.0671866868 
31 14 2.1878486721 1.3881453392 1.405990152 1.9925463209 0.1063592548 -0.1984761097 -0.253712526 
32 13 2.0797830181 1.4264485598 1.443934061 1.4551147815 -0.0410497398 0.0465514595 0.0055262424 
33 13 2.0705578606 1.4481608828 1.404381608 1.4346673633 0.0575273112 -0.0152346326 -0.0259721694 
34 12 2.0930619721 1.5050178862 1.5448595201 1.3310310129 -0.0101454087 -0.131889071 0.0604825109 
35 11 2.0418104753 1.4618786356 1.1635946006 1.543516781 -0.3196892383 0.0641792013 -0.1234400269 
36 11 2.042416568 1.535751294 1.5512253813 1.084488762 0.0580822662 0.2638524418 0.0155555192 
37 11 2.2347942898 1.2388455138 1.2694613517 2.4859986523 0.2730207112 -0.3795868172 0.7068396148 
38 11 2.0520662121 1.6682702896 1.4779336254 1.0647718237 0.0273405814 0.0851839339 0.0431955908 
39 10 1.9655827006 1.4853909464 1.5514193228 0.8267050836 -0.0504066705 0.2766410872 0.0799675923 
40 9 1.9095446738 1.3317716048 0.8670914265 1.4474978301 -0.1194920755 0.2160448816 -0.5186431273 
41 9 1.9087609977 0.94164823 1.2852601146 1.4164602018 0.1512517386 0.0627101931 -0.0414688219 
42 8 1.8300165719 0.9255916348 1.5942906656 0.8290783529 0.1822591438 0.1061503168 0.1690328113 
43 8 1.8074303862 1.47694094 0.9464952033 0.8433684575 0.206714336 -0.1287743032 -0.0407569744 
44 7 1.7221568287 0.4820946063 1.1626233275 1.3211062087 -0.2487155543 0.0320642267 -0.0163803558 
45 7 1.7168071502 0.9406648764 0.952003532 1.0547583826 0.2999887623 0.3046262559 -0.2188953031 
46 7 2.2945106521 0.4831767481 3.8184048317 0.9631975527 -0.445122309 0.0425702603 -0.9843401968 
47 6 1.5959187712 0.7949746785 0.8855157086 0.8664663373 0.0070802391 0.0232299941 -0.0815164923 
48 5 1.5641508527 0.5064463571 0.5020859458 1.4380355872 0.0025624026 0.0636691697 -0.08738142 
49 5 1.5740504088 0.8230521814 0.6167746012 1.0378079067 -0.1785653708 -0.4379536304 0.2349368915 
50 5 1.5310248065 0.530378219 0.5911502518 1.2225084875 0.0362031925 0.1964687064 0.1397383531 
51 5 1.5218094523 0.634516678 0.4977544392 1.1836328919 -0.090497156 -0.2450086239 0.0521010611 
52 4 1.3603361388 0.6275506634 0.6141846544 0.6087790928 0.0033801173 -0.0053206888 -0.0356717784 
53 4 1.3631684496 0.5829553101 0.6502568261 0.6250160857 -0.009296044 -0.042122655 -0.0054182051 
54 4 1.3741587307 0.6730802985 0.6082613419 0.6069705768 0.0598228769 -0.0536846066 -0.030763479 
55 4 1.3978517958 0.5733232791 0.5991019214 0.7815644427 0.0075620958 -0.0293924364 0.0408520074 
56 3 1.4164611917 0.5926357663 0.4852566379 0.9284699034 -0.3150413439 0.3261344051 0.3144993616 
57 3 1.3008623706 0.2436009848 0.8158725305 0.6327693919 0.0779696772 -0.3855156998 0.0104920549 
58 3 1.3243748001 0.5344777215 0.5109129584 0.7085779311 0.2309595945 -0.3519005106 0.2907146208 
59 3 1.3050031017 0.839534756 0.5076296132 0.3558687263 -0.0337399098 0.0134638885 0.4237908956 
60 3 1.3298153711 0.7713652319 0.1059532877 0.8910904016 -0.2296857755 0.0846927897 0.1567727182 
61 3 1.4433821281 0.0555808562 1.045321973 0.9824491385 0.0254849474 0.2303633772 -0.06349982 
62 3 1.3235037903 0.838621554 0.3433549579 0.569685771 -0.085035491 -0.1321370589 -0.4152307855 
63 3 1.3127794453 0.3638461424 0.7220103852 0.6375333443 0.2090660956 -0.3901412693 0.1390467683 
64 3 1.2995640978 0.8422085276 0.0472338486 0.7994244682 0.0364553323 0.010618651 0.1914892197 
65 3 1.3214919494 0.6736756146 0.6732897206 0.399375637 -0.1914555087 0.2755355493 0.342907363 
66 3 1.3679659885 0.7672682673 0.3825206903 0.7215419882 -0.2505719517 -0.2619367349 -0.3504299351 
67 2 1.1930113335 1.3237101843 0.0742983767 0.0252674809 0.313607267 -0.1828847227 -0.0433281988 
68 2 1.1485887156 0.1146700083 1.2038591676 7.2686170824e-04 0.3715461489 0.0091295804 0.0295810603 
69 2 1.1748154025 0.5136979606 0.2083470246 0.6581462448 -0.3271504877 -0.5814536815 0.3703009747 
70 2 1.1413343508 0.5146372103 4.610048527e-04 0.7875458851 0.01540293 -0.6366320894 -0.0190541984 
71 1 0.0 0.0 0.0 0.0 0.0 0.0 0.0 
72 1 0.0 0.0 0.0 0.0 0.0 0.0 0.0 
73 1 0.0 0.0 0.0 0.0 0.0 0.0 0.0 
74 1 0.0 0.0 0.0 0.0 0.0 0.0 0.0 
75 1 0.0 0.0 0.0 0.0 0.0 0.0 0.0 
76 1 0.0 0.0 0.0 0.0 0.0 0.0 0.0 
