# Cluster list (72 data points):
# "Cluster Identifier" "Cluster Size" "Radius of Gyration" "Gyration Tensor.XX" "Gyration Tensor.YY" "Gyration Tensor.ZZ" "Gyration Tensor.XY" "Gyration Tensor.XZ" "Gyration Tensor.YZ"
1 44 3.2968027049 3.9513148958 3.1287482152 3.7888449643 -0.084365772 -0.6685299905 0.6600833588 
2 42 3.2398353642 4.0078953163 3.2648168386 3.2238210325 0.613322241 0.1137812226 -0.1369449608 
3 35 2.9997658364 2.6978412803 2.6800035743 3.6207502189 -0.3128767483 -0.2823355867 -0.2626831377 
4 33 3.0881714337 2.7279014568 2.9372424844 3.8716588629 0.5304954315 -0.3239393592 -1.1421617546 
5 32 2.9416375841 2.4060793343 3.084480826 3.1626715157 -0.0245183397 0.1956827184 -0.506274015 
6 32 2.9862147708 3.86111903 2.7649742661 2.2913853613 0.5391166457 -0.0266285953 0.3651867203 
7 30 2.8915496301 3.2257003066 2.6011381691 2.5342207878 -0.0370413259 0.14586468 0.0233618796 
8 29 2.8743576934 2.7708024806 2.7466778532 2.7444518156 -0.1870443305 0.3211105473 -0.7740633491 
9 29 2.8542411914 3.0259602466 3.0659179995 2.0548145323 0.6748933622 0.0366094227 -0.0081518475 
10 29 2.9965839996 2.2683127085 2.0801326713 4.6310702867 0.1269223409 -0.3734426347 -0.2632167769 
11 27 2.7370755395 2.408851089 2.3644757248 2.7182556951 0.10226891 -0.1892730965 -0.121418191 
12 26 2.7364076277 2.8785043687 2.4999847715 2.1094375649 0.4934228307 0.2653995949 0.5723098783 
13 25 2.6922169571 2.4690894639 2.6567968352 2.1221458451 -0.1658121662 -0.0165900764 -0.1481606067 
14 24 2.6604355849 2.0786512182 2.3519556918 2.6473105913 0.318017607 -0.2843044922 0.046945165 
15 23 2.605398477 2.3913881335 1.8946982029 2.5020148875 -0.4183689428 0.1542484563 0.2956219866 
16 23 2.6705953186 3.18574498 2.2987918974 1.6475424782 -0.206680676 -0.1491393002 0.2379425346 
17 22 2.5860542023 2.3356698971 2.7290898077 1.6229166323 0.0338001328 -0.4580306607 -0.0631615041 
18 22 2.6083516142 2.3009472388 2.2650132078 2.2375376966 -0.1766212506 -0.2671669285 -0.008742571 
19 22 2.570696481 1.6974613198 2.2600283987 2.6509906788 0.1199299823 0.2295240532 0.1751965182 
20 22 2.6124907368 3.0885363697 2.1345544702 1.60201701 -0.3321347095 -0.305295395 -0.1854529311 
21 21 2.5444418185 1.9923214711 1.7213017383 2.7605609583 0.3102918421 -0.0824661733 0.404424536 
22 21 2.5769748491 2.4250193022 1.8411663578 2.3746137127 -0.3106967705 0.1234163049 0.0031940798 
23 21 2.5436916847 2.8440678396 2.1316729593 1.494626588 -0.2290712039 1.5877993327e-04 -0.2016775519 
24 20 2.5559017436 2.4440910114 1.9312484691 2.1572942422 0.6397120871 0.1864457148 0.4037103887 
25 18 2.4548237743 1.7648309449 1.4060210098 2.8553078084 0.0804350035 0.3044422883 -0.1455004194 
26 18 2.4265525323 1.3502694928 2.2791064192 2.2587812801 0.164330627 0.0223381152 -0.1057458145 
27 17 2.3217957162 1.7736446279 1.7461938567 1.8708968633 0.058413761 -0.0982216729 -0.1939795143 
28 16 2.292147809 2.2122507548 1.6933715417 1.3483192817 -0.1692117505 -0.3484571463 0.0897903053 
29 16 2.3177163712 1.6971919249 2.3260162361 1.3486010163 -0.3294634434 -0.1969781992 0.0112431048 
30 15 2.2846642172 1.8286717731 1.3359999174 2.055018895 -0.0304835764 -0.1837830431 -0.2259560091 
31 14 2.1764067584 1.3520581331 1.4566953019 1.9279929432 0.0251221679 -0.1483855707 -0.2169384903 
32 13 2.0606895802 1.4104755999 1.4193936657 1.4165722803 0.0044196585 -0.0118274523 -0.0208137975 
33 13 2.070105245 1.4652607498 1.4171007919 1.4029741839 0.0187937307 -0.0058255875 -0.0112869488 
34 12 2.0656142641 1.5720942572 1.5378152244 1.1568528064 -0.0135851153 -0.0617194129 0.0411089469 
35 11 2.0305212478 1.3105066349 1.2965600826 1.5159498202 -0.3535328835 0.1367961345 -0.0261509027 
36 11 2.0335252117 1.663791684 1.5596537835 0.9117793193 0.1330002216 0.0953767552 -0.0168684831 
37 11 2.0449485346 1.2195856643 1.7897628966 1.1724659482 0.1531092892 0.2576010098 -0.0173095598 
38 11 2.0535257081 1.1955115474 1.4317883533 1.5896679329 0.2342086516 -0.0363944682 0.0316821385 
39 10 1.9788109814 1.5561152488 1.6042078887 0.7553697624 -0.0273348412 0.1210927547 0.2254430772 
40 9 1.9189300582 1.3658418153 1.3881648312 0.9282859218 -0.1370512827 0.06571655 -0.5136777325 
41 9 1.8708442451 0.8585369272 1.3227726786 1.3187485837 0.1547583267 0.003392822 0.0549773542 
42 8 1.8192009986 0.9056089869 1.4617515808 0.9421317056 -0.1022684284 -0.0545143906 0.2648606382 
43 8 1.8288129734 1.64479489 0.9791270319 0.7206349698 0.1053196642 -0.2111933938 -0.0415991795 
44 7 1.8056700786 1.1146615702 1.4264471619 0.7193357007 -0.2348781712 -0.0287307869 -0.0996166289 
45 7 1.7204905363 0.5942200651 1.2072318162 1.158635804 0.0970672059 0.3478729098 -0.0899294517 
46 7 1.7169919191 0.5282076652 1.1797741517 1.2400794334 -0.148084125 0.1019343567 0.0182737359 
47 6 2.319910114 3.8541055512 0.9487026069 0.5791747788 -1.2550655735 -0.4060342987 0.1471815394 
48 6 1.6181144883 0.8492920597 0.8312681129 0.9377343247 -0.0281640773 0.0243081821 0.1086935506 
49 5 2.4854861229 2.0649562063 1.0996211509 3.0130639096 0.9182204637 1.9413038038 1.2799721748 
50 5 1.5230066437 0.5806118163 0.6591002234 1.079837197 -0.1508946132 0.244005384 -0.2894385189 
51 5 1.5603658881 0.7863116424 0.7470454066 0.9013846559 -0.2858449579 -0.2946067005 0.3082354338 
52 5 1.530025402 0.5764793517 0.525265287 1.239233092 -0.0406772171 0.0815960884 0.0233404081 
53 5 1.5155128819 0.8865239968 0.5869944127 0.8232608857 -0.1311371144 -0.3796445466 0.03835558 
54 4 1.3786062317 0.5627247715 0.7125465217 0.6252838488 -0.0377775424 -0.0067653849 -0.0074491467 
55 4 1.4134859816 0.582737507 0.6370604674 0.7781446458 -0.0162629835 0.0488653932 0.0512028225 
56 4 1.4326149825 0.7754654519 0.6278860847 0.6490341514 -0.0092988433 -0.0796236096 0.0256619373 
57 3 1.330096623 0.8176653441 0.6250448226 0.3264468599 0.1694165209 -0.3757369159 0.223355451 
58 3 1.3058545496 0.1790877234 0.6234664328 0.9027019484 -0.297174458 -0.1552520204 -0.0587905141 
59 3 1.3304042694 0.6788024005 0.2799562006 0.8112169191 0.4038679784 0.0525914141 -0.147640802 
60 3 1.3588332398 0.4919146222 0.4841784341 0.8703347173 -0.4875137564 -0.0430057184 0.0128006014 
61 3 1.3784353252 0.3245507972 1.0530948772 0.5224382714 0.1507361494 0.3537597704 -0.2024761057 
62 3 1.344164268 0.5730085336 0.8527234501 0.3810455957 0.0363029628 0.4455439689 -0.1433383611 
63 3 1.3953725072 0.8310985952 0.081704288 1.0342615506 -0.1247548029 -0.0771330736 0.2659096594 
64 3 1.326658001 0.3135428768 0.6046842048 0.84179437 -0.3581060069 -0.1843129904 -0.16833415 
65 3 1.3497932009 0.781001878 0.8828383283 0.1581014787 0.0987975177 -0.3282974134 0.0907352707 
66 2 1.1773910214 1.1583942867 0.094794746 0.1330605847 0.331375455 -0.3926023702 -0.1123095914 
67 2 1.1007607235 0.0250417338 0.8421396916 0.3444927451 0.1452192756 -0.0928800066 -0.5386195449 
68 1 0.0 0.0 0.0 0.0 0.0 0.0 0.0 
69 1 0.0 0.0 0.0 0.0 0.0 0.0 0.0 
70 1 0.0 0.0 0.0 0.0 0.0 0.0 0.0 
71 1 0.0 0.0 0.0 0.0 0.0 0.0 0.0 
72 1 0.0 0.0 0.0 0.0 0.0 0.0 0.0 
