# Cluster list (628 data points):
# "Cluster Identifier" "Cluster Size" "Radius of Gyration" "Gyration Tensor.XX" "Gyration Tensor.YY" "Gyration Tensor.ZZ" "Gyration Tensor.XY" "Gyration Tensor.XZ" "Gyration Tensor.YZ"
1 17 6.0415120689 14.2794327644 18.8611547773 3.3592805366 -14.7258381143 0.9142444042 -1.5724600864 
2 9 4.1157554153 8.8397571211 4.2165842258 3.8831012916 4.6223346657 3.8647030652 1.9855839682 
3 8 2.7234864279 1.3471094825 3.0047598401 3.0655090001 -0.0199863688 0.605818892 0.0916833234 
4 7 3.0320473759 3.587533136 3.9521547884 1.6536233652 1.3247850389 0.8957050877 -0.1364680148 
5 7 2.9953012643 2.2728127281 0.8758450085 5.8231719271 0.1331549595 1.3685185278 1.1643269291 
6 7 3.8743395806 8.0309691321 2.7459729897 4.2335650639 2.0763195883 4.3012138085 2.5892072148 
7 6 2.8439517848 1.0238210468 3.0919955425 3.9722451647 -1.2601912758 -0.667232743 1.3232013574 
8 6 3.0901890216 1.8920198205 4.1073525198 3.549895849 0.9305989273 -0.9894632576 -2.8637900449 
9 6 3.9652714494 0.9129720346 1.03514311 13.775262523 -0.6670449337 -2.5299656045 2.3879604594 
10 6 2.9395907722 2.6401999923 5.4889095851 0.5120843305 -1.1602982079 0.4321232247 -0.2294465525 
11 6 2.3816853603 3.3003819051 1.4748882119 0.8971550387 0.3288305142 0.2883911749 -0.0349783521 
12 6 2.7687249751 0.7116447797 6.4670894088 0.4871037994 -0.5222236748 0.1011511206 0.093005322 
13 6 3.7753766029 5.7908184818 6.8961149459 1.5665350657 -5.5469530713 1.7549693447 -0.7739574914 
14 5 2.2835705098 2.1682058428 1.9890586545 1.057429776 -1.40619687 -0.0123508381 0.3388295409 
15 5 3.2249394619 2.6279334306 5.1966626577 2.5756384447 -3.1449548905 1.5161668905 -3.2206952281 
16 5 2.823576983 4.4868971817 2.6162542128 0.8694355842 -1.7424608691 -1.9281105894 0.862428057 
17 5 2.8880432647 1.6931595199 0.5706955589 6.0769388202 0.2581039936 -3.1423534919 -0.487095003 
18 5 2.8954689268 2.6487653608 4.0808142837 1.6541606613 2.0052276931 1.8951499671 1.0379797658 
19 5 2.3147154813 0.8093659506 2.1408166145 2.4077251942 -0.0449650365 -1.1044445384 0.0910502238 
20 5 3.0921410862 7.1487587813 1.6242932599 0.7882844556 -2.7876966012 1.7790350775 -0.6886300302 
21 5 2.8995871117 5.3876172232 0.9079444123 2.1120437827 -0.129450887 -2.6898086061 -0.2770457424 
22 5 2.4932421609 2.0351612494 2.5899021286 1.591193095 0.1245833838 -0.7757768075 -1.2025664211 
23 5 2.6510172785 4.0945052147 1.3199277956 1.6134596004 0.73381594 -0.5538865429 -0.2721713218 
24 5 3.3923825122 1.6915488313 8.5246123808 1.292097897 -2.1980734789 0.6563724812 -2.6871683964 
25 4 2.2484311318 0.6155240442 2.4194359092 2.0204826009 0.677865475 -0.5077575508 -1.9545847608 
26 4 2.9175525896 1.754704903 3.1441374372 3.613270773 -1.3943099924 2.4474151154 -2.3133550772 
27 4 1.9083702489 0.8408539632 1.8393723402 0.9616507035 0.7518152782 -0.1568889971 0.074872808 
28 4 2.7158506088 0.7529119119 3.9274720032 2.6954606142 0.9557551768 -1.3170955715 -2.3129474308 
29 4 2.7386657009 1.2406229159 0.2275229109 6.0321439943 -0.2957771867 0.1891011339 -0.8053852102 
30 4 2.1163688905 0.9120013471 2.2767691643 1.2902467692 0.81791009 0.9250675565 1.1715046444 
31 4 2.6488624917 0.4317160378 5.1886732295 1.3960832326 0.3650819136 -0.1472584191 -2.6834809354 
32 4 1.9128575971 2.9380676673 0.3611095661 0.3598469534 -0.8888455341 -0.6600071972 0.2559457431 
33 4 2.3347591671 1.9239458069 1.0226384213 2.5045161404 -1.3845306923 -0.8654584357 0.7005432695 
34 4 2.3933739969 1.9951082845 1.7038909765 2.0292398278 0.3626352383 -1.8360005772 -0.4510875566 
35 4 2.1332689348 3.9593606337 0.5656097711 0.0258659436 0.3798610612 0.1455919303 0.1000941384 
36 4 2.8175395951 4.1527870804 2.1199773198 1.66576497 2.5895609775 1.8155728886 0.6530980404 
37 4 2.1670729874 0.5994912631 1.1154141886 2.9812998812 0.321371351 -0.199871883 0.3102423531 
38 4 2.3385405702 1.1421859227 0.031711833 4.2948742428 0.1610750917 0.6082447508 0.0335757753 
39 4 2.6464478588 5.0893883984 1.2484083077 0.6658895635 0.9991322595 -1.1663470826 -0.6800366552 
40 3 1.5178930929 0.5965147615 0.0334375904 1.6740470896 -0.1356670133 -0.0257640399 -0.0598693429 
41 3 1.748680905 0.7767005304 1.5571690738 0.7240153032 -0.0418449788 0.2635740619 0.9791296488 
42 3 1.5921717496 0.6202525228 0.410670239 1.5040881183 0.0964302996 0.7380335531 -0.382910982 
43 3 2.1521520477 3.1417551897 1.467510472 0.0224927745 1.1296563407 0.2117143009 0.1695611293 
44 3 1.9757179335 1.7247841424 0.3844568217 1.7942203888 0.4363117462 1.5569677368 0.7202768091 
45 3 1.8599517609 0.4986261907 2.0560204316 0.9047739307 0.1973586841 -0.0386549214 1.3202262028 
46 3 2.4067773089 4.9992220028 0.0512998492 0.7420551626 -0.4998051406 1.6734469506 -0.1828648588 
47 3 2.4968723636 0.5714207321 5.4018219397 0.2611289281 -1.7510959993 -0.3802593739 1.1483152133 
48 3 1.4130838827 0.0654507749 1.9034774172 0.0278778674 -0.1419180872 -0.0406484995 0.1529579501 
49 3 1.9145120851 2.0916300694 1.0515739241 0.5221525303 1.4828076508 0.5674722311 0.3905388838 
50 3 2.0449592208 1.8245123546 0.3736693272 1.9836765328 -0.801514806 -1.8100867373 0.8588277342 
51 3 1.278855441 1.3524971388 0.2268712512 0.056102849 -0.3170485302 0.0862151324 -0.1080743344 
52 3 1.5674329859 0.4367525608 0.9598149346 1.06027867 -0.3107598522 0.0732376721 -0.9319727632 
53 3 2.0408685193 1.8223126112 1.9333472004 0.4094845015 -1.3935478659 -0.1332668001 -0.4870252575 
54 3 2.007946735 1.2533279111 2.3754857461 0.4030364336 0.396155947 0.2008451083 -0.8500337199 
55 3 2.0548008621 0.6790826078 2.1596302508 1.3834937243 0.7133836765 0.8807910584 1.508354326 
56 3 2.3266859678 4.1061428889 0.8238930229 0.4834316811 0.8980832686 0.6785534452 -0.3342663013 
57 3 1.9460299067 1.6585017586 1.6321976726 0.4963329666 -1.1107345014 -0.9041433654 0.5503001796 
58 3 1.8658934647 1.1876168793 1.6282572858 0.6656842565 0.1218891369 -0.1465139053 -1.0379608529 
59 3 1.7626033128 0.9898321498 0.3064183563 1.8105199324 0.3973949095 -0.6476807535 -0.7113297175 
60 3 1.9733345562 0.0367237248 3.0958662031 0.7614593428 0.3355447611 -0.1149835128 -0.940875909 
61 3 1.7932268392 0.0544885784 2.4090031981 0.7521707205 -0.3610112571 0.2020017252 -1.3458774084 
62 3 1.985190772 0.4322130455 0.7272857244 2.7814836315 -0.5484896145 -0.6281596336 0.5555525444 
63 3 1.7797100128 1.5274425424 1.0254431187 0.6144820685 -0.9603257691 0.0311569846 -0.5283539666 
64 3 2.3303099016 2.5646305011 1.3613920263 1.5043217102 -1.8683737761 -1.4702250388 1.0581645132 
65 3 1.5514700296 0.338538548 1.3727041733 0.6958165315 -0.6461969484 0.0815287002 0.1512359134 
66 3 2.5689706509 2.1925982739 1.7846372937 2.6223746377 1.8898628034 -2.3794259559 -1.9717757307 
67 3 1.930589594 2.1034516478 0.0657268968 1.5579976358 0.3717189581 0.9312034882 0.1580275049 
68 3 1.8345282594 2.496091534 0.5325232783 0.3368791221 -1.1398839315 0.0530101849 -0.0876174148 
69 3 1.6609340505 1.6696964787 0.9675679568 0.1214374844 0.3235140845 0.4490481538 0.0623744709 
70 3 1.9055285397 2.9490986362 0.2164090926 0.4655312867 -0.5410415893 -0.4947969018 -0.1209117276 
71 3 2.3756055496 0.5299957023 4.2951046876 0.8184013371 -1.4103580799 -0.3686593756 0.4291187925 
72 3 1.6184275117 0.4945810794 1.8525485836 0.2721779476 -0.42615982 0.3583557347 -0.1723772472 
73 3 1.7752524892 1.8304883861 0.8429806225 0.4780523918 1.2372870666 0.7216125345 0.4518616236 
74 3 1.8142163924 1.7997359826 0.667539186 0.8241059501 0.8017561323 -0.761377784 -0.7339062006 
75 3 1.6863863293 0.3737459429 2.3321330984 0.1380198104 0.3547413076 -0.1537893504 -0.5321496797 
76 3 2.3719201846 2.685731017 0.9218616677 2.0184126772 -1.5591851587 -2.3062140093 1.3640682178 
77 3 2.3976032385 0.9124514296 4.7681670974 0.0678827623 -1.9797171433 0.2213378055 -0.5621466702 
78 3 1.6621820935 0.8553904511 0.2875730711 1.6198857897 -0.3798682894 -0.7989809463 0.6770773492 
79 3 2.2561602554 3.5158629742 1.2385211523 0.3358749717 1.8464716429 -0.6256198013 -0.0828902554 
80 3 2.2591476079 0.716588786 0.0904529713 4.296706157 -0.2501762931 -1.3108837807 0.3808003539 
81 3 1.7969625181 0.3786788337 1.6896613271 1.1607341309 0.4535123696 0.1495523346 -0.9447688361 
82 3 2.3260171227 0.3232681515 3.0774160613 2.0096714425 0.1087576574 0.4316077446 -1.9425595951 
83 3 1.9009339002 0.1412458869 0.4334230676 3.0388807384 -0.1738688121 0.6177062206 -1.0324837387 
84 2 1.594997621 0.0733466722 1.8770369464 0.5936337924 -0.3710450291 0.2086649544 -1.0555910956 
85 2 1.7225244492 2.3362018939 0.569796768 0.0610918162 -1.1537591987 0.3777867344 -0.186574166 
86 2 1.5769388872 0.6169496514 0.9558062125 0.91398039 0.7679090503 -0.7509193585 -0.9346593684 
87 2 1.4709608508 1.1508070817 0.325493528 0.6874252149 0.612029621 0.8894345425 0.4730247968 
88 2 1.3926481456 1.8737078762 0.0062312843 0.0595296969 0.1080537202 -0.3339779363 -0.0192599705 
89 2 1.4440691051 1.9101506146 0.1707503154 0.0044346503 -0.5711031605 -0.0920372208 0.0275175933 
90 2 0.4603982032 0.1690380313 4.9121590564e-06 0.042923562 -9.1123086895e-04 0.0851804815 -4.5918118849e-04 
91 2 1.2447986564 2.6818960032e-04 1.3920316345 0.157223871 -0.0193217082 -0.0064935204 0.467825397 
92 2 0.9791766515 0.4902861631 0.2159259109 0.2525748408 0.3253697687 -0.3519004825 -0.2335325514 
93 2 1.0426479169 2.2561152946e-04 0.2805000505 0.8063890165 -0.007955127 0.0134881674 -0.4755966357 
94 2 1.708747381 0.0597234475 0.1282820149 2.7318121497 -0.087529676 0.4039223188 -0.5919817284 
95 2 1.1341382341 0.1489221381 0.3236256318 0.8137217641 0.2195336444 -0.3481108803 -0.5131678283 
96 2 1.2320297005 0.0066423753 0.1354539428 1.375800865 -0.0299955984 -0.0955959501 0.4316916164 
97 2 1.4293662313 0.0839233454 0.0361901334 1.9229743444 0.0551107708 0.4017243333 0.2638042798 
98 2 0.6014905182 0.3367228792 0.0144783708 0.0105895934 -0.0698226231 0.0597139715 -0.0123822478 
99 2 1.3973796654 0.2834562465 1.6684319312 7.8175173621e-04 0.68769721 0.0148859804 0.0361150877 
100 2 1.2315518817 0.1085615823 1.110557727 0.2976007279 0.347223133 -0.1797442792 -0.5748937188 
101 2 1.5884219981 0.7312509135 1.0323330975 0.7595004331 0.8688466612 0.7452418302 0.8854701772 
102 2 1.3543385297 1.2767418487 0.228718185 0.3287728192 0.5403832699 0.647887349 0.2742194787 
103 2 1.3649721876 1.4679521865 0.3894921422 0.0057047443 0.756145384 0.0915111573 0.0471375974 
104 2 1.7393235313 2.4074047873 0.5896213299 0.0282202293 1.1914097584 0.2606482592 0.1289932134 
105 2 1.2612397262 1.4638046971 0.0932701151 0.0336508349 0.3694986232 0.2219419973 0.0560233634 
106 2 1.7335210384 1.7731704931 0.7034549774 0.5284697199 1.1168462782 0.968022166 0.6097168645 
107 2 0.9316290671 0.0744411578 0.00466551 0.7888260509 -0.0186361468 0.24232442 -0.060665277 
108 2 1.7143383596 0.0617846572 0.2458573776 2.6313139765 0.1232485853 -0.4032056943 -0.8043183163 
109 2 1.7022525548 0.432544596 0.6913328666 1.7737862976 -0.5468384546 -0.8759233285 1.1073738148 
110 2 1.6804818233 0.1972237214 2.5538163759 0.0729790612 0.7096993514 -0.1199716718 -0.4317118502 
111 2 1.6730875132 0.519847469 0.0157094544 2.2636649034 0.0903688005 1.08478591 0.1885760869 
112 2 0.9979852832 0.34665745 0.1220660626 0.5272511129 0.2057063684 -0.4275225448 -0.2536916778 
113 2 0.8098869453 0.0741173021 0.241458733 0.3403408292 -0.1337769406 -0.1588242552 0.2866675171 
114 2 0.9804760827 0.1195488975 0.1762615033 0.6655229479 0.1451615252 -0.2820683157 -0.342499745 
115 2 0.7797285192 0.0268992176 0.517418946 0.0636584 0.1179752721 0.0413806858 0.1814884632 
116 2 1.4852621872 0.8601036925 0.4520210862 0.893878986 -0.6235262667 -0.876828727 0.6356509657 
117 2 1.0528821259 0.1881222353 0.1016030216 0.8188355142 -0.1382526222 0.3924807859 -0.2884374498 
118 2 1.7096519133 0.1344359707 2.7071781238 0.0812955701 -0.6032761547 0.1045420914 -0.4691285421 
119 2 1.6122017596 2.320394018 0.2341546631 0.0446458326 0.7371099508 0.3218632051 0.1022449504 
120 2 1.0232277808 0.970528703 0.0604660357 0.0160003526 0.2422478549 -0.1246146119 -0.0311043067 
121 2 1.360483206 0.058446637 0.320951096 1.4715168208 0.136961718 0.2932664479 0.6872299007 
122 2 1.0394916167 0.0333055121 1.042921877 0.004315432 -0.1863734078 0.0119886477 -0.0670869471 
123 2 1.4962007309 1.4720453748 0.2189546537 0.5476165986 0.5677245681 0.8978398973 0.3462704185 
124 2 1.6367175781 0.0588137988 0.7276125338 1.892418098 -0.2068662784 0.3336169918 -1.1734339041 
125 2 1.6818648189 0.1964483181 2.077646479 0.554574472 0.6388663056 -0.3300685115 -1.0734103125 
126 2 1.6886144715 0.4066455812 0.0049205734 2.4398526786 0.0447317498 -0.9960699325 -0.109569495 
127 2 0.9412609591 0.2579897773 0.51133978 0.1166426358 -0.3632085296 -0.17347221 0.2442212516 
128 2 1.7401742987 2.7582986456 0.0183969552 0.251510989 -0.2252649477 -0.8329120123 0.0680223228 
129 2 1.1335847355 0.419890098 0.8468055387 0.018318716 -0.5962929319 -0.087703178 0.124548746 
130 2 1.2982423272 1.044018806 0.0147796395 0.6266346946 0.1242184432 0.8088376881 0.0962363492 
131 2 1.0142581342 0.8256394804 0.0080472847 0.1950327977 0.0815116923 -0.4012814197 -0.0396167194 
132 2 1.6250429216 0.4832128303 0.0045923534 2.1529593134 -0.0471071553 1.0199693933 -0.0994341491 
133 2 1.3852046283 1.8811483226 0.0077299596 0.0299135802 -0.1205869005 0.2372169495 -0.0152062739 
134 2 1.6639917181 0.0586182979 0.414406941 2.2958431992 0.1558583636 0.3668493159 0.9754042019 
135 2 0.9260176994 0.0271307341 0.6645368049 0.1658412405 0.1342734945 0.0670775268 0.3319753125 
136 2 1.0060258939 0.4301891743 0.1071659187 0.4747330063 0.2147128736 0.4519126021 0.2255553119 
137 2 1.3126528265 0.9756906741 0.7455188158 0.001847953 -0.8528749943 0.0424621064 -0.0371171619 
138 2 1.2558920387 0.9624441614 0.0034717942 0.6113488572 0.0578049139 -0.7670652764 -0.046070353 
139 2 1.0492588711 0.0217024894 0.752423588 0.3268181013 0.1277867948 -0.0842185631 -0.495888746 
140 2 1.7229603234 0.5397973506 1.6246246828 0.8041702426 0.9364657492 0.6588542831 1.1430112971 
141 2 1.5860199546 1.8445144472 0.4684132622 0.2025315869 -0.9295133293 -0.6112057249 0.3080072748 
142 2 1.4171317229 1.0042827587 1.0022366619 0.0017428994 -1.0032591887 0.0418373498 -0.0417947089 
143 2 1.5435901994 0.1967891557 1.2994023783 0.8864791696 0.5056760791 0.4176715065 1.0732628482 
144 2 1.0122293125 0.2449861786 0.0338915488 0.7457304537 -0.0911205852 0.4274267822 -0.1589778604 
145 2 1.2016707494 0.3149562198 0.0201349511 1.1089214191 0.0796343399 0.59098367 0.1494258297 
146 2 1.1389058741 0.0039937575 0.8782465504 0.4148662823 -0.0592241818 0.0407047332 -0.6036181585 
147 2 1.0736146393 0.0880962652 0.1020546374 0.962497491 -0.0948189454 -0.2911914048 0.3134123999 
148 2 1.6808946547 2.1262345345 0.4112885775 0.2878837281 -0.9351448964 0.7823735199 -0.3440977899 
149 2 1.1584487308 0.1749893785 1.1119352698 0.0550788135 0.4411086735 0.0981743722 0.2474754036 
150 2 1.0963418517 0.8828499349 0.1513665864 0.1677489346 0.3655598186 0.384833907 0.1593473677 
151 2 1.4103241893 1.2227011751 0.5067904019 0.2595227419 0.787180551 -0.5633105374 -0.3626618738 
152 2 0.9255748605 0.6341634532 0.0110823561 0.2114430131 -0.083833318 -0.3661822379 0.0484075073 
153 2 1.1852121921 0.289169171 0.5748855727 0.5406731966 0.4077243977 -0.3954061457 -0.5575170135 
154 2 1.0442728905 0.0286808528 0.1336498422 0.9281751748 -0.0619127729 0.1631589885 -0.3522079864 
155 2 1.6694462156 0.0426115559 0.4368948573 2.3075442536 -0.1364432836 -0.3135730393 1.004068831 
156 2 1.580269504 0.0553203521 2.3458902119 0.0960411414 -0.3602436294 0.0728905327 -0.4746598503 
157 2 1.5523047869 1.4032786324 0.7844952984 0.2218762208 -1.049221373 0.5579911824 -0.4172060067 
158 2 1.1062918209 0.0550377508 0.6776845192 0.4911593229 0.1931275012 0.1644150371 0.5769324654 
159 2 1.1383262925 0.0126715325 0.7721040846 0.5110111312 0.0989127999 -0.0804692124 -0.6281351619 
160 2 1.0254086304 0.0323821952 0.5785081448 0.4405725194 0.1368698785 -0.1194433142 -0.5048512562 
161 2 1.5153922166 1.2441223821 0.9443217351 0.1079694528 1.0839058107 0.3665067706 0.3193084732 
162 2 1.6904122592 0.5042767951 0.0094247564 2.3437920548 0.0689397268 -1.0871614166 -0.1486259368 
163 2 1.3238329791 0.0033463884 0.0798080174 1.6693793507 -0.0163422344 0.0747421682 -0.3650066523 
164 2 1.0760310312 0.1559658484 0.0674499415 0.9344269902 0.1025665021 -0.3817573815 -0.2510518787 
165 2 1.4838468376 0.3631751528 1.145019761 0.6936065236 -0.6448586873 -0.5018970564 0.8911751656 
166 2 1.5347234086 1.1329254455 0.9110560642 0.3113944312 -1.0159520645 0.593958479 -0.5326328801 
167 2 1.138221254 0.2568217682 0.0323355972 1.0063902575 -0.0911289485 -0.5083924916 0.1803946507 
168 2 1.0798067449 0.1163919753 0.509865097 0.539725534 -0.243606662 -0.2506386264 0.5245828931 
169 2 1.3206308166 0.3579617251 0.9803337069 0.4057703219 -0.5923866515 0.3811171007 -0.6307062104 
170 2 1.3772391856 0.6277079108 1.0179518278 0.2511280358 0.7993600034 0.3970328131 0.5056048289 
171 2 0.9776459738 0.0946655953 0.1155553617 0.7455706932 0.1045902342 0.2656687665 0.2935211936 
172 2 1.1332021696 0.4744958264 0.0114286373 0.7982226935 0.0736399395 0.6154293921 0.0955122904 
173 2 1.2278619719 0.3915434508 0.5923743075 0.5237272638 0.4816017862 0.4528376973 0.5569942326 
174 2 1.6379836403 0.7565994805 0.577675004 1.3487159216 -0.6611116456 -1.0101671969 0.8826774469 
175 2 1.0962501222 0.2184750874 0.0990910995 0.8841981435 -0.1471357762 0.4395170835 -0.2960002808 
176 2 1.4236946466 1.4627445197 0.5328264961 0.0313354309 0.8828301293 0.2140928067 0.1292143486 
177 2 1.2870561907 0.0256604116 0.1136674548 1.5171857717 0.054006978 -0.1973109509 -0.4152765888 
178 2 1.7153402503 0.4969993438 2.1548908122 0.2905020182 -1.0348813071 0.3799727785 -0.7912016999 
179 2 1.4464518969 1.8719720667 0.1896329658 0.0306180576 -0.5958083709 0.2394079127 -0.0761983798 
180 2 1.5024926035 0.5802808348 1.2702984959 0.4069046928 -0.8585626777 -0.4859207701 0.7189509157 
181 2 1.108189268 0.722890307 0.4643723281 0.0408208186 -0.5793878276 -0.171781763 0.137681003 
182 2 1.3991561344 0.4618700951 0.8880062791 0.607761514 0.6404245035 0.529817769 0.7346400756 
183 2 1.6879140048 0.3767183055 0.9900750649 1.4822603173 0.6107203949 -0.7472580512 -1.2114243599 
184 2 1.0681950456 0.0025714762 0.921283328 0.2171858513 -0.048672971 -0.0236323557 0.4473138762 
185 2 1.5024035821 1.3628958284 3.5017387745e-05 0.8942856777 0.006908332 1.1040010052 0.0055960297 
186 2 1.5422715273 0.7884512916 0.0086547539 1.5814954186 0.082606609 -1.1166611417 -0.1169933911 
187 2 1.6340361672 0.3920663754 0.4594172836 1.8185905368 -0.4244079043 -0.8443981289 0.9140524736 
188 2 0.9122254551 0.2815784365 0.5452422802 0.0053345642 -0.3918270904 -0.0387569123 0.0539317157 
189 2 1.2575627449 0.0294490503 0.394954692 1.1570603152 0.1078473022 -0.1845923276 -0.6760076926 
190 2 1.4906879883 0.5962466121 1.4838909225 0.142013144 0.9406194423 -0.2909894431 -0.4590555688 
191 2 1.3787521137 1.1458730453 0.0714271828 0.6836571629 -0.2860882443 -0.885090004 0.22097897 
192 2 1.3960665328 0.7398963371 0.087117347 1.1219880801 -0.253885419 -0.9111283503 0.3126413679 
193 2 1.4799856721 0.0554065195 0.7426099922 1.392341078 -0.2028433755 0.2777494789 -1.0168413824 
194 2 1.2232282129 0.5869375966 0.027105371 0.8822442933 -0.1261315239 0.719598739 -0.1546400947 
195 1 0.0 0.0 0.0 0.0 0.0 0.0 0.0 
196 1 0.0 0.0 0.0 0.0 0.0 0.0 0.0 
197 1 0.0 0.0 0.0 0.0 0.0 0.0 0.0 
198 1 0.0 0.0 0.0 0.0 0.0 0.0 0.0 
199 1 0.0 0.0 0.0 0.0 0.0 0.0 0.0 
200 1 0.0 0.0 0.0 0.0 0.0 0.0 0.0 
201 1 0.0 0.0 0.0 0.0 0.0 0.0 0.0 
202 1 0.0 0.0 0.0 0.0 0.0 0.0 0.0 
203 1 0.0 0.0 0.0 0.0 0.0 0.0 0.0 
204 1 0.0 0.0 0.0 0.0 0.0 0.0 0.0 
205 1 0.0 0.0 0.0 0.0 0.0 0.0 0.0 
206 1 0.0 0.0 0.0 0.0 0.0 0.0 0.0 
207 1 0.0 0.0 0.0 0.0 0.0 0.0 0.0 
208 1 0.0 0.0 0.0 0.0 0.0 0.0 0.0 
209 1 0.0 0.0 0.0 0.0 0.0 0.0 0.0 
210 1 0.0 0.0 0.0 0.0 0.0 0.0 0.0 
211 1 0.0 0.0 0.0 0.0 0.0 0.0 0.0 
212 1 0.0 0.0 0.0 0.0 0.0 0.0 0.0 
213 1 0.0 0.0 0.0 0.0 0.0 0.0 0.0 
214 1 0.0 0.0 0.0 0.0 0.0 0.0 0.0 
215 1 0.0 0.0 0.0 0.0 0.0 0.0 0.0 
216 1 0.0 0.0 0.0 0.0 0.0 0.0 0.0 
217 1 0.0 0.0 0.0 0.0 0.0 0.0 0.0 
218 1 0.0 0.0 0.0 0.0 0.0 0.0 0.0 
219 1 0.0 0.0 0.0 0.0 0.0 0.0 0.0 
220 1 0.0 0.0 0.0 0.0 0.0 0.0 0.0 
221 1 0.0 0.0 0.0 0.0 0.0 0.0 0.0 
222 1 0.0 0.0 0.0 0.0 0.0 0.0 0.0 
223 1 0.0 0.0 0.0 0.0 0.0 0.0 0.0 
224 1 0.0 0.0 0.0 0.0 0.0 0.0 0.0 
225 1 0.0 0.0 0.0 0.0 0.0 0.0 0.0 
226 1 0.0 0.0 0.0 0.0 0.0 0.0 0.0 
227 1 0.0 0.0 0.0 0.0 0.0 0.0 0.0 
228 1 0.0 0.0 0.0 0.0 0.0 0.0 0.0 
229 1 0.0 0.0 0.0 0.0 0.0 0.0 0.0 
230 1 0.0 0.0 0.0 0.0 0.0 0.0 0.0 
231 1 0.0 0.0 0.0 0.0 0.0 0.0 0.0 
232 1 0.0 0.0 0.0 0.0 0.0 0.0 0.0 
233 1 0.0 0.0 0.0 0.0 0.0 0.0 0.0 
234 1 0.0 0.0 0.0 0.0 0.0 0.0 0.0 
235 1 0.0 0.0 0.0 0.0 0.0 0.0 0.0 
236 1 0.0 0.0 0.0 0.0 0.0 0.0 0.0 
237 1 0.0 0.0 0.0 0.0 0.0 0.0 0.0 
238 1 0.0 0.0 0.0 0.0 0.0 0.0 0.0 
239 1 0.0 0.0 0.0 0.0 0.0 0.0 0.0 
240 1 0.0 0.0 0.0 0.0 0.0 0.0 0.0 
241 1 0.0 0.0 0.0 0.0 0.0 0.0 0.0 
242 1 0.0 0.0 0.0 0.0 0.0 0.0 0.0 
243 1 0.0 0.0 0.0 0.0 0.0 0.0 0.0 
244 1 0.0 0.0 0.0 0.0 0.0 0.0 0.0 
245 1 0.0 0.0 0.0 0.0 0.0 0.0 0.0 
246 1 0.0 0.0 0.0 0.0 0.0 0.0 0.0 
247 1 0.0 0.0 0.0 0.0 0.0 0.0 0.0 
248 1 0.0 0.0 0.0 0.0 0.0 0.0 0.0 
249 1 0.0 0.0 0.0 0.0 0.0 0.0 0.0 
250 1 0.0 0.0 0.0 0.0 0.0 0.0 0.0 
251 1 0.0 0.0 0.0 0.0 0.0 0.0 0.0 
252 1 0.0 0.0 0.0 0.0 0.0 0.0 0.0 
253 1 0.0 0.0 0.0 0.0 0.0 0.0 0.0 
254 1 0.0 0.0 0.0 0.0 0.0 0.0 0.0 
255 1 0.0 0.0 0.0 0.0 0.0 0.0 0.0 
256 1 0.0 0.0 0.0 0.0 0.0 0.0 0.0 
257 1 0.0 0.0 0.0 0.0 0.0 0.0 0.0 
258 1 0.0 0.0 0.0 0.0 0.0 0.0 0.0 
259 1 0.0 0.0 0.0 0.0 0.0 0.0 0.0 
260 1 0.0 0.0 0.0 0.0 0.0 0.0 0.0 
261 1 0.0 0.0 0.0 0.0 0.0 0.0 0.0 
262 1 0.0 0.0 0.0 0.0 0.0 0.0 0.0 
263 1 0.0 0.0 0.0 0.0 0.0 0.0 0.0 
264 1 0.0 0.0 0.0 0.0 0.0 0.0 0.0 
265 1 0.0 0.0 0.0 0.0 0.0 0.0 0.0 
266 1 0.0 0.0 0.0 0.0 0.0 0.0 0.0 
267 1 0.0 0.0 0.0 0.0 0.0 0.0 0.0 
268 1 0.0 0.0 0.0 0.0 0.0 0.0 0.0 
269 1 0.0 0.0 0.0 0.0 0.0 0.0 0.0 
270 1 0.0 0.0 0.0 0.0 0.0 0.0 0.0 
271 1 0.0 0.0 0.0 0.0 0.0 0.0 0.0 
272 1 0.0 0.0 0.0 0.0 0.0 0.0 0.0 
273 1 0.0 0.0 0.0 0.0 0.0 0.0 0.0 
274 1 0.0 0.0 0.0 0.0 0.0 0.0 0.0 
275 1 0.0 0.0 0.0 0.0 0.0 0.0 0.0 
276 1 0.0 0.0 0.0 0.0 0.0 0.0 0.0 
277 1 0.0 0.0 0.0 0.0 0.0 0.0 0.0 
278 1 0.0 0.0 0.0 0.0 0.0 0.0 0.0 
279 1 0.0 0.0 0.0 0.0 0.0 0.0 0.0 
280 1 0.0 0.0 0.0 0.0 0.0 0.0 0.0 
281 1 0.0 0.0 0.0 0.0 0.0 0.0 0.0 
282 1 0.0 0.0 0.0 0.0 0.0 0.0 0.0 
283 1 0.0 0.0 0.0 0.0 0.0 0.0 0.0 
284 1 0.0 0.0 0.0 0.0 0.0 0.0 0.0 
285 1 0.0 0.0 0.0 0.0 0.0 0.0 0.0 
286 1 0.0 0.0 0.0 0.0 0.0 0.0 0.0 
287 1 0.0 0.0 0.0 0.0 0.0 0.0 0.0 
288 1 0.0 0.0 0.0 0.0 0.0 0.0 0.0 
289 1 0.0 0.0 0.0 0.0 0.0 0.0 0.0 
290 1 0.0 0.0 0.0 0.0 0.0 0.0 0.0 
291 1 0.0 0.0 0.0 0.0 0.0 0.0 0.0 
292 1 0.0 0.0 0.0 0.0 0.0 0.0 0.0 
293 1 0.0 0.0 0.0 0.0 0.0 0.0 0.0 
294 1 0.0 0.0 0.0 0.0 0.0 0.0 0.0 
295 1 0.0 0.0 0.0 0.0 0.0 0.0 0.0 
296 1 0.0 0.0 0.0 0.0 0.0 0.0 0.0 
297 1 0.0 0.0 0.0 0.0 0.0 0.0 0.0 
298 1 0.0 0.0 0.0 0.0 0.0 0.0 0.0 
299 1 0.0 0.0 0.0 0.0 0.0 0.0 0.0 
300 1 0.0 0.0 0.0 0.0 0.0 0.0 0.0 
301 1 0.0 0.0 0.0 0.0 0.0 0.0 0.0 
302 1 0.0 0.0 0.0 0.0 0.0 0.0 0.0 
303 1 0.0 0.0 0.0 0.0 0.0 0.0 0.0 
304 1 0.0 0.0 0.0 0.0 0.0 0.0 0.0 
305 1 0.0 0.0 0.0 0.0 0.0 0.0 0.0 
306 1 0.0 0.0 0.0 0.0 0.0 0.0 0.0 
307 1 0.0 0.0 0.0 0.0 0.0 0.0 0.0 
308 1 0.0 0.0 0.0 0.0 0.0 0.0 0.0 
309 1 0.0 0.0 0.0 0.0 0.0 0.0 0.0 
310 1 0.0 0.0 0.0 0.0 0.0 0.0 0.0 
311 1 0.0 0.0 0.0 0.0 0.0 0.0 0.0 
312 1 0.0 0.0 0.0 0.0 0.0 0.0 0.0 
313 1 0.0 0.0 0.0 0.0 0.0 0.0 0.0 
314 1 0.0 0.0 0.0 0.0 0.0 0.0 0.0 
315 1 0.0 0.0 0.0 0.0 0.0 0.0 0.0 
316 1 0.0 0.0 0.0 0.0 0.0 0.0 0.0 
317 1 0.0 0.0 0.0 0.0 0.0 0.0 0.0 
318 1 0.0 0.0 0.0 0.0 0.0 0.0 0.0 
319 1 0.0 0.0 0.0 0.0 0.0 0.0 0.0 
320 1 0.0 0.0 0.0 0.0 0.0 0.0 0.0 
321 1 0.0 0.0 0.0 0.0 0.0 0.0 0.0 
322 1 0.0 0.0 0.0 0.0 0.0 0.0 0.0 
323 1 0.0 0.0 0.0 0.0 0.0 0.0 0.0 
324 1 0.0 0.0 0.0 0.0 0.0 0.0 0.0 
325 1 0.0 0.0 0.0 0.0 0.0 0.0 0.0 
326 1 0.0 0.0 0.0 0.0 0.0 0.0 0.0 
327 1 0.0 0.0 0.0 0.0 0.0 0.0 0.0 
328 1 0.0 0.0 0.0 0.0 0.0 0.0 0.0 
329 1 0.0 0.0 0.0 0.0 0.0 0.0 0.0 
330 1 0.0 0.0 0.0 0.0 0.0 0.0 0.0 
331 1 0.0 0.0 0.0 0.0 0.0 0.0 0.0 
332 1 0.0 0.0 0.0 0.0 0.0 0.0 0.0 
333 1 0.0 0.0 0.0 0.0 0.0 0.0 0.0 
334 1 0.0 0.0 0.0 0.0 0.0 0.0 0.0 
335 1 0.0 0.0 0.0 0.0 0.0 0.0 0.0 
336 1 0.0 0.0 0.0 0.0 0.0 0.0 0.0 
337 1 0.0 0.0 0.0 0.0 0.0 0.0 0.0 
338 1 0.0 0.0 0.0 0.0 0.0 0.0 0.0 
339 1 0.0 0.0 0.0 0.0 0.0 0.0 0.0 
340 1 0.0 0.0 0.0 0.0 0.0 0.0 0.0 
341 1 0.0 0.0 0.0 0.0 0.0 0.0 0.0 
342 1 0.0 0.0 0.0 0.0 0.0 0.0 0.0 
343 1 0.0 0.0 0.0 0.0 0.0 0.0 0.0 
344 1 0.0 0.0 0.0 0.0 0.0 0.0 0.0 
345 1 0.0 0.0 0.0 0.0 0.0 0.0 0.0 
346 1 0.0 0.0 0.0 0.0 0.0 0.0 0.0 
347 1 0.0 0.0 0.0 0.0 0.0 0.0 0.0 
348 1 0.0 0.0 0.0 0.0 0.0 0.0 0.0 
349 1 0.0 0.0 0.0 0.0 0.0 0.0 0.0 
350 1 0.0 0.0 0.0 0.0 0.0 0.0 0.0 
351 1 0.0 0.0 0.0 0.0 0.0 0.0 0.0 
352 1 0.0 0.0 0.0 0.0 0.0 0.0 0.0 
353 1 0.0 0.0 0.0 0.0 0.0 0.0 0.0 
354 1 0.0 0.0 0.0 0.0 0.0 0.0 0.0 
355 1 0.0 0.0 0.0 0.0 0.0 0.0 0.0 
356 1 0.0 0.0 0.0 0.0 0.0 0.0 0.0 
357 1 0.0 0.0 0.0 0.0 0.0 0.0 0.0 
358 1 0.0 0.0 0.0 0.0 0.0 0.0 0.0 
359 1 0.0 0.0 0.0 0.0 0.0 0.0 0.0 
360 1 0.0 0.0 0.0 0.0 0.0 0.0 0.0 
361 1 0.0 0.0 0.0 0.0 0.0 0.0 0.0 
362 1 0.0 0.0 0.0 0.0 0.0 0.0 0.0 
363 1 0.0 0.0 0.0 0.0 0.0 0.0 0.0 
364 1 0.0 0.0 0.0 0.0 0.0 0.0 0.0 
365 1 0.0 0.0 0.0 0.0 0.0 0.0 0.0 
366 1 0.0 0.0 0.0 0.0 0.0 0.0 0.0 
367 1 0.0 0.0 0.0 0.0 0.0 0.0 0.0 
368 1 0.0 0.0 0.0 0.0 0.0 0.0 0.0 
369 1 0.0 0.0 0.0 0.0 0.0 0.0 0.0 
370 1 0.0 0.0 0.0 0.0 0.0 0.0 0.0 
371 1 0.0 0.0 0.0 0.0 0.0 0.0 0.0 
372 1 0.0 0.0 0.0 0.0 0.0 0.0 0.0 
373 1 0.0 0.0 0.0 0.0 0.0 0.0 0.0 
374 1 0.0 0.0 0.0 0.0 0.0 0.0 0.0 
375 1 0.0 0.0 0.0 0.0 0.0 0.0 0.0 
376 1 0.0 0.0 0.0 0.0 0.0 0.0 0.0 
377 1 0.0 0.0 0.0 0.0 0.0 0.0 0.0 
378 1 0.0 0.0 0.0 0.0 0.0 0.0 0.0 
379 1 0.0 0.0 0.0 0.0 0.0 0.0 0.0 
380 1 0.0 0.0 0.0 0.0 0.0 0.0 0.0 
381 1 0.0 0.0 0.0 0.0 0.0 0.0 0.0 
382 1 0.0 0.0 0.0 0.0 0.0 0.0 0.0 
383 1 0.0 0.0 0.0 0.0 0.0 0.0 0.0 
384 1 0.0 0.0 0.0 0.0 0.0 0.0 0.0 
385 1 0.0 0.0 0.0 0.0 0.0 0.0 0.0 
386 1 0.0 0.0 0.0 0.0 0.0 0.0 0.0 
387 1 0.0 0.0 0.0 0.0 0.0 0.0 0.0 
388 1 0.0 0.0 0.0 0.0 0.0 0.0 0.0 
389 1 0.0 0.0 0.0 0.0 0.0 0.0 0.0 
390 1 0.0 0.0 0.0 0.0 0.0 0.0 0.0 
391 1 0.0 0.0 0.0 0.0 0.0 0.0 0.0 
392 1 0.0 0.0 0.0 0.0 0.0 0.0 0.0 
393 1 0.0 0.0 0.0 0.0 0.0 0.0 0.0 
394 1 0.0 0.0 0.0 0.0 0.0 0.0 0.0 
395 1 0.0 0.0 0.0 0.0 0.0 0.0 0.0 
396 1 0.0 0.0 0.0 0.0 0.0 0.0 0.0 
397 1 0.0 0.0 0.0 0.0 0.0 0.0 0.0 
398 1 0.0 0.0 0.0 0.0 0.0 0.0 0.0 
399 1 0.0 0.0 0.0 0.0 0.0 0.0 0.0 
400 1 0.0 0.0 0.0 0.0 0.0 0.0 0.0 
401 1 0.0 0.0 0.0 0.0 0.0 0.0 0.0 
402 1 0.0 0.0 0.0 0.0 0.0 0.0 0.0 
403 1 0.0 0.0 0.0 0.0 0.0 0.0 0.0 
404 1 0.0 0.0 0.0 0.0 0.0 0.0 0.0 
405 1 0.0 0.0 0.0 0.0 0.0 0.0 0.0 
406 1 0.0 0.0 0.0 0.0 0.0 0.0 0.0 
407 1 0.0 0.0 0.0 0.0 0.0 0.0 0.0 
408 1 0.0 0.0 0.0 0.0 0.0 0.0 0.0 
409 1 0.0 0.0 0.0 0.0 0.0 0.0 0.0 
410 1 0.0 0.0 0.0 0.0 0.0 0.0 0.0 
411 1 0.0 0.0 0.0 0.0 0.0 0.0 0.0 
412 1 0.0 0.0 0.0 0.0 0.0 0.0 0.0 
413 1 0.0 0.0 0.0 0.0 0.0 0.0 0.0 
414 1 0.0 0.0 0.0 0.0 0.0 0.0 0.0 
415 1 0.0 0.0 0.0 0.0 0.0 0.0 0.0 
416 1 0.0 0.0 0.0 0.0 0.0 0.0 0.0 
417 1 0.0 0.0 0.0 0.0 0.0 0.0 0.0 
418 1 0.0 0.0 0.0 0.0 0.0 0.0 0.0 
419 1 0.0 0.0 0.0 0.0 0.0 0.0 0.0 
420 1 0.0 0.0 0.0 0.0 0.0 0.0 0.0 
421 1 0.0 0.0 0.0 0.0 0.0 0.0 0.0 
422 1 0.0 0.0 0.0 0.0 0.0 0.0 0.0 
423 1 0.0 0.0 0.0 0.0 0.0 0.0 0.0 
424 1 0.0 0.0 0.0 0.0 0.0 0.0 0.0 
425 1 0.0 0.0 0.0 0.0 0.0 0.0 0.0 
426 1 0.0 0.0 0.0 0.0 0.0 0.0 0.0 
427 1 0.0 0.0 0.0 0.0 0.0 0.0 0.0 
428 1 0.0 0.0 0.0 0.0 0.0 0.0 0.0 
429 1 0.0 0.0 0.0 0.0 0.0 0.0 0.0 
430 1 0.0 0.0 0.0 0.0 0.0 0.0 0.0 
431 1 0.0 0.0 0.0 0.0 0.0 0.0 0.0 
432 1 0.0 0.0 0.0 0.0 0.0 0.0 0.0 
433 1 0.0 0.0 0.0 0.0 0.0 0.0 0.0 
434 1 0.0 0.0 0.0 0.0 0.0 0.0 0.0 
435 1 0.0 0.0 0.0 0.0 0.0 0.0 0.0 
436 1 0.0 0.0 0.0 0.0 0.0 0.0 0.0 
437 1 0.0 0.0 0.0 0.0 0.0 0.0 0.0 
438 1 0.0 0.0 0.0 0.0 0.0 0.0 0.0 
439 1 0.0 0.0 0.0 0.0 0.0 0.0 0.0 
440 1 0.0 0.0 0.0 0.0 0.0 0.0 0.0 
441 1 0.0 0.0 0.0 0.0 0.0 0.0 0.0 
442 1 0.0 0.0 0.0 0.0 0.0 0.0 0.0 
443 1 0.0 0.0 0.0 0.0 0.0 0.0 0.0 
444 1 0.0 0.0 0.0 0.0 0.0 0.0 0.0 
445 1 0.0 0.0 0.0 0.0 0.0 0.0 0.0 
446 1 0.0 0.0 0.0 0.0 0.0 0.0 0.0 
447 1 0.0 0.0 0.0 0.0 0.0 0.0 0.0 
448 1 0.0 0.0 0.0 0.0 0.0 0.0 0.0 
449 1 0.0 0.0 0.0 0.0 0.0 0.0 0.0 
450 1 0.0 0.0 0.0 0.0 0.0 0.0 0.0 
451 1 0.0 0.0 0.0 0.0 0.0 0.0 0.0 
452 1 0.0 0.0 0.0 0.0 0.0 0.0 0.0 
453 1 0.0 0.0 0.0 0.0 0.0 0.0 0.0 
454 1 0.0 0.0 0.0 0.0 0.0 0.0 0.0 
455 1 0.0 0.0 0.0 0.0 0.0 0.0 0.0 
456 1 0.0 0.0 0.0 0.0 0.0 0.0 0.0 
457 1 0.0 0.0 0.0 0.0 0.0 0.0 0.0 
458 1 0.0 0.0 0.0 0.0 0.0 0.0 0.0 
459 1 0.0 0.0 0.0 0.0 0.0 0.0 0.0 
460 1 0.0 0.0 0.0 0.0 0.0 0.0 0.0 
461 1 0.0 0.0 0.0 0.0 0.0 0.0 0.0 
462 1 0.0 0.0 0.0 0.0 0.0 0.0 0.0 
463 1 0.0 0.0 0.0 0.0 0.0 0.0 0.0 
464 1 0.0 0.0 0.0 0.0 0.0 0.0 0.0 
465 1 0.0 0.0 0.0 0.0 0.0 0.0 0.0 
466 1 0.0 0.0 0.0 0.0 0.0 0.0 0.0 
467 1 0.0 0.0 0.0 0.0 0.0 0.0 0.0 
468 1 0.0 0.0 0.0 0.0 0.0 0.0 0.0 
469 1 0.0 0.0 0.0 0.0 0.0 0.0 0.0 
470 1 0.0 0.0 0.0 0.0 0.0 0.0 0.0 
471 1 0.0 0.0 0.0 0.0 0.0 0.0 0.0 
472 1 0.0 0.0 0.0 0.0 0.0 0.0 0.0 
473 1 0.0 0.0 0.0 0.0 0.0 0.0 0.0 
474 1 0.0 0.0 0.0 0.0 0.0 0.0 0.0 
475 1 0.0 0.0 0.0 0.0 0.0 0.0 0.0 
476 1 0.0 0.0 0.0 0.0 0.0 0.0 0.0 
477 1 0.0 0.0 0.0 0.0 0.0 0.0 0.0 
478 1 0.0 0.0 0.0 0.0 0.0 0.0 0.0 
479 1 0.0 0.0 0.0 0.0 0.0 0.0 0.0 
480 1 0.0 0.0 0.0 0.0 0.0 0.0 0.0 
481 1 0.0 0.0 0.0 0.0 0.0 0.0 0.0 
482 1 0.0 0.0 0.0 0.0 0.0 0.0 0.0 
483 1 0.0 0.0 0.0 0.0 0.0 0.0 0.0 
484 1 0.0 0.0 0.0 0.0 0.0 0.0 0.0 
485 1 0.0 0.0 0.0 0.0 0.0 0.0 0.0 
486 1 0.0 0.0 0.0 0.0 0.0 0.0 0.0 
487 1 0.0 0.0 0.0 0.0 0.0 0.0 0.0 
488 1 0.0 0.0 0.0 0.0 0.0 0.0 0.0 
489 1 0.0 0.0 0.0 0.0 0.0 0.0 0.0 
490 1 0.0 0.0 0.0 0.0 0.0 0.0 0.0 
491 1 0.0 0.0 0.0 0.0 0.0 0.0 0.0 
492 1 0.0 0.0 0.0 0.0 0.0 0.0 0.0 
493 1 0.0 0.0 0.0 0.0 0.0 0.0 0.0 
494 1 0.0 0.0 0.0 0.0 0.0 0.0 0.0 
495 1 0.0 0.0 0.0 0.0 0.0 0.0 0.0 
496 1 0.0 0.0 0.0 0.0 0.0 0.0 0.0 
497 1 0.0 0.0 0.0 0.0 0.0 0.0 0.0 
498 1 0.0 0.0 0.0 0.0 0.0 0.0 0.0 
499 1 0.0 0.0 0.0 0.0 0.0 0.0 0.0 
500 1 0.0 0.0 0.0 0.0 0.0 0.0 0.0 
501 1 0.0 0.0 0.0 0.0 0.0 0.0 0.0 
502 1 0.0 0.0 0.0 0.0 0.0 0.0 0.0 
503 1 0.0 0.0 0.0 0.0 0.0 0.0 0.0 
504 1 0.0 0.0 0.0 0.0 0.0 0.0 0.0 
505 1 0.0 0.0 0.0 0.0 0.0 0.0 0.0 
506 1 0.0 0.0 0.0 0.0 0.0 0.0 0.0 
507 1 0.0 0.0 0.0 0.0 0.0 0.0 0.0 
508 1 0.0 0.0 0.0 0.0 0.0 0.0 0.0 
509 1 0.0 0.0 0.0 0.0 0.0 0.0 0.0 
510 1 0.0 0.0 0.0 0.0 0.0 0.0 0.0 
511 1 0.0 0.0 0.0 0.0 0.0 0.0 0.0 
512 1 0.0 0.0 0.0 0.0 0.0 0.0 0.0 
513 1 0.0 0.0 0.0 0.0 0.0 0.0 0.0 
514 1 0.0 0.0 0.0 0.0 0.0 0.0 0.0 
515 1 0.0 0.0 0.0 0.0 0.0 0.0 0.0 
516 1 0.0 0.0 0.0 0.0 0.0 0.0 0.0 
517 1 0.0 0.0 0.0 0.0 0.0 0.0 0.0 
518 1 0.0 0.0 0.0 0.0 0.0 0.0 0.0 
519 1 0.0 0.0 0.0 0.0 0.0 0.0 0.0 
520 1 0.0 0.0 0.0 0.0 0.0 0.0 0.0 
521 1 0.0 0.0 0.0 0.0 0.0 0.0 0.0 
522 1 0.0 0.0 0.0 0.0 0.0 0.0 0.0 
523 1 0.0 0.0 0.0 0.0 0.0 0.0 0.0 
524 1 0.0 0.0 0.0 0.0 0.0 0.0 0.0 
525 1 0.0 0.0 0.0 0.0 0.0 0.0 0.0 
526 1 0.0 0.0 0.0 0.0 0.0 0.0 0.0 
527 1 0.0 0.0 0.0 0.0 0.0 0.0 0.0 
528 1 0.0 0.0 0.0 0.0 0.0 0.0 0.0 
529 1 0.0 0.0 0.0 0.0 0.0 0.0 0.0 
530 1 0.0 0.0 0.0 0.0 0.0 0.0 0.0 
531 1 0.0 0.0 0.0 0.0 0.0 0.0 0.0 
532 1 0.0 0.0 0.0 0.0 0.0 0.0 0.0 
533 1 0.0 0.0 0.0 0.0 0.0 0.0 0.0 
534 1 0.0 0.0 0.0 0.0 0.0 0.0 0.0 
535 1 0.0 0.0 0.0 0.0 0.0 0.0 0.0 
536 1 0.0 0.0 0.0 0.0 0.0 0.0 0.0 
537 1 0.0 0.0 0.0 0.0 0.0 0.0 0.0 
538 1 0.0 0.0 0.0 0.0 0.0 0.0 0.0 
539 1 0.0 0.0 0.0 0.0 0.0 0.0 0.0 
540 1 0.0 0.0 0.0 0.0 0.0 0.0 0.0 
541 1 0.0 0.0 0.0 0.0 0.0 0.0 0.0 
542 1 0.0 0.0 0.0 0.0 0.0 0.0 0.0 
543 1 0.0 0.0 0.0 0.0 0.0 0.0 0.0 
544 1 0.0 0.0 0.0 0.0 0.0 0.0 0.0 
545 1 0.0 0.0 0.0 0.0 0.0 0.0 0.0 
546 1 0.0 0.0 0.0 0.0 0.0 0.0 0.0 
547 1 0.0 0.0 0.0 0.0 0.0 0.0 0.0 
548 1 0.0 0.0 0.0 0.0 0.0 0.0 0.0 
549 1 0.0 0.0 0.0 0.0 0.0 0.0 0.0 
550 1 0.0 0.0 0.0 0.0 0.0 0.0 0.0 
551 1 0.0 0.0 0.0 0.0 0.0 0.0 0.0 
552 1 0.0 0.0 0.0 0.0 0.0 0.0 0.0 
553 1 0.0 0.0 0.0 0.0 0.0 0.0 0.0 
554 1 0.0 0.0 0.0 0.0 0.0 0.0 0.0 
555 1 0.0 0.0 0.0 0.0 0.0 0.0 0.0 
556 1 0.0 0.0 0.0 0.0 0.0 0.0 0.0 
557 1 0.0 0.0 0.0 0.0 0.0 0.0 0.0 
558 1 0.0 0.0 0.0 0.0 0.0 0.0 0.0 
559 1 0.0 0.0 0.0 0.0 0.0 0.0 0.0 
560 1 0.0 0.0 0.0 0.0 0.0 0.0 0.0 
561 1 0.0 0.0 0.0 0.0 0.0 0.0 0.0 
562 1 0.0 0.0 0.0 0.0 0.0 0.0 0.0 
563 1 0.0 0.0 0.0 0.0 0.0 0.0 0.0 
564 1 0.0 0.0 0.0 0.0 0.0 0.0 0.0 
565 1 0.0 0.0 0.0 0.0 0.0 0.0 0.0 
566 1 0.0 0.0 0.0 0.0 0.0 0.0 0.0 
567 1 0.0 0.0 0.0 0.0 0.0 0.0 0.0 
568 1 0.0 0.0 0.0 0.0 0.0 0.0 0.0 
569 1 0.0 0.0 0.0 0.0 0.0 0.0 0.0 
570 1 0.0 0.0 0.0 0.0 0.0 0.0 0.0 
571 1 0.0 0.0 0.0 0.0 0.0 0.0 0.0 
572 1 0.0 0.0 0.0 0.0 0.0 0.0 0.0 
573 1 0.0 0.0 0.0 0.0 0.0 0.0 0.0 
574 1 0.0 0.0 0.0 0.0 0.0 0.0 0.0 
575 1 0.0 0.0 0.0 0.0 0.0 0.0 0.0 
576 1 0.0 0.0 0.0 0.0 0.0 0.0 0.0 
577 1 0.0 0.0 0.0 0.0 0.0 0.0 0.0 
578 1 0.0 0.0 0.0 0.0 0.0 0.0 0.0 
579 1 0.0 0.0 0.0 0.0 0.0 0.0 0.0 
580 1 0.0 0.0 0.0 0.0 0.0 0.0 0.0 
581 1 0.0 0.0 0.0 0.0 0.0 0.0 0.0 
582 1 0.0 0.0 0.0 0.0 0.0 0.0 0.0 
583 1 0.0 0.0 0.0 0.0 0.0 0.0 0.0 
584 1 0.0 0.0 0.0 0.0 0.0 0.0 0.0 
585 1 0.0 0.0 0.0 0.0 0.0 0.0 0.0 
586 1 0.0 0.0 0.0 0.0 0.0 0.0 0.0 
587 1 0.0 0.0 0.0 0.0 0.0 0.0 0.0 
588 1 0.0 0.0 0.0 0.0 0.0 0.0 0.0 
589 1 0.0 0.0 0.0 0.0 0.0 0.0 0.0 
590 1 0.0 0.0 0.0 0.0 0.0 0.0 0.0 
591 1 0.0 0.0 0.0 0.0 0.0 0.0 0.0 
592 1 0.0 0.0 0.0 0.0 0.0 0.0 0.0 
593 1 0.0 0.0 0.0 0.0 0.0 0.0 0.0 
594 1 0.0 0.0 0.0 0.0 0.0 0.0 0.0 
595 1 0.0 0.0 0.0 0.0 0.0 0.0 0.0 
596 1 0.0 0.0 0.0 0.0 0.0 0.0 0.0 
597 1 0.0 0.0 0.0 0.0 0.0 0.0 0.0 
598 1 0.0 0.0 0.0 0.0 0.0 0.0 0.0 
599 1 0.0 0.0 0.0 0.0 0.0 0.0 0.0 
600 1 0.0 0.0 0.0 0.0 0.0 0.0 0.0 
601 1 0.0 0.0 0.0 0.0 0.0 0.0 0.0 
602 1 0.0 0.0 0.0 0.0 0.0 0.0 0.0 
603 1 0.0 0.0 0.0 0.0 0.0 0.0 0.0 
604 1 0.0 0.0 0.0 0.0 0.0 0.0 0.0 
605 1 0.0 0.0 0.0 0.0 0.0 0.0 0.0 
606 1 0.0 0.0 0.0 0.0 0.0 0.0 0.0 
607 1 0.0 0.0 0.0 0.0 0.0 0.0 0.0 
608 1 0.0 0.0 0.0 0.0 0.0 0.0 0.0 
609 1 0.0 0.0 0.0 0.0 0.0 0.0 0.0 
610 1 0.0 0.0 0.0 0.0 0.0 0.0 0.0 
611 1 0.0 0.0 0.0 0.0 0.0 0.0 0.0 
612 1 0.0 0.0 0.0 0.0 0.0 0.0 0.0 
613 1 0.0 0.0 0.0 0.0 0.0 0.0 0.0 
614 1 0.0 0.0 0.0 0.0 0.0 0.0 0.0 
615 1 0.0 0.0 0.0 0.0 0.0 0.0 0.0 
616 1 0.0 0.0 0.0 0.0 0.0 0.0 0.0 
617 1 0.0 0.0 0.0 0.0 0.0 0.0 0.0 
618 1 0.0 0.0 0.0 0.0 0.0 0.0 0.0 
619 1 0.0 0.0 0.0 0.0 0.0 0.0 0.0 
620 1 0.0 0.0 0.0 0.0 0.0 0.0 0.0 
621 1 0.0 0.0 0.0 0.0 0.0 0.0 0.0 
622 1 0.0 0.0 0.0 0.0 0.0 0.0 0.0 
623 1 0.0 0.0 0.0 0.0 0.0 0.0 0.0 
624 1 0.0 0.0 0.0 0.0 0.0 0.0 0.0 
625 1 0.0 0.0 0.0 0.0 0.0 0.0 0.0 
626 1 0.0 0.0 0.0 0.0 0.0 0.0 0.0 
627 1 0.0 0.0 0.0 0.0 0.0 0.0 0.0 
628 1 0.0 0.0 0.0 0.0 0.0 0.0 0.0 
