# Cluster list (46 data points):
# "Cluster Identifier" "Cluster Size" "Radius of Gyration" "Gyration Tensor.XX" "Gyration Tensor.YY" "Gyration Tensor.ZZ" "Gyration Tensor.XY" "Gyration Tensor.XZ" "Gyration Tensor.YZ"
1 73 4.1486580413 4.6549596777 4.7015414833 7.8548623825 -0.8088626648 2.8304718592 -0.5802745095 
2 54 3.5073382538 4.20955021 3.1949117437 4.8969596732 -0.3395461635 0.4993629788 0.0022793015 
3 48 3.3582952168 3.4642010021 3.2635540057 4.5503917554 0.119517754 -0.3064929528 0.5005856208 
4 45 3.3193183422 3.9170590666 2.8045889736 4.2962262165 -0.5088133729 -0.7620728772 0.3795744544 
5 37 3.2489102815 2.8813972403 3.3122388177 4.3617819593 -0.7052732762 -1.1280408389 0.9153802324 
6 36 3.0252296365 3.2241681309 2.8336658549 3.0941803676 -0.1609789323 -0.0298875057 -0.1584538754 
7 36 3.080930504 3.9274231238 2.9073625743 2.6573470725 -0.2730955857 0.1459297748 -0.5141636244 
8 35 3.0142293292 2.9384505144 2.4307372944 3.7163906404 -0.2963191975 -0.0100512501 0.0026255178 
9 34 2.9807036503 2.7878271672 2.6091027724 3.4876643111 -0.2000168477 -0.1451635549 -0.4050151625 
10 32 2.9576831709 3.5611144028 2.7114867182 2.4752886182 0.2562032188 0.6081403559 0.4545837322 
11 31 2.9012887013 2.4039010809 3.3855266279 2.6280484194 0.1126130935 0.2180757998 0.5444159382 
12 30 2.8483524845 3.0025350458 2.6401570334 2.4704197969 -0.0582690256 -0.2265894594 0.0120046777 
13 29 2.8123111684 2.8511568164 2.5401569574 2.5177803343 -0.0096196044 0.0299344627 -0.0237128114 
14 29 2.8578328552 2.2911471123 2.9945463938 2.8815151222 0.1349619128 0.3260911709 0.6729387521 
15 27 2.7436020603 2.4430768369 2.3756231716 2.708652257 -0.0552395868 0.1850833581 -0.0973371214 
16 26 2.7458495984 2.9227511944 2.1608727465 2.4560660761 0.6450035044 0.2744221773 0.0838918815 
17 25 2.6790481211 2.0541634779 2.4111663712 2.711968986 0.1186407625 0.0405997102 -0.1558716808 
18 23 2.636680343 2.6769772363 2.6169891238 1.6581168713 0.3960407293 -0.5981475062 0.0859528598 
19 22 2.5722967366 1.7481167641 2.3071501311 2.5614436061 0.0097159947 -0.261505735 -0.1776420693 
20 22 2.6280358806 3.1988749667 1.758671268 1.9490263552 -0.5009534763 0.3399809743 -0.419405496 
21 21 2.5481611902 1.6423401046 2.2283075032 2.6224778436 0.2418381877 -0.2210441509 0.5131116165 
22 21 2.5772864422 2.3756303091 1.9851947141 2.2815803819 -0.3732474544 -0.051471864 -0.0438424817 
23 21 2.5435845936 1.9222450663 2.6833988707 1.8641786478 -0.2586181065 -0.4658413838 0.1123245858 
24 20 2.4917808717 2.4163715463 1.447540012 2.3450603544 0.027418617 0.5163567743 -0.1810963595 
25 18 2.4722167091 1.9656173328 1.6295526161 2.516685508 -0.0641698609 0.6249168977 -0.454999829 
26 18 2.4278079293 1.835681786 1.9034191377 2.155150418 0.3477189902 0.3234298645 -0.2960325146 
27 17 2.335229641 2.0421695125 1.6745789334 1.7365490301 0.0940816293 -0.0415448976 -0.0488756083 
28 16 2.3412359414 1.4110729066 2.3019641238 1.768348703 0.3892910423 0.2173210929 0.3596643636 
29 16 2.3215020992 1.6125986728 1.6133067541 2.1634665697 -0.3295110888 -0.35312354 0.3128444962 
30 15 2.259337874 1.2115198661 2.0895254228 1.8035623398 0.0226508042 -0.0052352545 -0.1473035599 
31 14 2.1924106185 1.3744565339 1.7083202696 1.7238875166 -0.1499362888 -0.1101845607 0.3289712208 
32 13 2.0589062856 1.443987784 1.3957747837 1.399332525 -0.0152622079 0.024391328 -0.0174879699 
33 12 2.1962281714 1.7081272285 0.8597159628 2.2555749894 -0.0959603603 0.3401790879 -0.4284117168 
34 12 2.0580437049 1.4310242905 1.3076622487 1.4968573519 0.2267538462 -0.0715949828 0.0431266981 
35 11 2.0294684435 1.6831013025 1.4599898071 0.9756510535 0.0708604034 0.0029669771 -0.0947016247 
36 9 1.9144207423 1.1808357307 1.3705052707 1.1136657771 0.2219319121 -0.2678804711 0.200811488 
37 8 1.8301246275 1.1819705021 1.1237243556 1.0436612946 -0.3419613504 -0.1724772517 0.2585272478 
38 7 1.7626444948 0.9287410402 0.7664126534 1.4117619213 -0.4079952221 0.0832192174 0.0779280492 
39 7 1.7577691845 0.6987609664 1.1113464004 1.2796451391 0.4577382934 0.1049362577 -0.1145713125 
40 6 1.6230882415 0.8977317598 0.8777805851 0.8589030948 -0.038959381 -0.0419094205 -0.0351183917 
41 6 1.609261349 0.8923871251 0.8216335242 0.87570144 -0.01109442 0.0256214345 -0.0253628759 
42 5 1.5286078722 0.5372079813 0.8854188203 0.9140152255 -0.1011993097 -0.1604661566 0.4321576223 
43 5 1.5527129658 0.6723075378 0.8730009586 0.8656090578 0.2162851841 -0.2222930472 -0.3020916576 
44 4 1.388122764 0.6918394518 0.6536789595 0.5813663966 0.0156408157 0.0079522204 0.0077274957 
45 3 1.3073414203 0.3734162337 0.7601499741 0.5755753815 0.2432613402 -0.3567134556 0.1434980067 
46 1 0.0 0.0 0.0 0.0 0.0 0.0 0.0 
