# Cluster list (48 data points):
# "Cluster Identifier" "Cluster Size" "Radius of Gyration" "Gyration Tensor.XX" "Gyration Tensor.YY" "Gyration Tensor.ZZ" "Gyration Tensor.XY" "Gyration Tensor.XZ" "Gyration Tensor.YZ"
1 54 3.5112151856 4.1786885688 3.1688424117 4.981101099 -0.2111557857 0.4663316269 0.0030496241 
2 48 3.3592735652 3.6371357753 3.1755894232 4.4719936872 0.1070708379 -0.4983157708 0.2735451044 
3 45 3.3267938519 4.0908452318 2.7559361099 4.2207759913 -0.4955263185 -0.8829161091 0.1665024496 
4 37 3.1038671608 2.750970621 4.198458308 2.6845624227 -0.2677193434 0.0606803583 0.3919169202 
5 37 3.2491740196 2.6432726419 3.2140711709 4.699787997 -0.5732403813 -1.0297814706 1.0509489381 
6 36 3.034861228 3.1467396747 2.9993385142 3.0643044843 -0.202567508 -0.072417425 -0.2358583116 
7 36 3.0663192816 3.7851372319 2.6614796724 2.9556970322 -0.237608727 0.3150550199 -0.5333667233 
8 35 3.0115933578 2.8797490724 2.5040661938 3.6858792866 -0.3556804981 0.0040907088 0.0587386934 
9 34 2.9800142244 2.9643963756 2.6273292461 3.2887591559 -0.0607685165 -0.1925031104 -0.4988619833 
10 32 2.9518177305 3.4662899255 2.4191190671 2.8278189217 0.2508783932 0.4586813093 0.4781209636 
11 31 2.9961346831 2.8816748702 3.4752842029 2.6198639663 -1.0362692275 0.9102399278 -0.51079909 
12 31 2.8968867035 2.5230036667 3.5508230027 2.3181259038 0.1993378207 0.1038095615 0.3473059491 
13 30 2.846873688 2.8963836875 2.7217039271 2.4866021807 0.1562990585 -0.254635225 -0.0515651736 
14 29 2.8083321849 2.5860767181 2.794082506 2.5065704367 -0.2322894523 -0.1232287509 0.0358584275 
15 29 2.8347547901 2.3316111212 3.0053280591 2.6988955399 0.1408720088 0.1650373934 0.7143616828 
16 27 2.7405656585 2.2652433999 2.596993883 2.6484628455 -0.0542984633 -0.0878517299 -0.2710379926 
17 26 2.7383953403 3.0504222216 1.8593226437 2.5890641746 0.3792249347 0.4100924603 0.0989119177 
18 25 2.6851871423 2.2274699899 2.1973993786 2.7853606206 0.2069431917 -0.0938604253 0.0297968131 
19 23 2.6522972178 1.7471249398 2.8119977322 2.4755578596 0.6154116677 -0.3904975794 -0.068498472 
20 22 2.5969567339 2.601393221 2.0472217728 2.0955692837 -0.8548130535 0.1734959079 -0.2596669762 
21 22 2.5650119111 2.0561158823 2.2565774118 2.26659281 0.0900538066 -0.5492761548 0.1238234545 
22 21 2.5485204707 1.7221701181 2.3746464454 2.3981400259 0.2147010193 -0.3030074717 0.5769675143 
23 21 2.5772306841 2.517193789 1.8272973014 2.2976269084 -0.1600376884 -0.0506146569 -0.1824010173 
24 21 2.5456501438 1.604173203 2.3959799471 2.4801815044 -0.2008118124 -0.3876460159 0.367331499 
25 20 2.4879158855 2.0610335659 1.625182902 2.5035089853 0.0092783755 0.4937787217 0.3983304927 
26 18 2.4682821954 1.6195519043 2.186591715 2.2862733768 0.0132402102 0.3130762211 -0.7421196012 
27 18 2.4128745929 1.7992702996 1.89126271 2.1314307917 0.3059105969 0.3559010681 -0.238103524 
28 17 2.3398273476 2.0695102783 1.6996725582 1.70560918 0.1348448796 -0.0309069707 0.0597925953 
29 16 2.3199656105 1.3965112633 2.4173789859 1.5683501848 0.3975585722 -0.0433521842 0.0108726749 
30 16 2.3128053792 1.6477612337 1.8357598896 1.8655475986 -0.3776334025 -0.396224431 0.2455580054 
31 15 2.2677139317 1.4561905408 2.0299715933 1.656364342 -0.1755064545 -0.1957796788 -0.1750194954 
32 14 2.19488826 1.3594744081 1.6103308733 1.8477291925 -0.0901553214 -0.0963030088 0.3786819369 
33 13 2.0718700375 1.3866667021 1.4743211066 1.4316576436 0.0292056762 0.0081918354 -0.0377718576 
34 12 2.1781358477 1.8033975843 1.3956770204 1.5452011663 -0.0475734302 0.7387705031 -0.3779548455 
35 12 2.0674941775 1.5627388502 1.346214498 1.3655788257 -0.1271417619 0.0472124717 0.1878882298 
36 11 2.0449947378 1.4065218972 1.3142598668 1.4612217135 -0.1833141757 -0.3784300144 -0.1102808265 
37 9 1.8816396829 1.1057860784 1.1572130435 1.2775687743 -0.2311360263 -0.1345935173 -0.173171289 
38 8 1.8455662214 1.173697678 0.89298637 1.3394306295 0.0421622114 0.4420916322 0.0578976095 
39 7 1.7299358031 1.2306303256 0.993158428 0.7688891293 -0.15236394 -0.1562483984 -0.3884959264 
40 7 1.7297280313 1.2113876519 1.0844161453 0.6961552652 0.1154866407 0.2093851131 -0.3593437096 
41 6 1.5915990654 0.8419508731 0.8155545281 0.8756821839 -2.2866371456e-04 0.0095578022 -0.0145222469 
42 6 1.5934071462 0.8443911803 0.8582357982 0.836319355 -0.0068928524 -0.016939919 -0.0323228108 
43 5 1.4986454616 0.4853350958 1.1318962624 0.6287068612 0.1039022777 0.0731289713 0.2148837713 
44 5 1.5661855966 0.9435023176 0.7127337149 0.7967012906 0.2708731911 -0.253348518 -0.2590665319 
45 5 1.5530205909 1.2284880136 0.6266045744 0.5567803678 0.3154495728 0.0667976511 0.0684656701 
46 4 1.4080858563 0.648017647 0.5991968855 0.7354912461 0.0428474374 -0.0237500421 -0.0575726026 
47 3 1.3639547239 0.6617200054 0.6323625355 0.566289948 0.3461115544 -0.2007049291 0.3726286494 
48 1 0.0 0.0 0.0 0.0 0.0 0.0 0.0 
