# Cluster list (48 data points):
# "Cluster Identifier" "Cluster Size" "Radius of Gyration" "Gyration Tensor.XX" "Gyration Tensor.YY" "Gyration Tensor.ZZ" "Gyration Tensor.XY" "Gyration Tensor.XZ" "Gyration Tensor.YZ"
1 54 3.5010402248 4.2133666231 3.1435551592 4.9003608735 -0.3293462228 0.4718314103 -0.2839121642 
2 48 3.3615411524 3.7766468985 3.2607312374 4.2625807834 -0.0282118562 -0.5638675327 0.4508368588 
3 45 3.32052621 4.1788001599 2.7513854068 4.0957087445 -0.4938829253 -0.7806829584 0.2963498654 
4 37 3.1197366306 2.7192784321 4.3362071021 2.67727111 -0.3743230065 0.0342008428 0.4347023611 
5 37 3.2304973614 2.5327893087 3.3594951498 4.5438287434 -0.4828697157 -0.8331492739 1.1474567603 
6 36 3.0352375808 3.0864934917 2.9496816656 3.1764920148 -0.2214282271 -0.1000039587 -0.1917902904 
7 36 3.0790076089 3.8798327045 2.6301757613 2.9702793898 0.0214031223 0.419531066 -0.4571429127 
8 35 3.012159076 2.8160781298 2.5488383074 3.7081858622 -0.3565124102 -0.1054834619 -0.0027006333 
9 34 2.9955404737 2.948111883 2.6382730809 3.3868777655 -0.0552629057 -0.2302231371 -0.5012160919 
10 32 2.9565040951 3.5224407523 2.4490707602 2.7694049517 0.3080100374 0.496788044 0.4819682429 
11 31 2.9974497031 3.2174188346 3.3014202476 2.4658656404 -1.0537257783 0.9475832666 -0.4808577595 
12 31 2.9082307392 2.6411533868 3.4726612079 2.3439914377 0.463182411 0.0638166523 0.3791486876 
13 30 2.8666337493 3.0402123657 2.6769423176 2.5004343695 0.0964024257 -0.2789237348 -0.1072622509 
14 29 2.8086460486 2.6753516859 2.7504662652 2.4626746754 -0.1289005833 -0.0818231943 0.0999249373 
15 29 2.8371538663 2.3336235576 3.1507627944 2.5650557092 0.1309508371 0.1424900823 0.6535275068 
16 27 2.7407311702 2.3166321703 2.5280637419 2.6669114351 0.0707981164 -0.014560021 -0.3144221179 
17 26 2.7351912504 3.1088276728 1.8025034524 2.569940051 0.213302214 0.4106630918 0.1177394489 
18 25 2.6774854325 2.3977959395 2.0789081367 2.6922241651 0.1456084127 -0.1293513839 0.1531912514 
19 23 2.6519953272 2.0016702858 2.7021366098 2.32927232 0.6604625936 -0.5154245355 0.0035348221 
20 22 2.6224837982 2.4767306497 2.356318617 2.0443720049 -1.0097481116 0.1713147095 -0.300141328 
21 22 2.5706032007 1.972259071 2.2376948391 2.3980469054 0.0677543881 -0.5187039078 0.1053108229 
22 21 2.5458992679 1.8569951254 2.3526377093 2.2719702474 0.2943205315 -0.2172165578 0.6094535924 
23 21 2.5750170631 2.4683990035 1.8191691407 2.3431447312 -0.2209936784 -0.0655899974 -0.1951213903 
24 21 2.5440939945 1.5413441163 2.4752459993 2.4558241373 -0.0169500803 -0.2503490788 0.3730793756 
25 20 2.4849526074 1.8184777045 1.5897662364 2.7667455201 -0.1362868513 0.1979669242 0.1857440601 
26 18 2.4532484071 1.6475946737 2.2740845428 2.0967485307 0.1407498101 0.1382749984 -0.7335907713 
27 18 2.4328119713 1.822052051 2.0906292099 2.0058928266 0.2290889573 0.4359103304 -0.2310446278 
28 17 2.32881135 1.8911114586 1.7956341666 1.7366166788 0.1549326681 -0.0984667459 -0.1257564865 
29 16 2.3082804513 1.3254007681 2.3618366716 1.6409212022 0.1750045422 -0.1319239802 -0.1446049301 
30 16 2.3120946754 1.6111629247 2.0729917065 1.661627157 -0.3485088189 -0.3691812541 0.2138504685 
31 15 2.26610854 1.5843966791 1.8744933927 1.676357843 -0.1728024241 -0.1435797124 -0.3548831878 
32 14 2.1651825862 1.3275108412 1.4517588026 1.9087459877 -0.0256925274 0.0073553716 0.2701195636 
33 13 2.0813320345 1.4660397405 1.4521925611 1.4137107363 0.0025700062 0.0031757728 -0.0455757125 
34 12 2.1814276507 1.2045297801 1.5792081288 1.9748886862 0.0292648771 0.6937882121 -0.2188712349 
35 12 2.0455561847 1.4801771247 1.2609025018 1.4432204783 -0.1121057004 0.0969223902 0.1870631304 
36 11 2.0319372303 1.5694462811 1.439076744 1.1202458826 -0.0250892738 -0.2519897726 -0.1355438129 
37 9 1.8775920701 1.0118933762 1.3688324043 1.1446262012 -0.0071975554 -0.253027348 0.0073219018 
38 8 1.8204548837 0.9481256515 1.0730961146 1.2928342176 0.108833076 0.1639532462 0.3761625673 
39 7 1.7484591371 1.1079282833 0.9082346862 1.0409463848 -0.2310783602 -0.243373902 -0.3665126415 
40 7 1.7492699512 0.9338531228 1.1376055055 0.988486734 0.3006335048 0.3587501153 -0.2030330371 
41 6 1.6143581662 0.8761299802 0.875434758 0.8545875507 -0.0708353475 0.0107923265 0.1017989426 
42 6 1.613377841 0.7367419503 1.016882048 0.8493640595 0.0479148769 -0.0050811539 0.008918785 
43 5 1.5699003279 0.5357425646 1.4653271385 0.4635173364 -0.212172367 -0.0071346566 -0.0228843972 
44 5 1.5439146163 0.6284041112 0.662832035 1.0924361964 0.1272117813 -0.2407348215 -0.2844495777 
45 5 1.5491417145 0.9640402103 0.501625983 0.9341738582 0.0704737322 0.428678952 0.0439465288 
46 4 1.3964013517 0.6767449551 0.6005452403 0.6726465396 0.0721386879 -0.0018502521 0.0351599436 
47 3 1.3712909212 0.1332132365 0.7331512522 1.0140743019 0.2909950446 0.1248492272 -0.0230073559 
48 1 0.0 0.0 0.0 0.0 0.0 0.0 0.0 
