# Cluster list (46 data points):
# "Cluster Identifier" "Cluster Size" "Radius of Gyration" "Gyration Tensor.XX" "Gyration Tensor.YY" "Gyration Tensor.ZZ" "Gyration Tensor.XY" "Gyration Tensor.XZ" "Gyration Tensor.YZ"
1 73 4.0591888279 4.85699791 4.4764928858 7.1435231446 -0.7433332273 2.4573884426 -0.2015238472 
2 54 3.5082599395 4.2455814179 3.2260078877 4.8362984976 -0.3755535005 0.5072888633 0.041905867 
3 48 3.3641565394 3.6011011845 3.313059119 4.403388918 0.0965258703 -0.3624190798 0.5941700847 
4 45 3.3142191746 4.0243610647 2.7922416978 4.1674459745 -0.4493317287 -0.7829342724 0.4635757632 
5 37 3.2496609727 2.8423468756 3.2372140839 4.4807354778 -0.7578525107 -1.0872996685 1.0992124636 
6 36 3.0454951583 3.1492153523 2.9349613873 3.1908640194 -0.2331478894 -0.1009718395 -0.1516606051 
7 36 3.0890608266 3.9318916414 3.0405053258 2.5698998231 -0.2722126532 0.1491574408 -0.5253510222 
8 35 3.019481689 2.9007384931 2.4307958932 3.785735284 -0.3115145733 -0.0709601077 0.0425958046 
9 34 2.9819983348 2.6715770505 2.6497084765 3.571028542 -0.2236736557 -0.0842472473 -0.4161005187 
10 32 2.9596182268 3.5988233371 2.6907152341 2.4698014774 0.1833526428 0.5582378084 0.3599308651 
11 31 2.9102445652 2.4912111214 3.3303914203 2.6479208878 0.3176705886 0.2643694984 0.5961075617 
12 30 2.8413351723 3.0126781907 2.6551937239 2.405313647 -0.0212015358 -0.2302973352 0.0128916127 
13 29 2.8109449514 2.8696241811 2.5480605557 2.4837267833 -0.03009089 -0.0166414142 -0.0626465678 
14 29 2.8565497518 2.3341571325 3.0075522617 2.8181670901 0.1228332598 0.3123628666 0.6275124751 
15 27 2.7479777477 2.3747598137 2.3622270687 2.8143948197 -0.0178702865 0.2162459254 -0.0300759153 
16 26 2.7477530151 2.8398283988 2.2673360975 2.4429821355 0.7030402455 0.2886847942 0.1548509635 
17 25 2.68114331 2.0247305735 2.4889767762 2.6748220989 0.1615202871 0.046929397 -0.2011942603 
18 23 2.6405880925 2.6267975562 2.7138273787 1.6320805393 0.4334971516 -0.5613015701 -7.87022352e-04 
19 22 2.569233945 1.711616112 2.1897334129 2.6996135395 -0.0317521914 -0.280246628 -0.1592640041 
20 22 2.62567876 3.0993494558 1.8468873987 1.9479520961 -0.4959924537 0.1344825896 -0.4005716594 
21 21 2.5367806096 1.7364535764 2.2289956909 2.4698065941 0.1833949418 -0.3089945403 0.527423306 
22 21 2.5853163158 2.3744837869 1.9277828032 2.3815938625 -0.3886663862 -0.1351431462 -0.0694405044 
23 21 2.5490729944 1.872465917 2.8885758474 1.7367313663 -0.1941119262 -0.3608917334 -0.059618146 
24 20 2.4979850248 2.4483305746 1.5252573912 2.2663412181 0.0405665128 0.4836300048 -0.2271275018 
25 18 2.4722564368 2.0543924977 1.6177302594 2.4399291323 -0.0992498506 0.6287417898 -0.4061114737 
26 18 2.426580358 1.6859919522 1.9680675651 2.2342327165 0.2821132286 0.3682121931 -0.1620162176 
27 17 2.3383713227 2.1091497138 1.6617738867 1.6970568424 0.1093446016 0.0898036569 0.089101838 
28 16 2.315684287 1.6001265116 1.8110146474 1.9512525581 0.4491827257 0.2606925519 0.2432740164 
29 16 2.307665601 1.7487355493 1.561424728 2.0151602489 -0.3479981844 -0.3969123974 0.2787651445 
30 15 2.2636267224 1.2517514307 2.0602984905 1.8119560173 0.0629321041 -0.0795701251 -0.1548932418 
31 14 2.1843525249 1.4118019605 1.7763187216 1.583275271 -0.1912836524 -0.1774422425 0.3662068649 
32 13 2.0626043252 1.4146569282 1.428287255 1.411392419 0.0163582739 -0.0216883902 -0.0217999953 
33 12 2.1655096901 1.6729666732 0.9979011785 2.0185643662 -0.3529471645 0.2992384127 -0.4555900522 
34 12 2.0639658287 1.2883503579 1.4725538832 1.499050701 0.2050670415 -0.0595411966 0.0941187771 
35 11 2.0370942816 1.7057653403 1.4064609127 1.037526859 0.0589374015 0.1038512933 -0.0241890298 
36 9 1.8903925864 1.4025310954 1.3335459028 0.8375071325 0.0246006364 -0.1450210599 0.0480452798 
37 8 1.8204216985 1.0024154859 1.0783589498 1.2331607245 -0.1703569081 -0.2595853397 0.3674729732 
38 7 1.7492524997 1.0115387585 0.7242793012 1.3240662479 -0.3892446543 0.2495373304 0.2054679155 
39 7 1.7378804684 0.7626890169 1.045407265 1.2121322407 0.4350937072 0.1896596348 -0.1170041537 
40 6 1.6011249818 0.8285884268 0.8533033734 0.8817094073 0.0152349259 0.0048638064 -0.0504874844 
41 6 1.5986925235 0.8860178171 0.7974984287 0.8723015389 -0.0042339413 -0.0196680321 0.012117605 
42 5 1.5229463616 0.5989530303 0.5836417889 1.1367708009 0.0241305192 -0.0882054367 0.2558901229 
43 5 1.5713276665 0.808928176 0.9156201798 0.7445222798 0.3209764969 -0.2878836796 -0.3001641949 
44 4 1.4226306124 0.6497267027 0.7280123972 0.6461387596 -0.0470204821 0.1099081136 -0.055523099 
45 3 1.3178033124 0.7805026666 0.3896300049 0.5664728988 0.2712612244 -0.1988179135 0.3212242103 
46 1 0.0 0.0 0.0 0.0 0.0 0.0 0.0 
