# Cluster list (256 data points):
# "Cluster Identifier" "Cluster Size" "Radius of Gyration" "Gyration Tensor.XX" "Gyration Tensor.YY" "Gyration Tensor.ZZ" "Gyration Tensor.XY" "Gyration Tensor.XZ" "Gyration Tensor.YZ"
1 30 4.8549669836 12.0152169266 4.0584813856 7.4970060992 -1.9708753672 0.316096607 2.15084984 
2 25 4.9550540293 11.3561342515 6.5267136261 6.6697125553 -2.1891452897 4.7449414663 -3.5221998215 
3 25 6.5598795156 7.3589186724 5.0017132701 30.671387316 -3.9876631964 4.7103392688 -8.9494581887 
4 25 4.7396060515 5.8609640257 5.7295018883 10.8733996094 -0.9287043652 4.8773252301 -0.1890084593 
5 24 5.7030621003 3.6430767539 3.6359855418 25.2458550244 1.25979884 -5.0111714516 0.0310760464 
6 24 4.8198158785 9.6325044559 8.766265187 4.8318554592 -2.4037145753 0.2853817293 -4.1103117269 
7 22 5.1644121272 12.2473519852 8.6241681869 5.7996324475 6.6450269273 -0.4718303373 0.1774540654 
8 20 6.6647411514 33.6003440093 7.4281409657 3.39028964 -14.378885432 2.6958486302 -0.7714159951 
9 20 3.4069880855 2.9894667399 5.5077039848 3.1103970899 -0.2695225209 -0.2562552233 -2.4683972122 
10 19 4.5286587206 2.5183536042 7.6314036466 10.3589925572 1.9842030313 0.739256892 4.2173287155 
11 19 4.7798995314 12.1670035953 7.8913640121 2.789071923 6.6379488883 -1.7362008973 -1.0696945901 
12 18 4.9564099378 15.5950244247 6.5309628438 2.4400122029 5.5424291535 -3.3374923778 -1.9110307981 
13 16 4.0068399918 3.7454808215 5.5514307232 6.7578551755 -0.5521638419 -1.8973676736 4.4473488714 
14 16 4.298335606 7.3039021132 9.7188366844 1.4529501841 -0.5841207329 1.4766448083 0.0697426273 
15 16 5.3824840048 16.75347986 7.3835010757 4.8341531263 -6.9882588708 5.8716545119 -3.4604093293 
16 15 4.2031772884 8.9723609711 6.2062694219 2.4880689251 5.5362306198 -1.8761116192 -2.7737626123 
17 13 3.6090289371 3.5276273201 4.5618064328 4.9356561161 -1.9397586324 -2.4274521787 1.5889707934 
18 13 3.7588144901 3.0991543289 8.0912540558 2.938277986 -0.1210833743 -0.7572510756 2.7161289796 
19 12 4.2270006543 10.9305400163 3.7208308172 3.2161636976 -3.6894911507 4.9536765224 -2.0572704466 
20 12 2.9641100433 1.455137389 2.3558094963 4.9750014634 -0.0911917912 -0.2665850438 -0.8350314963 
21 12 2.9819603599 3.0935033321 2.3290786301 3.4695056256 0.5799576034 -1.5138482475 0.1683622001 
22 11 2.499177596 2.3746428595 2.0150580719 1.8561877248 -0.2847771973 0.0976504805 -0.9951301524 
23 11 2.6418894608 2.7454938102 1.7490354168 2.4850506963 0.5516523281 -0.6681994398 0.8512483764 
24 11 4.3914816853 1.5028292087 2.2581082731 15.5241739105 -0.1419959869 1.6998750246 -2.7962635303 
25 10 2.8637950064 2.2462725206 4.2313845994 1.7236647186 -0.5070390401 0.4026855289 0.5972814822 
26 10 3.5428794442 3.5835053175 2.0741289314 6.8943605072 1.1715234988 2.8423481449 -0.1160170008 
27 10 2.5926770719 3.1668283911 1.944008375 1.6111376333 -0.5647899858 0.148408233 -0.8090541511 
28 10 2.7185211298 2.1112058961 2.9594077675 2.3197434696 1.4724194568 0.9926492156 1.6278263069 
29 10 3.1455960386 5.8872255383 3.0224241637 0.9851247361 -2.447380534 -0.5057608361 -0.4229901329 
30 9 3.4971872931 1.8586592849 3.2038561659 7.1678035122 0.7177875868 2.3786730627 1.3424735218 
31 9 3.2371917667 3.3386060245 2.3085582513 4.8322462583 -1.2561386966 2.2940364698 -2.6596493696 
32 9 2.2401718901 1.9777972821 1.1240336929 1.9165391223 -0.2729148983 -0.1624614688 0.3910369361 
33 8 2.4224309102 1.0373586931 3.1213186953 1.7094941262 -0.0100590601 0.4946527114 1.0818083301 
34 8 3.0644317094 5.2487571976 1.857718342 2.2842661622 -1.4553079046 2.9076106393 -0.8495433903 
35 8 2.9199855879 5.848470543 1.0997777628 1.5780675278 1.5452114674 0.5628267842 0.1754306994 
36 7 2.7170997631 2.3537465845 2.2116522035 2.8172323347 0.7316500074 -1.7367910365 -1.7546197358 
37 7 2.2822708727 1.6029133466 2.4135956893 1.1922513003 0.4417612622 -1.0424213914 -0.6445789749 
38 7 2.7620853993 3.4761818964 1.757822685 2.3951111717 2.2014514029 -1.5510478411 -1.4077988291 
39 7 2.8615006017 1.1002269933 4.0806067343 3.0073519662 -0.3226228995 0.6499369458 -2.8006027381 
40 7 3.3289471739 6.1424512007 0.7512203454 4.1882177403 -0.973217846 4.1621664407 -0.0918966113 
41 6 2.4789991727 4.2660510228 0.80846862 1.0709172554 1.310923986 -0.6686286841 -0.3298884479 
42 6 2.3546749521 2.6545818836 0.7193290039 2.1705832426 0.5800116311 -1.7681261517 -0.0385337658 
43 6 3.2629733903 0.42052757 7.7706356917 2.4558320841 -0.107182919 -0.3330754619 3.5448097059 
44 6 3.0649878119 6.7282375246 0.9743942206 1.6915185419 0.2019770312 1.677526495 -0.7069333259 
45 6 2.1302401188 1.9143695272 1.6956513723 0.9279020642 0.3406529961 -0.2211269064 -0.4038239644 
46 6 2.3361147991 2.1111481076 1.021929991 2.3243542559 0.6485258375 -0.5012844216 0.6527047324 
47 6 3.0327023066 2.1557393192 2.5247466783 4.5167972831 1.8721781146 2.4342852779 2.4980731466 
48 6 2.597844592 1.3858217552 2.9253943623 2.4375804069 1.465303851 0.021845762 -0.2642589759 
49 6 2.5973838206 1.5017300684 1.1743028323 4.070369811 -0.9748123352 0.4616069257 0.8560898077 
50 6 2.5523465802 1.5865133088 1.4525598151 3.4753999416 0.0803849136 -0.5457127906 1.7106804935 
51 6 2.4711759284 1.1608794302 4.4335484321 0.5122826068 -0.4505567729 -0.1209074659 0.5933071512 
52 5 2.0024552646 0.2975839792 2.2023225826 1.5099205248 -0.1264579151 -0.2434627545 -0.0104152834 
53 5 2.2766996589 0.5330136998 3.3608435244 1.2895041126 -0.2512371625 0.0111333824 -0.1940496388 
54 5 2.3141752126 1.4637350105 3.1151699874 0.7765019167 0.2242337721 -0.0479629346 1.0355752203 
55 5 2.0481363108 0.9190504581 1.5947143353 1.681097554 0.1994996519 0.5040479611 0.7134421736 
56 5 2.0946291019 1.446455101 1.4044599385 1.536556035 -1.3185768094 0.2760355383 -0.081321441 
57 5 2.0149512535 1.3368684629 0.8494926776 1.8736674134 0.0904293755 -0.8750608917 0.5793075735 
58 5 1.9427014408 1.6823440227 1.0278926431 1.0638522221 -0.2811788504 0.0809006576 0.4566415854 
59 5 2.8296528693 1.9795227764 3.8022486422 2.2251639424 -1.3906121297 1.3881164653 -2.7880224024 
60 5 1.771140541 1.00444561 1.1568638576 0.9756293483 -0.2201944592 0.0970949789 0.1169258871 
61 5 2.3710579814 2.3265283783 1.8205859913 1.4748015815 0.0054790207 -1.5847470543 0.669876751 
62 5 2.253055439 1.379290467 2.5459913998 1.1509769445 0.7980599739 0.0660131691 -0.2673345138 
63 4 1.8675297094 0.7893633686 1.5611078169 1.1371960298 0.0412147638 -0.9237410229 -0.0799252028 
64 4 1.7367842485 0.5140665289 1.7680162146 0.7343367823 -0.0099738398 0.1114293548 -0.4226921593 
65 4 2.8066942846 5.0048305272 0.6937700341 2.1789322458 -1.3129087593 2.7904536987 -0.7320912185 
66 4 1.9134429934 2.2586519868 0.2152588023 1.1873532998 -0.2370323492 -0.0955611837 0.2382976499 
67 4 2.3345283492 0.7312914526 3.5990864656 1.119644695 -0.3248076272 -0.4553128294 -0.1755484141 
68 4 2.4586511375 4.8256876903 0.3704488039 0.8488289216 1.0086719601 1.4606665755 0.547708512 
69 3 1.7202212811 0.4621305487 2.3002673855 0.1967633216 0.4327868082 -0.3015288814 -0.2889990381 
70 3 1.9504692651 0.2787451773 3.2854885983 0.2400965783 0.9236621505 -0.0969770617 -0.1059651484 
71 3 1.4451068431 0.3743062881 1.311197912 0.4028295879 0.2226054919 0.3862390633 0.1586938429 
72 3 2.0806182922 1.7182666815 2.0911140308 0.5195917655 -0.7908757777 0.7041960442 0.3074961072 
73 3 1.779326342 0.2117914979 2.4738384333 0.4803723001 0.1302567168 0.1626773744 1.0224264336 
74 3 2.0705228149 0.148599833 1.7397489901 2.3987159038 0.1467653122 -0.1567618287 -2.0420802941 
75 3 2.0270550945 1.5257270872 0.1854875039 2.3977377649 -0.0843028912 1.7548460841 -0.3588796482 
76 3 1.4470267364 1.1321873574 0.2024893593 0.759209659 -0.4784156639 -0.1651847905 0.0542100319 
77 3 2.2107742262 0.7906154484 0.25628968 3.8406175509 0.3758924722 1.6368334838 0.5910022722 
78 3 1.4229053217 0.4959122359 0.4098971601 1.1188501584 -0.3318377845 0.0444896093 0.4278600544 
79 3 1.7645128542 0.6672409529 1.0855572864 1.3607073733 0.0946638214 0.9447790782 -0.0228165493 
80 3 1.6190283519 1.0057840152 0.4391796425 1.1762891465 -0.0726721372 -0.7217113636 -0.4823682143 
81 3 1.2569825056 0.3763224435 0.9650820605 0.2386005153 -0.1258653086 -0.2851747902 -0.0487181171 
82 3 1.5042818755 1.3291446107 0.6601350361 0.2735843141 -0.6432169056 0.075216754 0.2701258254 
83 3 1.7735779077 0.0478266314 2.8650188827 0.2327330805 0.146632814 0.1038428865 0.1858980752 
84 3 1.9806732892 0.1113417148 3.0361778226 0.7755471411 0.0069517645 -0.1518431675 -1.3231504323 
85 3 2.0705511571 1.5145581252 1.1756711277 1.5969528411 0.9626057339 -1.528031098 -1.1477990413 
86 3 1.9273527375 1.1685904118 1.7886275364 0.7574706266 1.1627912713 -0.1066107212 -0.7933082563 
87 3 1.8189101219 0.9191043686 1.8677656242 0.5215640388 0.6455391793 -0.3160802174 0.5421593086 
88 3 1.7997541292 1.5187513228 0.5387294528 1.1816341499 -0.6912492866 0.7296155351 0.0995044829 
89 3 1.7216302014 0.3232194459 1.2845208365 1.3562702679 -0.2549500909 -0.2097385487 -0.9843256904 
90 3 1.9094257188 0.6074232534 0.2770684303 2.7614148917 0.3982666741 -0.3254007808 -0.0102910654 
91 3 1.6501843848 1.4965959391 1.0376051109 0.1889074539 -0.439771641 0.4748814612 0.0467948918 
92 2 1.5941368878 0.9913850212 1.0771065638 0.4727808319 -1.033357302 0.6846224033 -0.713607271 
93 2 1.0753858603 0.0084217645 0.1269710104 1.0210619737 0.0327004579 0.0927315668 0.3600628702 
94 2 1.2175372985 0.0372132393 1.1434467139 0.3017371201 0.2062798007 -0.1059651624 -0.5873843022 
95 2 1.2952201107 0.238163465 1.4206125736 0.0188190966 -0.5816683015 -0.0669478996 0.1635073249 
96 2 1.2252809659 0.0061306659 1.0679568122 0.4272259673 0.0809153037 0.0511779215 0.6754693791 
97 2 1.2083730524 1.3677823762 0.019716426 0.0726666315 0.1642186959 -0.3152651866 -0.0378513707 
98 2 1.0324280251 0.8587704522 0.1679677407 0.0391694341 -0.3797969624 -0.1834054323 0.0811122762 
99 2 1.6958546421 1.6879678735 0.0230852891 1.1648698046 -0.1974011811 1.4022349329 -0.1639858414 
100 2 1.087699559 0.4216624505 0.0310150783 0.7304128018 -0.1143586198 0.554966352 -0.1505118276 
101 2 1.2086924057 0.61265447 0.00613595 0.8421469117 0.0613124555 0.7182931643 0.0718844305 
102 2 1.4028799496 1.8879980636 0.0777874196 0.0022866699 -0.3832264311 -0.0657056191 0.0133369469 
103 2 1.1121035437 1.0447741321 0.1677590903 0.0242410695 -0.4186530281 -0.1591428364 0.0637703675 
104 2 1.3671262726 1.5478918273 0.0517447344 0.2693976835 -0.2830110447 -0.645754189 0.1180674027 
105 2 1.1751841952 0.0521322555 0.0648772847 1.2640483524 -0.0581566778 0.2567054569 -0.2863704329 
106 2 1.0794136146 0.4782542858 0.6362856174 0.0505938483 -0.5516396682 -0.1555529645 0.1794216764 
107 2 1.4428991181 1.0904137704 0.2327754947 0.7587685999 -0.5038071108 0.9095997636 -0.4202650785 
108 2 1.2615764713 0.2050719205 0.8588208278 0.5276824446 -0.4196665778 -0.3289572196 0.6731899241 
109 2 1.4083955238 0.0436912121 1.8723818018 0.0675049376 -0.2860185839 -0.0543081259 0.3555207684 
110 2 1.0727352342 0.3444155046 0.0020967748 0.8042486034 -0.0268730671 0.5263037988 -0.0410649262 
111 2 1.4397255747 1.6664806514 0.2007731788 0.2055559003 0.5784328983 -0.5852819241 -0.2031504652 
112 2 1.3438300811 0.00363297 1.4984654477 0.3037808692 0.0737826543 0.0332208789 0.6746889181 
113 2 1.1850957496 0.2003095912 0.7891581154 0.4149842291 -0.39758765 -0.288314622 0.572265823 
114 2 1.5079856084 1.1517853354 1.0559812177 0.066254042 1.1028434527 0.2762434326 0.2645052438 
115 2 1.3683381931 0.0030389757 1.4141318169 0.4551786181 -0.0655554135 -0.0371924288 0.8022983025 
116 2 1.6689007256 0.5289407369 2.2368407103 0.0194481848 1.0877298256 -0.1014245395 -0.2085725091 
117 2 1.2150278587 0.6582406371 0.0647306496 0.7533214106 0.206417887 0.7041780778 0.2208234234 
118 2 1.4956852047 1.5964086906 0.2293384311 0.4113271098 -0.6050767427 -0.8103370735 0.307136963 
119 2 1.3204376444 0.0769354262 1.6578653604 0.0087547861 -0.3571394379 0.0259529034 -0.1204751283 
120 2 1.2501775194 0.0034994818 1.3469994314 0.2124449168 0.0686571188 0.0272662266 0.5349422231 
121 2 1.3896030164 0.3842875235 0.1973055729 1.3494034468 -0.2753580759 0.7201103449 -0.5159891667 
122 2 1.3695844627 0.3204963408 0.3017113206 1.2535539391 -0.3109620141 -0.6338449735 0.6149889547 
123 2 1.5972559209 0.7242705116 0.2982258833 1.5287300821 -0.4647539274 -1.0522424239 0.675208767 
124 2 1.4085929016 0.0030406846 0.5829034513 1.3981898266 -0.0421001844 -0.0652031765 0.9027788631 
125 2 1.4587422974 1.8672003765 0.1746189609 0.0861097529 0.5710066458 -0.4009790058 -0.1226229814 
126 2 1.2448953516 0.3377254103 0.0258198425 1.1862191837 0.0933810308 -0.6329426203 -0.1750085499 
127 2 1.148024428 1.1491871243 0.1171927527 0.0515802103 -0.3669828368 0.2434652205 -0.0777484845 
128 2 1.1909119356 0.0226979442 0.5092279087 0.8863453856 -0.1075101234 -0.1418387044 0.6718272152 
129 2 1.2016469731 0.6474498381 0.7396055607 0.056900049 -0.6919953039 -0.191937301 0.2051428591 
130 2 1.2334050671 0.7982793554 0.0054330886 0.7175756155 0.0658568332 -0.7568525615 -0.0624391856 
131 2 1.1095185253 0.1765314667 0.9230471741 0.1314527171 0.4036667828 0.1523336501 0.348334694 
132 2 1.087618209 0.1052470828 0.0737543101 1.0039119758 -0.0881046309 -0.3250520064 0.2721081314 
133 2 1.6632852866 0.302995954 0.3443542222 2.1191677683 0.3230138326 -0.8013109632 -0.8542507644 
134 2 1.1247332183 0.0718273901 1.1888395357 0.0043578865 0.2922177974 0.0176922472 0.0719779669 
135 2 1.2369972096 0.2513225835 0.4858389497 0.7930005633 0.3494313953 -0.4464291101 -0.6207016681 
136 2 1.6586574156 0.4978226079 1.9563170013 0.2970048132 0.986863127 -0.3845201043 -0.7622568894 
137 2 1.1586210483 0.9334141224 0.1426629415 0.2663256696 -0.3649158867 0.4985901535 -0.1949225575 
138 2 1.4273642634 0.9732199313 0.6036763127 0.4604724963 -0.7664918914 -0.6694333508 0.5272346144 
139 2 1.6411695593 0.1725639182 2.4961225144 0.0247510898 0.6563083737 -0.0653539979 -0.2485593543 
140 2 1.2450522808 0.0405854127 0.4090171509 1.1005526185 0.1288414912 0.2113442268 0.6709283839 
141 2 1.3499400382 1.0849270602 0.3612082493 0.3762027972 0.6260068722 0.638868214 0.3686292904 
142 2 1.5330996556 0.0254031874 0.1609127054 2.1640786614 -0.063935089 -0.2344664063 0.5901082545 
143 2 1.1713163813 0.7756654427 0.4723782129 0.1239384096 -0.6053159965 0.3100560294 -0.2419624029 
144 2 1.5752534769 1.5883739197 0.8807597385 0.0122898581 -1.1827830732 -0.139717179 0.1040404355 
145 2 1.2285984964 0.0199173994 1.2350417227 0.2544951434 -0.1568401073 0.0711960773 -0.5606354612 
146 2 1.5334558482 0.2037410656 0.4495571953 1.6981885774 0.3026437873 -0.5882097843 -0.8737464701 
147 2 1.6630304968 0.1604772688 2.6032395295 0.001953635 -0.6463441574 0.0177063269 -0.071314654 
148 1 0.0 0.0 0.0 0.0 0.0 0.0 0.0 
149 1 0.0 0.0 0.0 0.0 0.0 0.0 0.0 
150 1 0.0 0.0 0.0 0.0 0.0 0.0 0.0 
151 1 0.0 0.0 0.0 0.0 0.0 0.0 0.0 
152 1 0.0 0.0 0.0 0.0 0.0 0.0 0.0 
153 1 0.0 0.0 0.0 0.0 0.0 0.0 0.0 
154 1 0.0 0.0 0.0 0.0 0.0 0.0 0.0 
155 1 0.0 0.0 0.0 0.0 0.0 0.0 0.0 
156 1 0.0 0.0 0.0 0.0 0.0 0.0 0.0 
157 1 0.0 0.0 0.0 0.0 0.0 0.0 0.0 
158 1 0.0 0.0 0.0 0.0 0.0 0.0 0.0 
159 1 0.0 0.0 0.0 0.0 0.0 0.0 0.0 
160 1 0.0 0.0 0.0 0.0 0.0 0.0 0.0 
161 1 0.0 0.0 0.0 0.0 0.0 0.0 0.0 
162 1 0.0 0.0 0.0 0.0 0.0 0.0 0.0 
163 1 0.0 0.0 0.0 0.0 0.0 0.0 0.0 
164 1 0.0 0.0 0.0 0.0 0.0 0.0 0.0 
165 1 0.0 0.0 0.0 0.0 0.0 0.0 0.0 
166 1 0.0 0.0 0.0 0.0 0.0 0.0 0.0 
167 1 0.0 0.0 0.0 0.0 0.0 0.0 0.0 
168 1 0.0 0.0 0.0 0.0 0.0 0.0 0.0 
169 1 0.0 0.0 0.0 0.0 0.0 0.0 0.0 
170 1 0.0 0.0 0.0 0.0 0.0 0.0 0.0 
171 1 0.0 0.0 0.0 0.0 0.0 0.0 0.0 
172 1 0.0 0.0 0.0 0.0 0.0 0.0 0.0 
173 1 0.0 0.0 0.0 0.0 0.0 0.0 0.0 
174 1 0.0 0.0 0.0 0.0 0.0 0.0 0.0 
175 1 0.0 0.0 0.0 0.0 0.0 0.0 0.0 
176 1 0.0 0.0 0.0 0.0 0.0 0.0 0.0 
177 1 0.0 0.0 0.0 0.0 0.0 0.0 0.0 
178 1 0.0 0.0 0.0 0.0 0.0 0.0 0.0 
179 1 0.0 0.0 0.0 0.0 0.0 0.0 0.0 
180 1 0.0 0.0 0.0 0.0 0.0 0.0 0.0 
181 1 0.0 0.0 0.0 0.0 0.0 0.0 0.0 
182 1 0.0 0.0 0.0 0.0 0.0 0.0 0.0 
183 1 0.0 0.0 0.0 0.0 0.0 0.0 0.0 
184 1 0.0 0.0 0.0 0.0 0.0 0.0 0.0 
185 1 0.0 0.0 0.0 0.0 0.0 0.0 0.0 
186 1 0.0 0.0 0.0 0.0 0.0 0.0 0.0 
187 1 0.0 0.0 0.0 0.0 0.0 0.0 0.0 
188 1 0.0 0.0 0.0 0.0 0.0 0.0 0.0 
189 1 0.0 0.0 0.0 0.0 0.0 0.0 0.0 
190 1 0.0 0.0 0.0 0.0 0.0 0.0 0.0 
191 1 0.0 0.0 0.0 0.0 0.0 0.0 0.0 
192 1 0.0 0.0 0.0 0.0 0.0 0.0 0.0 
193 1 0.0 0.0 0.0 0.0 0.0 0.0 0.0 
194 1 0.0 0.0 0.0 0.0 0.0 0.0 0.0 
195 1 0.0 0.0 0.0 0.0 0.0 0.0 0.0 
196 1 0.0 0.0 0.0 0.0 0.0 0.0 0.0 
197 1 0.0 0.0 0.0 0.0 0.0 0.0 0.0 
198 1 0.0 0.0 0.0 0.0 0.0 0.0 0.0 
199 1 0.0 0.0 0.0 0.0 0.0 0.0 0.0 
200 1 0.0 0.0 0.0 0.0 0.0 0.0 0.0 
201 1 0.0 0.0 0.0 0.0 0.0 0.0 0.0 
202 1 0.0 0.0 0.0 0.0 0.0 0.0 0.0 
203 1 0.0 0.0 0.0 0.0 0.0 0.0 0.0 
204 1 0.0 0.0 0.0 0.0 0.0 0.0 0.0 
205 1 0.0 0.0 0.0 0.0 0.0 0.0 0.0 
206 1 0.0 0.0 0.0 0.0 0.0 0.0 0.0 
207 1 0.0 0.0 0.0 0.0 0.0 0.0 0.0 
208 1 0.0 0.0 0.0 0.0 0.0 0.0 0.0 
209 1 0.0 0.0 0.0 0.0 0.0 0.0 0.0 
210 1 0.0 0.0 0.0 0.0 0.0 0.0 0.0 
211 1 0.0 0.0 0.0 0.0 0.0 0.0 0.0 
212 1 0.0 0.0 0.0 0.0 0.0 0.0 0.0 
213 1 0.0 0.0 0.0 0.0 0.0 0.0 0.0 
214 1 0.0 0.0 0.0 0.0 0.0 0.0 0.0 
215 1 0.0 0.0 0.0 0.0 0.0 0.0 0.0 
216 1 0.0 0.0 0.0 0.0 0.0 0.0 0.0 
217 1 0.0 0.0 0.0 0.0 0.0 0.0 0.0 
218 1 0.0 0.0 0.0 0.0 0.0 0.0 0.0 
219 1 0.0 0.0 0.0 0.0 0.0 0.0 0.0 
220 1 0.0 0.0 0.0 0.0 0.0 0.0 0.0 
221 1 0.0 0.0 0.0 0.0 0.0 0.0 0.0 
222 1 0.0 0.0 0.0 0.0 0.0 0.0 0.0 
223 1 0.0 0.0 0.0 0.0 0.0 0.0 0.0 
224 1 0.0 0.0 0.0 0.0 0.0 0.0 0.0 
225 1 0.0 0.0 0.0 0.0 0.0 0.0 0.0 
226 1 0.0 0.0 0.0 0.0 0.0 0.0 0.0 
227 1 0.0 0.0 0.0 0.0 0.0 0.0 0.0 
228 1 0.0 0.0 0.0 0.0 0.0 0.0 0.0 
229 1 0.0 0.0 0.0 0.0 0.0 0.0 0.0 
230 1 0.0 0.0 0.0 0.0 0.0 0.0 0.0 
231 1 0.0 0.0 0.0 0.0 0.0 0.0 0.0 
232 1 0.0 0.0 0.0 0.0 0.0 0.0 0.0 
233 1 0.0 0.0 0.0 0.0 0.0 0.0 0.0 
234 1 0.0 0.0 0.0 0.0 0.0 0.0 0.0 
235 1 0.0 0.0 0.0 0.0 0.0 0.0 0.0 
236 1 0.0 0.0 0.0 0.0 0.0 0.0 0.0 
237 1 0.0 0.0 0.0 0.0 0.0 0.0 0.0 
238 1 0.0 0.0 0.0 0.0 0.0 0.0 0.0 
239 1 0.0 0.0 0.0 0.0 0.0 0.0 0.0 
240 1 0.0 0.0 0.0 0.0 0.0 0.0 0.0 
241 1 0.0 0.0 0.0 0.0 0.0 0.0 0.0 
242 1 0.0 0.0 0.0 0.0 0.0 0.0 0.0 
243 1 0.0 0.0 0.0 0.0 0.0 0.0 0.0 
244 1 0.0 0.0 0.0 0.0 0.0 0.0 0.0 
245 1 0.0 0.0 0.0 0.0 0.0 0.0 0.0 
246 1 0.0 0.0 0.0 0.0 0.0 0.0 0.0 
247 1 0.0 0.0 0.0 0.0 0.0 0.0 0.0 
248 1 0.0 0.0 0.0 0.0 0.0 0.0 0.0 
249 1 0.0 0.0 0.0 0.0 0.0 0.0 0.0 
250 1 0.0 0.0 0.0 0.0 0.0 0.0 0.0 
251 1 0.0 0.0 0.0 0.0 0.0 0.0 0.0 
252 1 0.0 0.0 0.0 0.0 0.0 0.0 0.0 
253 1 0.0 0.0 0.0 0.0 0.0 0.0 0.0 
254 1 0.0 0.0 0.0 0.0 0.0 0.0 0.0 
255 1 0.0 0.0 0.0 0.0 0.0 0.0 0.0 
256 1 0.0 0.0 0.0 0.0 0.0 0.0 0.0 
