# Cluster list (48 data points):
# "Cluster Identifier" "Cluster Size" "Radius of Gyration" "Gyration Tensor.XX" "Gyration Tensor.YY" "Gyration Tensor.ZZ" "Gyration Tensor.XY" "Gyration Tensor.XZ" "Gyration Tensor.YZ"
1 54 3.5002380769 4.1659402486 3.1841003777 4.901625969 -0.2787905518 0.4525684661 -0.1636722109 
2 48 3.3546553995 3.7773051806 3.3151131735 4.1612944955 -0.1226668763 -0.4590945204 0.5907344163 
3 45 3.3176245221 4.1384754711 2.9481979542 3.9199590445 -0.4985973733 -0.6269575362 0.6290686943 
4 37 3.1136875343 2.8005113554 3.9741021743 2.9204365314 -0.6693650757 -0.0746843311 0.4690469826 
5 37 3.2417033886 2.5034663589 4.0222875544 3.9828869464 -0.6941691075 -0.6926705466 1.3525950149 
6 36 3.02466771 2.9975657275 2.9810542669 3.1699947612 -0.2223825138 -0.1087118443 -0.1685541749 
7 36 3.0919249462 3.6450896756 2.5431288139 3.3717813831 0.0705835847 0.2963262392 -0.4476377736 
8 35 3.0110569872 2.6018936607 2.7036992918 3.7608712278 -0.4001151848 -0.1055376282 0.2116374607 
9 34 3.0101340382 2.6960618142 2.6815608323 3.6832842814 -0.1183519219 -0.3451848154 -0.4342320921 
10 32 2.9608025976 3.5276336716 2.377992925 2.8607254252 0.367570752 0.4293192563 0.4976838079 
11 31 3.0896639775 3.6822292482 3.5203786108 2.3434156347 -1.3492276192 0.5669410029 -0.0374201006 
12 31 2.9082751598 2.5092039501 3.5883052779 2.3605551769 0.3301719931 0.0424173252 0.3350398075 
13 30 2.8547578846 2.8677051728 2.7005012479 2.581436159 0.1356322257 -0.3186077746 -0.1432640955 
14 29 2.8115149914 2.579329812 2.7511045094 2.5741822252 -0.148326118 -0.1922605035 0.1722883103 
15 29 2.8551884364 2.4263966037 3.2345665127 2.4911378908 0.3320554824 0.1622903473 0.6307299049 
16 27 2.7466917334 2.3508553073 2.3605192062 2.8329409646 0.0345574188 -0.1512480038 -0.1049163963 
17 26 2.7474806943 3.0767572563 1.8867404468 2.5851524623 0.2128031534 0.4163775414 0.3620720259 
18 25 2.684166546 2.2878532141 2.233056993 2.6838398393 0.2204411999 -0.19586712 0.1501318754 
19 23 2.6336231872 2.0407846606 3.0141843888 1.8810020429 0.4745473862 -0.5570951107 0.1014574945 
20 22 2.6109480836 3.0566868292 1.6771236865 2.0832393795 -0.7157721986 0.2519884497 -0.0591155192 
21 22 2.5901811081 1.7585054996 2.2521819407 2.6983507326 0.1042977131 -0.3379450011 -0.0224424552 
22 21 2.5552032363 1.9700423225 2.1811191027 2.3779021537 0.1624631015 -0.2982825939 0.6393295558 
23 21 2.5701457668 2.5471775468 1.7022501218 2.3562215942 -0.1638641466 0.047881836 -0.0907575646 
24 21 2.5469895464 1.9632478023 2.5370689518 1.9868389955 -0.374270216 -0.5271031383 0.119125625 
25 20 2.4888011057 1.9541085267 1.4584318872 2.7815905299 -0.0121779978 0.2440393004 0.2481779097 
26 18 2.4543424556 1.7300787862 1.8898474879 2.4038706154 0.1385731712 -0.0202243653 -0.7635407826 
27 18 2.4238233335 1.9541321017 2.2328414301 1.6879460201 -0.0547898169 0.4732361249 -0.1145082943 
28 17 2.3465156699 1.8225379948 1.9796797697 1.7039180245 0.2249773026 -0.0318004365 -0.0912341894 
29 16 2.3038687623 1.2637392654 2.1756362812 1.8684357275 0.0130420036 -0.0031689824 -0.4261879363 
30 16 2.3102768498 1.9387211124 1.7421858284 1.6564721821 -0.4993831366 -0.3239982578 0.0525413707 
31 15 2.284316684 1.7706958599 1.8406037009 1.6068031521 0.0239686697 -0.3797250389 -0.2706151516 
32 14 2.1773042812 1.357304575 1.3209281734 2.0624211846 0.0048783155 0.2100970981 0.0185141631 
33 13 2.072920904 1.4017202877 1.5043792331 1.3909015533 0.0300004385 0.0071894477 -0.0274873799 
34 12 2.1901156288 1.9107832925 1.4750691529 1.4107540223 -0.3300090839 0.4837428298 -0.6831336252 
35 12 2.0561984592 1.5150532547 1.4309474158 1.2819514332 0.0654727368 -0.1046870174 0.0889816445 
36 11 2.0370302083 1.6764279835 1.3066329765 1.1664311097 -0.0184267646 -0.0943227289 -0.2134586528 
37 9 1.9058359491 0.9385025014 1.4184100333 1.2752981302 -0.0321483868 -0.2356071503 -0.0305014909 
38 8 1.8081722729 1.1890482216 1.2384511092 0.8419876376 0.3655129543 0.1084414102 0.1057247986 
39 7 1.7626464419 1.3684605497 0.3938018204 1.3446601089 -0.0064311852 -0.0178722519 -0.0504602266 
40 7 1.73697582 0.4901972807 1.2445311612 1.2823565573 0.1977359547 -0.0681456511 0.0230315556 
41 6 1.603383262 0.8339359173 0.9306775424 0.8062244252 0.0240008092 -0.0554005653 0.0744699674 
42 6 1.5962013295 0.858365539 0.7972675897 0.8922255557 -0.0358684785 0.0528320959 -0.0312516578 
43 5 1.5666792856 0.7056519059 1.2396991632 0.5091329148 0.315254724 -0.0114131677 -0.0027488415 
44 5 1.6112179078 0.6019955373 0.7764928117 1.2175347973 -0.1254149461 0.1524335292 -0.3857324405 
45 5 1.5713749104 1.0822364236 0.7983720669 0.5886106186 0.2952524171 0.1178448566 0.0022780958 
46 4 1.3764895569 0.6728822782 0.6603668075 0.5614744146 0.0258310604 0.0391631384 0.0132312508 
47 3 1.3202829049 0.094802647 0.8600201937 0.7883241084 -0.129758169 0.2368197537 0.0422752707 
48 1 0.0 0.0 0.0 0.0 0.0 0.0 0.0 
