# Cluster list (49 data points):
# "Cluster Identifier" "Cluster Size" "Radius of Gyration" "Gyration Tensor.XX" "Gyration Tensor.YY" "Gyration Tensor.ZZ" "Gyration Tensor.XY" "Gyration Tensor.XZ" "Gyration Tensor.YZ"
1 54 3.5056822915 4.151706504 3.1229561254 5.0151456995 -0.212202383 0.4151819168 -0.2190003266 
2 48 3.3627709221 3.8616171517 3.2922600219 4.1543511008 -0.175910293 -0.5364546473 0.5442537276 
3 45 3.332808538 4.2292008287 2.8701075668 4.0083043557 -0.3477968073 -0.65112906 0.4069705016 
4 37 3.2569827416 2.5024806837 3.9322347383 4.1732211572 -0.7132453915 -0.6421434254 1.3647056753 
5 37 3.1061992101 3.0551951499 3.593133585 3.0001447979 -0.7009686763 -0.174243597 0.4046925458 
6 36 3.0478227306 3.0501844613 3.0094777728 3.2295611632 -0.2395753259 0.0361368113 -0.0920526099 
7 35 3.0099300332 2.6120847096 2.7595001657 3.6880939296 -0.413983931 -0.0615245025 0.2934996527 
8 34 3.0389905431 2.3443395474 2.9701577612 3.9209662126 -0.2725391436 -0.5522597067 -0.4385257906 
9 33 2.9714089241 2.9770659938 2.5391900626 3.3130149376 0.4115869674 -0.1419034891 -0.4215055316 
10 32 2.9760560798 3.6824500359 2.3422140139 2.8322457405 0.2326590305 0.5092737517 0.3700160267 
11 31 2.8997480476 2.5620700071 3.4828916441 2.3635770884 0.3232170311 0.0176934977 0.2919679636 
12 31 3.7505369134 5.2535742225 6.7172474877 2.095705429 -3.6526267208 1.4606012926 -1.1854952162 
13 30 2.8560599054 2.8944248212 2.8024071561 2.4602462061 0.2540659019 -0.1899396232 -0.1364807834 
14 29 2.8283931373 2.5033791675 2.7151896098 2.7812389617 -0.3614026196 0.2691914268 -0.2247707711 
15 29 2.8545640796 2.4990910603 3.1490322051 2.5004128193 0.3491249341 0.1186939397 0.5792191864 
16 27 2.7436782979 2.4273714567 2.3573230528 2.743076093 0.052552512 -0.1803009052 -0.1372318348 
17 26 2.7356123634 2.9543393733 1.968313069 2.5609225606 0.2721346768 0.499804959 0.4388907673 
18 25 2.6759776891 2.2851966547 2.184790872 2.6908690658 0.2220568387 -0.142229958 0.05707283 
19 23 2.6484363159 1.8705157822 3.0952509284 2.0484482086 0.2673467886 -0.5846706443 -0.0239844405 
20 22 2.5693525768 1.8235714905 2.2111235598 2.5668776136 0.0033680905 -0.4366058418 0.0309412607 
21 22 2.6262603704 3.1705464544 1.6369171684 2.0897799102 -0.6187611969 0.249730652 -0.1100655214 
22 21 2.5534983297 1.8125040005 2.1000779193 2.6077718001 0.2790832622 -0.2235312288 0.5390946181 
23 21 2.5787301087 2.5444987777 1.651790009 2.4535601869 -0.0494506527 0.0356323437 0.072624522 
24 21 2.5466122313 2.0449070054 2.4889310059 1.9513958456 -0.2402094581 -0.5365347427 0.2779313149 
25 20 2.4907295478 2.0308307586 1.4940648965 2.6788380249 -0.1614390933 0.4111766327 0.1099148757 
26 18 2.4530662901 1.7384472562 2.0446278754 2.2344590918 0.1344871449 -0.004017191 -0.8129306179 
27 18 2.4266138782 1.8060957165 2.2960736342 1.7862855633 -0.0168632395 0.4540534912 -0.1140209287 
28 17 2.3328055522 1.6974381454 1.983245866 1.7612977331 0.1246142914 -0.0692892049 -0.108966509 
29 16 2.307120483 1.2717369034 2.0361965469 2.0148714728 0.0581368372 -0.0779322035 -0.4479702097 
30 16 2.307129199 1.8701136131 1.6486902472 1.8040412804 -0.4848312468 -0.4107264532 0.1520894457 
31 15 2.2773075729 1.9537654932 1.8249381936 1.4074260946 0.1537791655 -0.3256874185 -0.0977998085 
32 14 2.1862335459 1.4059793682 1.3946988996 1.9789388493 -0.0067442036 0.1575634618 0.1105021427 
33 13 2.0777660598 1.4551772955 1.3940557433 1.4678787603 0.0072894277 0.0663227708 -0.0106036908 
34 12 2.1670495879 1.7589897051 1.3759889398 1.5611252712 -0.3413577683 0.3112747403 -0.6544436946 
35 12 2.0381380213 1.5137545016 1.5109548597 1.1292972326 0.0553496592 -0.0614162304 0.1320161616 
36 11 2.043294498 1.7458291704 1.4267938461 1.0024293891 -0.0148103089 -0.1473608587 -0.0960420221 
37 9 1.8803856115 0.8666887893 1.3838927405 1.2852685182 0.1694719674 -0.0435770037 -0.0691936699 
38 8 1.8192412543 1.5888914453 0.8372674742 0.8834798219 0.197114947 -0.0190779522 -0.0025892452 
39 7 1.7294593518 1.2349063604 0.5283890008 1.2277342884 0.0184798785 -0.0264333508 -0.2521878254 
40 7 1.7240394607 0.9639607954 0.7756827552 1.2326685113 0.4167754972 0.0684730121 -0.1188085548 
41 6 1.5774668113 0.8906345443 0.8039812872 0.7937857093 -0.0016444885 0.0359870725 -0.0158481151 
42 6 1.6029232513 0.8530051768 0.846908959 0.8694488136 -0.0107510202 0.0098971735 0.0085017596 
43 5 1.551905456 0.7715654002 1.0028656386 0.6339795056 -0.389355197 -0.0164569947 -0.0251746266 
44 5 1.5441719766 0.8252052084 0.7384304022 0.8208314827 -0.2436468214 0.3383734575 -0.2890757569 
45 5 1.5822723939 1.014324261 0.9281136166 0.5611480508 0.2610336213 0.1791598171 0.1198384213 
46 4 1.3629522832 0.6281576277 0.6492274409 0.5802538576 -0.0104074903 -0.0154122848 0.0229424275 
47 3 1.2942968568 0.0580894488 0.8817075321 0.7354073727 0.0466180646 0.1995426376 -0.0452426264 
48 3 1.2812659485 0.5448318446 0.5481990116 0.5486115746 -0.262154083 -0.2831911292 -0.2753463542 
49 1 0.0 0.0 0.0 0.0 0.0 0.0 0.0 
