# Cluster list (48 data points):
# "Cluster Identifier" "Cluster Size" "Radius of Gyration" "Gyration Tensor.XX" "Gyration Tensor.YY" "Gyration Tensor.ZZ" "Gyration Tensor.XY" "Gyration Tensor.XZ" "Gyration Tensor.YZ"
1 54 3.4990414628 4.2498373408 3.1864268365 4.8070269809 -0.2674434839 0.4970051941 -0.2865507854 
2 48 3.3610591443 3.8063485972 3.1468074684 4.3435625061 0.0096905983 -0.5667903288 0.3223449515 
3 45 3.3253932663 4.1076970373 2.7688260617 4.1817172764 -0.4552720474 -0.7767769308 0.2604371218 
4 37 3.1076354591 2.7130033085 4.1786576872 2.7657371507 -0.2142227057 0.1029087995 0.3704444323 
5 37 3.2387295638 2.5854163952 3.1635250122 4.7404277798 -0.4628771811 -0.9255021544 1.01395189 
6 36 3.0352210161 3.0902305986 3.0231187017 3.0992173163 -0.1600007455 -0.0680217077 -0.1296797742 
7 36 3.0726391224 3.8189162753 2.6002323222 3.0219625789 -0.0159276582 0.3078164169 -0.4553546661 
8 35 3.0218263247 2.8318134555 2.5715177089 3.7281031724 -0.3678894502 -0.0216537611 0.0117993273 
9 34 2.9772483271 2.9889570921 2.6010053614 3.2740451476 -0.0589752683 -0.244347763 -0.4805964891 
10 32 2.9669293895 3.53615675 2.4532988626 2.81321439 0.2955628166 0.5131096441 0.5433323604 
11 31 3.0101218151 3.0083262596 3.5375144043 2.514992678 -1.0543854066 0.9493036026 -0.5831539831 
12 31 2.9070566823 2.6512205683 3.4783845819 2.321373404 0.3983967228 0.1026980813 0.3383618787 
13 30 2.8521733992 2.9095790224 2.7045893886 2.520724688 0.1485406885 -0.2554487091 -0.0881898873 
14 29 2.8178561039 2.5108821442 2.8923653818 2.5370654966 -0.1416045265 -0.1164125509 0.0458197521 
15 29 2.8512277929 2.3794431443 3.1741584303 2.5758983523 0.1053258678 0.1921818295 0.7069673692 
16 27 2.740955661 2.330565658 2.5648581088 2.6174141687 -7.1499930121e-04 -0.0484164683 -0.3022042887 
17 26 2.7351166173 3.1261684671 1.785341013 2.5693534299 0.1280184592 0.3869230704 0.0882892334 
18 25 2.6954490384 2.4543341331 2.091516106 2.7195952793 0.1913957347 -0.2262302771 0.1314266458 
19 23 2.6482389063 1.8292826463 2.6920581111 2.4918285473 0.6443569772 -0.4817746483 -0.0973210336 
20 22 2.6254682366 2.4295574934 2.3415201028 2.1220058651 -0.9941021309 0.1900051321 -0.3023763087 
21 22 2.5635946721 1.9820977786 2.1770209595 2.4128989048 0.0603049879 -0.5422594404 0.1170912029 
22 21 2.5518096243 1.7700794895 2.37470954 2.3669433292 0.2254576913 -0.2148935301 0.5732439423 
23 21 2.5677180164 2.5404247694 1.833758103 2.2189929395 -0.2117373335 -0.0818530192 -0.189684057 
24 21 2.5534229366 1.4614080843 2.4883684502 2.5701921587 -0.0051903906 -0.2241411311 0.399336468 
25 20 2.4919591881 1.927172664 1.5381535726 2.7445343585 -0.1201467415 0.2555674802 0.284215778 
26 18 2.4577387789 1.6086341583 2.401523983 2.0303217642 0.0363798995 0.1621785696 -0.7264062635 
27 18 2.4293918847 1.8565574779 1.9885010337 2.0568864177 0.2418037376 0.4005791159 -0.2757070899 
28 17 2.3386387516 1.92665739 1.8312989762 1.7112748444 0.1766126012 -0.0606738263 -0.0291507403 
29 16 2.3044357031 1.3334450768 2.3713578828 1.6056209501 0.2536431207 -0.1179553514 -0.1417106712 
30 16 2.3201860632 1.6264623231 2.0903284188 1.666472626 -0.3929565024 -0.3949846288 0.3080149691 
31 15 2.2693616699 1.6089038732 1.9303622706 1.6107362452 -0.1604569494 -0.219992829 -0.2626219156 
32 14 2.1766929965 1.3215745846 1.5222082504 1.8942095662 0.0251695004 0.0116233701 0.2724638433 
33 13 2.0696651381 1.368346183 1.4859561937 1.4292114074 -0.0357744256 -0.0122168608 0.0356498891 
34 12 2.1954762376 1.3531675429 1.4938854845 1.9730628824 0.0648664266 0.8069451333 -0.2781014172 
35 12 2.0582281632 1.5407992362 1.3032121415 1.3922917942 -0.105167338 0.0958181351 0.1807942786 
36 11 2.0423808656 1.6274913838 1.4039848449 1.1398433712 -0.0223442732 -0.2778489909 -0.1388985629 
37 9 1.8652333568 0.9867175244 1.3448639873 1.1475139638 -0.0666623325 -0.2059457526 -0.0577942169 
38 8 1.8060585585 0.9592102736 0.9710872414 1.3315500018 0.1159653267 0.2035218114 0.3122189629 
39 7 1.7162215299 1.1540543806 1.0035974252 0.787764534 -0.1774503513 -0.1789600568 -0.3379489211 
40 7 1.7322461191 1.0325047444 1.0380706893 0.9301011836 0.2524638176 0.3470715227 -0.3007098792 
41 6 1.6283858009 0.9198574687 0.8560168084 0.8757660397 -0.0790979225 -0.0101934026 -0.0151632682 
42 6 1.6032097669 0.7701428542 0.8946686657 0.9054700369 0.0419159723 0.0135479971 -0.0593434508 
43 5 1.5424564583 0.5221199545 1.3242671187 0.5327848524 -0.1121137763 0.0151312159 0.1955007005 
44 5 1.5487278623 0.6165316303 0.6505779811 1.13144838 0.1322442402 -0.2671977521 -0.3570866298 
45 5 1.5363950767 1.1191149773 0.5775931618 0.6638016927 0.0877645259 0.3209980284 0.0805539354 
46 4 1.405874178 0.7378468771 0.5760991723 0.6625361548 0.0458721507 -0.0860782177 0.011752537 
47 3 1.2630418655 0.2811264375 0.7085373936 0.6056109231 0.0219545081 0.4113593643 -0.0189294847 
48 1 0.0 0.0 0.0 0.0 0.0 0.0 0.0 
