# Cluster list (84 data points):
# "Cluster Identifier" "Cluster Size" "Radius of Gyration" "Gyration Tensor.XX" "Gyration Tensor.YY" "Gyration Tensor.ZZ" "Gyration Tensor.XY" "Gyration Tensor.XZ" "Gyration Tensor.YZ"
1 44 3.2869678834 3.8712474128 3.0905782629 3.8423321907 0.0225280588 -0.6728247987 0.6288537701 
2 41 3.2035588576 4.093394463 2.9438421036 3.2255527873 0.6946018209 -0.0241542218 0.0467243561 
3 35 3.0132129109 2.9531039236 2.5598138352 3.5665342878 -0.3326657363 -0.3150607568 -0.3460015048 
4 32 3.9607283691 9.1114430361 3.8850763161 2.6908498612 3.6054236983 -2.6425099599 -1.0872024466 
5 32 2.9411211497 2.3821070902 3.1545915098 3.1134950175 0.0638913448 0.1714157335 -0.4827515197 
6 30 2.8918205064 2.7756545118 2.387972899 3.1989984304 0.2480244042 -0.1007366926 -0.6548655814 
7 29 2.8739347333 2.9254675698 3.1645816673 2.1694516139 0.5581109823 0.1457929943 0.1425522637 
8 28 2.7927084868 2.3388161573 2.7510324561 2.709372079 -0.0741122282 0.0211847522 -0.1549536747 
9 28 2.8147141351 2.6016486122 2.3465231548 2.9744438952 -0.0871428404 0.1145509292 -0.673615178 
10 27 2.8546144704 2.4110813084 2.4470657003 3.2906767659 -0.0253065146 -0.3333496489 0.0161542537 
11 26 2.7421039299 2.9233597923 2.5368357594 2.0589384104 0.5575757363 0.1410070727 0.4538410283 
12 25 2.6965079522 2.4331366608 2.7053881186 2.1326303568 -0.0797680997 -0.076075194 0.1378749717 
13 24 2.6501555748 2.1619007287 2.2896309319 2.5717929103 0.3395913834 -0.250849539 0.0834794352 
14 23 2.6163695709 2.4594655565 1.9883180871 2.3976060878 -0.3974259646 0.1662033201 0.3701929271 
15 23 2.6657135145 3.1219348514 2.1236764844 1.8604172055 -0.1294187381 -0.4233927523 0.3179392928 
16 22 2.5948088219 2.5532829029 2.5511334128 1.6286165065 -0.044248225 -0.1212563978 -0.4860056109 
17 22 2.6036213135 2.5403226136 2.2091777984 2.0293435318 -0.1228529111 -0.2320493396 -0.0158089183 
18 22 2.5841463837 1.6423832521 2.2893049158 2.7461243644 -0.0425305517 0.1670447413 0.1127860886 
19 22 2.6258979258 3.1198870892 2.3124979524 1.4629548753 -0.2159862995 -0.2812577082 -0.2328444505 
20 21 2.5496303617 2.7122750362 2.1885620616 1.5997778836 -0.1980809531 -0.3680558041 -0.1442084685 
21 21 2.5861620858 2.6788803106 1.6728286057 2.3365254179 0.0803815426 0.0826040525 0.0605114172 
22 21 2.5455513236 2.0942679844 1.5330671396 2.852496417 0.2079974178 0.0152992624 -0.0879879335 
23 18 2.4158376496 1.6078697441 2.0435544271 2.1848473782 0.3660926122 -0.2131893548 0.042778814 
24 18 2.460927447 1.8287512218 1.4380882653 2.7893244124 0.163396767 0.4149390721 0.1043961066 
25 18 2.3927338707 2.163151298 1.5255777716 2.0364463063 0.0118748559 -0.0576137668 -0.0910101931 
26 17 2.3412086718 1.9120123639 1.8643777155 1.7048679653 0.1768931563 -0.1285096281 -0.2484569112 
27 16 2.3171662751 1.7563197944 2.3476113496 1.2653284025 -0.2526640339 0.0591090757 -0.2503500617 
28 14 2.1703779063 1.7527506787 1.4028413444 1.5549482329 0.1670466039 -0.2865918708 -0.1232967082 
29 14 2.1877841939 1.4502843007 1.3466260819 1.9894892964 0.0659899401 -0.2455724576 -0.199426989 
30 13 2.0742896447 1.3618900051 1.4330187365 1.5077687884 0.0324717153 -0.017028065 -0.0045470435 
31 13 2.050477711 1.4331935689 1.3993601269 1.3719051474 -0.0209093318 -0.0089039643 0.0163350953 
32 13 2.0608377356 1.3976316581 1.3990921143 1.4503283999 -0.0161206114 -0.0106332715 -0.0069275121 
33 12 2.0625806354 1.1340313179 1.4903944341 1.6298131256 0.1285346918 0.0251220342 -0.0321389071 
34 12 2.1299187624 1.671055185 1.4276380573 1.4378606921 0.0430081971 -0.0208222882 0.0673850537 
35 11 2.098261846 1.3647789513 1.4858571143 1.5520667089 0.0661090818 0.5269145471 0.2574442256 
36 11 2.0374478171 1.3548616961 1.6538952913 1.14243662 0.0136042736 0.2773107729 0.2113771112 
37 11 2.0489341096 1.407248648 1.3567534898 1.4341288476 -0.3246640724 0.2225812044 0.0843491921 
38 11 2.0286026327 1.7319234326 1.3919542882 0.9913509205 0.0696421345 0.0701604231 0.0707439723 
39 10 1.9806864781 1.45708806 1.3159087252 1.1501221394 0.2354137882 0.2152658346 -0.4075375036 
40 10 1.9885860653 1.0217184164 1.460315345 1.4724407778 0.3428946511 -0.3168965348 0.181456764 
41 9 2.0114796352 1.8145775629 1.3841105827 0.8473621773 0.6827124661 0.3291745873 -0.0314490114 
42 9 1.9224068587 1.3253206938 1.2312407971 1.1390866395 -0.1979697168 0.066570402 -0.5605100377 
43 8 1.8350874801 1.6192777369 0.9717880268 0.776480296 0.0074210653 -0.0408615755 -0.0048676859 
44 8 1.8163078263 1.2205772179 1.2012182914 0.8771786106 0.3935126047 -0.0568063066 -0.0955972009 
45 8 1.78775061 0.811222548 0.9448398016 1.4399898941 -0.0544305153 0.009459382 0.2582717276 
46 7 1.7517750227 0.9027662535 1.0517624789 1.1141869978 -0.2764664189 0.3186142044 0.2998156755 
47 7 1.7337661623 1.2841301483 0.407767822 1.3140471353 0.1077961688 0.0296777452 -0.0060040581 
48 6 1.5734083691 0.8234209193 0.8257125814 0.8264803953 0.0341441829 0.0325378015 -0.0188773989 
49 5 1.5773216064 0.5265559131 0.5379943957 1.4233931413 -0.0506732062 0.0122557028 0.0830006626 
50 5 1.5293543937 0.5103350513 0.9361204245 0.8924693859 0.0131963305 -0.0372232316 -0.4165120383 
51 5 1.540527944 0.4947734134 0.5823861256 1.2960668073 0.0146839315 0.1677054058 0.1590057099 
52 5 1.5632679338 0.5511053428 0.5913077685 1.3013935214 -0.0022800662 0.0850435704 0.0154853276 
53 5 1.5797593558 0.5761931492 0.5537247313 1.3657217418 0.0146118192 0.1674020871 0.1764503519 
54 4 1.3938250781 0.6040680096 0.6825300242 0.6561503147 0.0385296085 -0.0531696142 -0.1319187847 
55 4 1.3594194429 0.6670704105 0.5917529838 0.5891978274 0.0077703352 -0.0196363803 0.0208181643 
56 4 1.4037235339 0.659093998 0.6028333673 0.7085123944 0.0656353256 0.0179932162 0.0244757199 
57 4 1.3906520892 0.6212899114 0.6661568477 0.6464664741 -0.0168926474 0.0202434248 -0.0863617434 
58 3 1.3241576323 0.8870865584 0.7030180629 0.163288814 -0.1074879728 -0.1588482913 -0.285779787 
59 3 1.3252724594 0.8774949712 0.7809676078 0.0978845126 0.005333408 -0.0681636134 0.2684843076 
60 3 1.2620685694 0.1071955849 0.6456186297 0.8400028592 0.1956587418 0.2150621597 0.049236912 
61 3 1.3504691517 0.8430573151 0.2262947036 0.7544149108 0.0296880595 0.0024683941 0.4123123013 
62 3 1.8109084608 1.0216747313 0.2605064888 1.9972082334 -0.3760429197 -0.8934821774 -0.0564338245 
63 3 1.3234477503 0.8074470617 0.8535816687 0.0904852173 0.0294576317 0.1530745438 0.2344946477 
64 3 1.324413526 0.934465131 0.7547020224 0.0649040344 0.0487482251 0.0050232424 0.2211643827 
65 3 1.3164378591 0.779725001 0.7800861152 0.1731975207 -0.0706281947 0.2788654795 0.2131452913 
66 3 1.2892539196 0.4841143403 0.8716073115 0.3064540174 0.0382745335 -0.384282433 0.004695783 
67 3 1.2668600318 0.7943844565 0.1783092949 0.6322405888 0.0184205645 0.0394165894 0.3357518984 
68 3 1.3213894622 0.711284972 0.3358049345 0.6989802045 -0.1920810722 0.293556072 0.3257743487 
69 3 1.2898223987 0.7259042573 0.4089020235 0.5288355394 0.178455956 0.1506280813 -0.3891524054 
70 2 1.1496578107 0.1223691241 1.1981809162 0.0011630415 0.3829103671 -0.0119298099 -0.0373300693 
71 2 1.135934776 0.9639810213 0.3263363251 3.0468931072e-05 -0.5608761218 0.0054195453 -0.0031532712 
72 2 1.0908079594 0.0946070662 1.0141824316 0.0810725064 -0.3097560724 0.0875787188 -0.2867443316 
73 2 1.0831694552 0.0054367446 0.6003376732 0.5674816509 0.0571303998 0.0555450518 0.5836785193 
74 2 1.1146160168 0.4665080909 0.7397667315 0.0360940425 -0.5874582246 0.1297619468 -0.163404932 
75 2 1.1710150904 0.9787102693 0.1184724194 0.2740936532 0.3405145717 0.5179365532 0.1802013825 
76 1 0.0 0.0 0.0 0.0 0.0 0.0 0.0 
77 1 0.0 0.0 0.0 0.0 0.0 0.0 0.0 
78 1 0.0 0.0 0.0 0.0 0.0 0.0 0.0 
79 1 0.0 0.0 0.0 0.0 0.0 0.0 0.0 
80 1 0.0 0.0 0.0 0.0 0.0 0.0 0.0 
81 1 0.0 0.0 0.0 0.0 0.0 0.0 0.0 
82 1 0.0 0.0 0.0 0.0 0.0 0.0 0.0 
83 1 0.0 0.0 0.0 0.0 0.0 0.0 0.0 
84 1 0.0 0.0 0.0 0.0 0.0 0.0 0.0 
