# Cluster list (82 data points):
# "Cluster Identifier" "Cluster Size" "Radius of Gyration" "Gyration Tensor.XX" "Gyration Tensor.YY" "Gyration Tensor.ZZ" "Gyration Tensor.XY" "Gyration Tensor.XZ" "Gyration Tensor.YZ"
1 44 3.281202168 3.8868436477 3.0755042399 3.8039397796 0.0484599166 -0.7141898172 0.5716642539 
2 41 3.1980972381 4.036548237 2.9194215777 3.2718561297 0.6995187787 0.0019669327 0.0580653737 
3 35 3.0170918308 2.9522654445 2.5419136964 3.6086639744 -0.2932039054 -0.3453349871 -0.2249715154 
4 32 3.3782055033 5.7408418878 3.216035405 2.4553951298 1.7871500593 -1.3083314646 -0.3494738119 
5 32 2.9336013898 2.3102045099 3.1305891854 3.1652234187 -0.0031667223 0.1903942624 -0.5278842772 
6 30 2.9120529521 2.8003494809 2.4780158099 3.2016871049 0.3375247826 -0.0713929453 -0.7158220363 
7 29 3.028571319 3.5769341772 2.7475422622 2.8477677949 -0.6919498722 0.4415660955 -0.8334896474 
8 29 2.845525259 2.8366678789 3.0766231437 2.1837229767 0.6844332666 0.1948823424 0.101788286 
9 28 2.7872848317 2.5823722789 2.5071507847 2.6794336694 0.0578836449 0.0707968777 0.050045077 
10 27 2.7877447518 2.5079106805 2.3726677772 2.8909423433 -0.1051285334 -0.2180111348 0.0228671002 
11 26 2.7435154922 2.9695373173 2.5152934651 2.0420464737 0.523240143 0.1258098626 0.4589452799 
12 25 2.7105094047 2.49365182 2.757954465 2.0952549482 -0.0864919189 -0.0459955845 -0.0467086994 
13 24 2.6360438261 2.0865866512 2.3192880608 2.5428523411 0.3348970597 -0.227770717 0.0969001844 
14 23 2.6090703241 2.4576648667 1.8792666695 2.4703164197 -0.3570548766 0.1807615225 0.3023599919 
15 23 2.6792948468 3.1883478758 2.1912400986 1.7990329019 -0.1193126752 -0.413033973 0.2992308692 
16 22 2.5887104091 2.511480861 2.6315320742 1.558408647 -0.0613292718 -0.1060083167 -0.4723578227 
17 22 2.6100939136 2.5158701924 2.232473 2.0642470455 -0.174033238 -0.1987876437 -0.0363716679 
18 22 2.5680744561 1.6633855331 2.2743762998 2.657244579 0.0055752041 0.1545484691 0.2692145336 
19 22 2.6358723388 3.1646091286 2.2470534685 1.5361603895 -0.2421209941 -0.2246513381 -0.1634820689 
20 21 2.5523914388 2.7220568112 2.1375825434 1.6550627024 -0.2784243309 -0.4189522914 -0.1194200452 
21 21 2.5721622739 2.5509122937 1.671186334 2.3939201358 -0.0705478439 0.1125552747 -0.0088131144 
22 21 2.5600471397 2.0627359765 1.6145947095 2.8765106714 0.2789984591 -0.0098946595 -0.0295546912 
23 18 2.4289306136 1.5832365148 2.116690838 2.1997765731 0.3953407096 -0.1726025017 0.0311661301 
24 18 2.4621958988 1.7747004949 1.4298278127 2.8578803365 0.1546246457 0.3033714599 -0.021330962 
25 18 2.3929324997 2.1671191671 1.4744392294 2.0845675516 0.080426074 -0.0486668718 -0.0988121435 
26 17 2.3429895991 1.8493301764 1.8354803301 1.804789755 0.1539073837 -0.1184329689 -0.1550524525 
27 16 2.3091176251 1.6606221119 2.365243619 1.3061584756 -0.2770450632 -0.0304279777 -0.2553348029 
28 16 2.6395327793 2.8288896986 2.8705923637 1.2676512306 -1.5660971354 -0.0258378399 -0.010132144 
29 14 2.1843531285 1.6650287871 1.3973581291 1.7090116736 0.1689625485 -0.3660959844 -0.1104698646 
30 14 2.1886878261 1.4081624397 1.4087751047 1.9734168558 0.020742767 -0.1788525897 -0.1797557061 
31 13 2.0637650195 1.4346797722 1.4230497541 1.4013965293 0.0218674336 -0.018758787 0.0202772161 
32 13 2.0746456457 1.4349261057 1.4346562228 1.4345722268 -0.0298621231 -0.0017253931 -0.0022590533 
33 12 2.0617110323 1.1922593267 1.4921900701 1.5662029837 0.1956252527 0.037034986 -0.0144566254 
34 12 2.0954510541 1.5195713655 1.349372968 1.5219707866 -0.0802656256 -0.1896298206 0.0041880448 
35 11 2.0737466165 1.1619715348 1.5275345463 1.6109189481 -0.0633000884 0.4913668364 0.259565724 
36 11 2.0355723385 1.3222992188 1.7167735105 1.1044820161 0.0773090592 0.3123632681 0.1729599987 
37 11 2.0405840374 1.4098245955 1.289741874 1.4644167441 -0.3778491392 0.1411997064 0.0323855322 
38 11 2.0502417769 1.7448528351 1.5479052856 0.9107332232 0.095535545 0.0421530355 0.0684808974 
39 10 1.9904296241 1.5527006314 1.4562464782 0.952862979 0.1244648968 0.2914573413 -0.3299624607 
40 10 1.9898873793 1.0702704036 1.3541179918 1.5352633869 0.3194580308 -0.2328670454 0.2076798298 
41 9 1.9717419467 1.4680336722 1.3116303902 1.1081022421 0.4468985695 0.4521731748 -0.137927594 
42 9 1.9092298828 1.2976084196 1.0869339691 1.2606163566 -0.1301357438 0.1183086807 -0.5770911791 
43 8 1.8364063174 1.7109529305 0.7626280108 0.8988072212 -0.0499420275 -0.1189497317 0.0141780203 
44 8 1.8113542035 1.0912978187 1.3470750111 0.8426312206 0.3627678188 -0.136574508 -0.0510704571 
45 8 1.8316441593 0.8780206631 1.0313821198 1.4455175432 -0.0645454999 -0.1218535885 0.3020147602 
46 7 1.7200971105 0.7259166728 1.112189994 1.1206274028 -0.3291830528 0.2813471894 0.1271248867 
47 7 1.7455660963 1.3303391294 0.4981018876 1.2185599796 0.2554769936 0.0242678628 -0.1573501974 
48 6 1.6084346468 0.795833929 0.8991569226 0.8920711615 0.0335995548 0.036277772 0.0218723467 
49 5 1.5391412161 0.4678668522 0.5442682407 1.3568205901 0.0253857289 0.0668367635 0.106569639 
50 5 1.5552281106 0.5055767264 0.5741064129 1.3390513367 0.0156558461 -0.0231979009 0.073443854 
51 5 1.5970444786 0.5638893022 0.5547123182 1.4319494462 0.0671156945 0.1481116786 0.1814125936 
52 5 1.5465377017 0.4539113189 0.8695067413 1.0683608025 0.0258066949 -0.0078279673 -0.3764346529 
53 5 1.5311437832 0.4982703124 0.5524807162 1.2936502562 0.0270875517 0.0873687194 0.0399673614 
54 4 1.3973154668 0.7501887397 0.6348045866 0.5674971874 0.0213322859 -0.0235920184 0.0432141322 
55 4 1.3867447421 0.6735595066 0.5900339979 0.6594674752 -0.0286213637 -0.0293721339 -0.0127614163 
56 4 1.3896178752 0.7051236866 0.6281859852 0.5977281672 0.0295171564 -0.0369626589 -0.0039039542 
57 4 1.4620269563 0.6860614004 0.6896218395 0.7618395811 0.0453703549 0.0064815184 -0.0092147798 
58 3 1.3304510562 0.6323679009 0.8191487527 0.3185833592 0.1747225659 -0.2703601523 0.3208792149 
59 3 1.3350515193 0.7979947585 0.7946341987 0.1897336019 -0.0064183488 -0.2733572738 0.2785215145 
60 3 1.4078578275 0.0330772619 0.8079292548 1.1410571456 0.1079320735 0.1541462783 0.0640694695 
61 3 1.2769756742 0.848807348 0.2789976653 0.5028618592 0.0682736825 -0.0454172779 0.3663078346 
62 3 1.4165453738 0.5325519278 0.5766893023 0.8973595659 -0.5528787675 0.1384962611 -0.192077219 
63 3 1.3186376087 0.8320275825 0.8214067561 0.0853708044 -0.0602452446 0.0464240227 -0.2634294685 
64 3 1.3266493247 0.6695720548 0.808151401 0.2822749749 -0.1158970969 0.3808960691 0.1614378124 
65 3 1.3094733288 0.4161722585 0.8825566666 0.4159914736 -0.036700481 -0.3854041051 -0.1939403097 
66 3 1.335724775 0.8562588787 0.1252274176 0.8026743781 0.2119218352 -0.0622014168 0.2256190927 
67 3 1.2724872969 0.7468209783 0.3737321367 0.4986708057 -0.1642308542 0.1657970593 0.3584233283 
68 3 1.2919380405 0.7645410791 0.1417376681 0.7628251535 -0.1517381466 -0.0888453496 -0.2721872352 
69 2 1.1746358477 0.471935227 0.6744836116 0.2333505361 -0.5641919677 0.3318528865 -0.3967254875 
70 2 1.1114714234 0.9868863851 0.2211625417 0.0273197983 -0.4671855106 0.1641996862 -0.0777310493 
71 2 1.1670700236 0.0948727193 1.2087192493 0.0584604713 -0.3386362091 0.0744735113 -0.2658238082 
72 2 1.133905807 0.1041674677 1.0603307835 0.1212441278 -0.332343155 -0.1123819103 0.3585510857 
73 2 1.2677329106 0.0240968851 0.2966946125 1.2863552349 -0.0845542192 -0.1760600872 0.6177820554 
74 2 1.1314259786 0.2161127397 0.064773846 0.9992381594 -0.1183150596 0.4647021587 -0.2544100994 
75 1 0.0 0.0 0.0 0.0 0.0 0.0 0.0 
76 1 0.0 0.0 0.0 0.0 0.0 0.0 0.0 
77 1 0.0 0.0 0.0 0.0 0.0 0.0 0.0 
78 1 0.0 0.0 0.0 0.0 0.0 0.0 0.0 
79 1 0.0 0.0 0.0 0.0 0.0 0.0 0.0 
80 1 0.0 0.0 0.0 0.0 0.0 0.0 0.0 
81 1 0.0 0.0 0.0 0.0 0.0 0.0 0.0 
82 1 0.0 0.0 0.0 0.0 0.0 0.0 0.0 
