# Cluster list (48 data points):
# "Cluster Identifier" "Cluster Size" "Radius of Gyration" "Gyration Tensor.XX" "Gyration Tensor.YY" "Gyration Tensor.ZZ" "Gyration Tensor.XY" "Gyration Tensor.XZ" "Gyration Tensor.YZ"
1 54 3.5022484498 4.2164764832 3.1958901861 4.8533775345 -0.3006777495 0.4391811286 -0.1247739771 
2 48 3.3664590898 3.7947716445 3.1473273357 4.3909478228 0.038033634 -0.527877496 0.3567265293 
3 45 3.3329327499 4.2364636621 2.7351149299 4.1368621237 -0.4267217202 -0.8307253109 0.1588405471 
4 37 3.1099921809 2.7533925571 4.139418708 2.7792401003 -0.1990783899 0.073178432 0.3953414902 
5 37 3.2366306483 2.5803563208 3.1531359646 4.7422856682 -0.4817798781 -1.0243129413 1.0086880178 
6 36 3.0284964637 3.0918880722 2.9486754796 3.1312272786 -0.175141994 -0.0310520168 -0.2298052237 
7 36 3.0869163765 3.8867446824 2.5861543123 3.0561537207 -0.0851935839 0.4105346118 -0.48046825 
8 35 3.0139269823 2.8469637657 2.4433439291 3.7934481596 -0.3297390595 0.0352382485 0.0338104957 
9 34 2.9812562972 2.9056960233 2.6091546455 3.3730384408 -0.0170496579 -0.1620877702 -0.5258584244 
10 32 2.9509851173 3.4907997336 2.3567803515 2.8607330772 0.2318793862 0.5184764905 0.501066809 
11 31 3.0011485645 3.0558738713 3.3249294568 2.626089378 -0.9934384442 1.0000843396 -0.5591138955 
12 31 2.8930120384 2.5972850573 3.5073654372 2.2648681598 0.3319061494 0.0883049053 0.3321213935 
13 30 2.8566131675 2.9362401403 2.6648567304 2.5591419177 0.1161066971 -0.2434782051 -0.0431683264 
14 29 2.8103971943 2.6210065169 2.767602376 2.5097234968 -0.1151475773 -0.0885744474 0.0734896718 
15 29 2.8358312333 2.3946539826 3.0198261463 2.627458655 0.132440391 0.2194927209 0.7069617288 
16 27 2.7527807064 2.3074965611 2.6217147303 2.6485903261 0.003669749 -0.0846346376 -0.2894051259 
17 26 2.7436001358 3.1440209281 1.7398951647 2.6434256125 0.1520635533 0.4485352695 0.0660478232 
18 25 2.6798958357 2.3181466333 2.1487843161 2.7149107405 0.1562458379 -0.1758172912 0.1290076363 
19 23 2.6651928988 1.8188824977 2.8225093921 2.4618612981 0.710065596 -0.4001410707 -0.0736938621 
20 22 2.6013137904 2.4617375478 2.2447319672 2.0603639212 -0.9160981794 0.1752863634 -0.3393925236 
21 22 2.5614154229 2.1425020401 2.1253834747 2.2929634538 0.0397155697 -0.5603359057 0.0599500756 
22 21 2.5361807264 1.7128739046 2.3561878976 2.3631508745 0.2660950951 -0.235573364 0.5727596039 
23 21 2.5835530413 2.5846583455 1.8363198472 2.2537681247 -0.2137140135 -0.0676503817 -0.2087462813 
24 21 2.5486015999 1.539219427 2.3383189692 2.6178317189 -0.0429996112 -0.2861480585 0.4069341243 
25 20 2.4770722952 1.9126466612 1.5806770434 2.6425634512 -0.0717765168 0.3381699524 0.3699051975 
26 18 2.4589335402 1.6348624622 2.3605645559 2.0509271368 0.087724449 0.1674992686 -0.7480166315 
27 18 2.4138305569 1.7749829294 2.0121884905 2.0394065376 0.2647751699 0.3567221385 -0.2581436421 
28 17 2.3279334188 1.9667117261 1.8354085431 1.6171537332 0.1131154056 0.0908345343 -0.0297880993 
29 16 2.3173971445 1.2878782861 2.5002259019 1.5822253375 0.3124400035 -0.056713281 -0.0649853497 
30 16 2.3208879272 1.5962284783 2.0166287052 1.7736635873 -0.4117321056 -0.4183164946 0.2144516046 
31 15 2.261890811 1.5469804017 2.0966061002 1.472563539 -0.0848807969 -0.2104635742 -0.2867758027 
32 14 2.1754577887 1.3416480632 1.4879035529 1.9030649745 0.0159161683 -0.0061273001 0.2544706583 
33 13 2.0676465718 1.4438775558 1.4000748586 1.4312099315 4.4713095817e-04 0.0156913325 -0.035651509 
34 12 2.1800360562 1.6034439455 1.3802430012 1.7688702598 0.0586610208 0.8351109968 -0.2574079417 
35 12 2.0643464031 1.5456200649 1.3353977198 1.3805082872 -0.0838604165 0.0999829942 0.229614762 
36 11 2.0365424041 1.5516575722 1.3291337164 1.266713675 -0.1253215258 -0.3542136179 -0.2021663049 
37 9 1.8835865597 0.9847001923 1.2769187582 1.2862793775 -0.0994974979 -0.2207689222 -0.0800914744 
38 8 1.8169260202 0.9828799367 0.9375862093 1.380754017 0.1544094328 0.3230225513 0.2161539374 
39 7 1.7345951151 1.2445212608 1.0795012287 0.684797724 -0.0769872412 -0.1931378427 -0.3837791604 
40 7 1.743283618 1.1440049254 1.0835103369 0.8115225107 0.2134339398 0.291458977 -0.3233430584 
41 6 1.6046300305 0.8155300986 0.8739655678 0.8853418684 0.0263304567 0.01295788 -0.0400396763 
42 6 1.5876462108 0.843697597 0.8080606585 0.8688622351 0.0280311583 -0.0712388259 -0.0833864834 
43 5 1.5561814688 0.6137213413 1.3290207585 0.4789586639 -0.1685435291 0.0068785929 0.0973815738 
44 5 1.536090626 0.5920662125 0.7215795488 1.04592865 0.1141429215 -0.2866430412 -0.2145560167 
45 5 1.5353074002 1.1501277639 0.5432055047 0.6638355446 0.2243163933 0.2363219829 0.116601742 
46 4 1.3810704173 0.6691595548 0.5942630459 0.643932897 -0.0146333106 0.038881339 -0.0220636601 
47 3 1.3717958257 0.6361489548 0.9817349679 0.2639398647 -0.2188072888 0.3837514462 0.0395016693 
48 1 0.0 0.0 0.0 0.0 0.0 0.0 0.0 
