# Cluster list (50 data points):
# "Cluster Identifier" "Cluster Size" "Radius of Gyration" "Gyration Tensor.XX" "Gyration Tensor.YY" "Gyration Tensor.ZZ" "Gyration Tensor.XY" "Gyration Tensor.XZ" "Gyration Tensor.YZ"
1 54 3.5125277183 4.2045470588 3.1946610962 4.9386428165 -0.2540127677 0.3332534468 -0.3048674689 
2 48 3.3638130443 3.819548379 3.3212069492 4.1744828688 -0.1891623247 -0.514799527 0.5366151367 
3 45 3.3417934 4.3473875496 2.8024752608 4.0177203181 -0.2951944216 -0.7883583357 0.1592412092 
4 37 3.1150945807 3.1476074658 3.6098015833 2.9464051976 -0.832344937 -0.2310002951 0.4340374823 
5 37 3.2880311726 2.7285261254 3.660944161 4.4216787058 -0.7026188497 -0.8411912894 1.2378563485 
6 36 3.0325009446 2.9745666272 3.0343412734 3.1871540786 -0.2393046966 -0.0160680215 -0.0563738049 
7 35 3.0095922171 2.6590561116 2.7489289301 3.6496602717 -0.3884318151 0.007229477 0.2506840623 
8 34 3.1211171931 3.0741789944 2.2716261615 4.3955673769 -0.3071470243 -0.1390516697 -0.7660628736 
9 33 2.9757042621 2.9722494545 2.4943095766 3.388256824 0.4920724237 -0.1640383702 -0.4118746316 
10 32 2.9659072041 3.6680047356 2.4155874923 2.7130133157 0.2229322331 0.5556127945 0.4708240686 
11 31 2.8957830245 2.5501638357 3.4576248418 2.3777706473 0.3100648752 -0.0438074108 0.2751352946 
12 30 2.8438295941 2.8903018807 2.7894893454 2.4075755341 0.2071128524 -0.0942131759 -0.0258515475 
13 29 2.8292950017 2.5586715837 2.6506023975 2.7956362252 -0.4892892 0.3139690696 -0.1192187799 
14 29 2.8385516431 2.4781967775 3.1171336237 2.4620450295 0.3514653556 0.1316260279 0.5937570895 
15 27 2.7373071829 2.3748411758 2.3625355273 2.7554739105 0.0113840753 -0.1523335075 -0.1433056024 
16 26 2.7403340546 2.8586768865 2.1550827565 2.495671088 0.2702572244 0.4549012363 0.5429604987 
17 25 2.686013413 2.2782753853 2.199467591 2.7369250785 0.2397423756 -0.0917900768 0.0165403323 
18 23 2.6584616416 1.6310266868 3.1828716217 2.2535199914 0.0941891885 -0.4739657642 -0.1810355945 
19 23 2.6737403277 3.0114440455 2.2194206392 1.9180226553 -0.0625781552 0.4951090571 0.3021089617 
20 22 2.5741454821 1.7391433071 2.2071362089 2.6799454467 0.0214149444 -0.3126830634 0.0092226993 
21 22 2.6144467214 3.1974265638 1.560742705 2.0771623901 -0.4844076931 0.2105489301 -0.1306177008 
22 21 2.5479067123 1.8335833771 1.9928767367 2.6653685009 0.2722769476 -0.2116401375 0.5501012196 
23 21 2.5715450462 2.538192923 1.7110093937 2.3636416081 -0.2320906975 0.0754054455 0.066243771 
24 21 2.5399782252 2.0809623148 2.4528276037 1.9176994658 -0.3011986312 -0.543124662 0.2493933679 
25 20 2.5036853352 1.9797928878 1.6366992787 2.6519480911 -0.1941696624 0.4912638578 0.1707037056 
26 18 2.4504289396 1.7643766216 1.864667945 2.3755574215 -0.015628124 0.2358216508 -0.6779458589 
27 18 2.4275639683 1.8879090819 2.1805561124 1.8246016261 -0.0764882756 0.523844185 -0.0575415643 
28 17 2.3444169046 1.5910024643 2.055787292 1.8495008662 0.2575037016 -0.0673351773 -0.1454857243 
29 16 2.3157279563 1.2842753323 2.1389263389 1.9393942965 0.2233515812 -0.1887496062 -0.3798468498 
30 16 2.3132107631 1.7199840445 1.6819578731 1.9490021169 -0.406938223 -0.4355775448 0.2055990795 
31 15 2.2731164393 1.932097156 1.7753101385 1.4596510522 0.0495790743 -0.3197403485 -0.0191329976 
32 14 2.1910624922 1.2996187015 1.4721826493 2.028953494 0.0482028024 0.0957338057 0.3066165124 
33 13 2.0926750963 1.4826460115 1.459714428 1.4369286191 0.0127494319 0.0517471891 -0.0068947997 
34 12 2.1849271145 1.7382093114 1.5492157467 1.4864814376 -0.4281663512 0.2334700773 -0.6658169087 
35 12 2.0565789064 1.5904854386 1.5163461865 1.1226851733 0.0155800262 -0.0569757974 0.0588945585 
36 11 2.029589837 1.7363560783 1.3847211587 0.9981576694 -0.0682529605 -0.0553051577 -0.0087980152 
37 9 1.8984576339 0.9133043803 1.3037643968 1.3870726107 0.1747743171 -0.0563909176 -0.0026851669 
38 8 1.8240657998 1.6198698841 0.894493104 0.8128530538 -0.1299926155 0.1135960435 -0.0198734286 
39 8 1.814248554 0.9572174086 1.2949642239 1.0393161832 -0.2492468895 -0.1355975795 0.3081449415 
40 7 1.7668278414 1.2885341555 0.6160059502 1.2171405155 -0.0970730563 -0.0554418274 -0.3897892111 
41 7 1.7552739861 1.3817334754 0.3982787167 1.3009745741 0.065074223 -0.027178702 -0.0984427999 
42 6 1.5848534668 0.8426207723 0.9457056478 0.7234340913 -0.0113821628 0.0142795718 -0.0237908564 
43 6 1.5893392413 0.8148942169 0.8551194372 0.8559855698 0.0521039676 0.0042434948 0.0216001526 
44 5 1.5444423412 0.8148440592 1.0724515178 0.4980065683 -0.3375857754 -0.0222526693 -0.0288610777 
45 5 1.5533668666 0.9464096539 0.5564996753 0.9100392931 -0.1758735156 0.3991620328 -0.1272217379 
46 5 1.5767419006 0.7147423153 0.8783092327 0.893063473 0.2819159621 0.2747648227 0.3051493565 
47 4 1.366796904 0.6114863278 0.5811867044 0.6754607447 0.0141256907 -0.0109963628 0.0057819375 
48 3 1.2911739912 0.1499250284 0.7078703295 0.8093349177 0.2012668514 -0.2489568966 0.082070307 
49 3 1.3083740047 0.4928454663 0.5343255196 0.6846715502 -0.3434069578 -0.2473255644 -0.2343480715 
50 1 0.0 0.0 0.0 0.0 0.0 0.0 0.0 
