# Cluster list (46 data points):
# "Cluster Identifier" "Cluster Size" "Radius of Gyration" "Gyration Tensor.XX" "Gyration Tensor.YY" "Gyration Tensor.ZZ" "Gyration Tensor.XY" "Gyration Tensor.XZ" "Gyration Tensor.YZ"
1 73 4.1735205348 4.7744053832 4.7917146753 7.8521535958 -1.0631927414 2.8991627372 -0.8550530218 
2 54 3.5042473513 4.1539695321 3.188491735 4.9372882317 -0.3025583265 0.520185834 0.0641088801 
3 48 3.3676563333 3.483354134 3.2703689424 4.5873861028 0.0995332285 -0.3271381348 0.4889885423 
4 45 3.3227045551 3.9418877072 2.8014025877 4.2970752655 -0.495392602 -0.7793592752 0.3095720402 
5 37 3.2370142517 2.9076625173 3.3024321582 4.26816659 -0.7783409274 -1.1686102206 0.9840931983 
6 36 3.0362523272 3.1816669036 2.9423779935 3.0947832974 -0.2163051336 -0.039166975 -0.1660645243 
7 36 3.0874395779 3.9638569895 2.8806594339 2.6877667239 -0.2770214987 0.2252925785 -0.5325575862 
8 35 3.0089848532 2.9105175155 2.4563700961 3.6871022349 -0.3213605577 -0.0528849673 0.0244238692 
9 34 2.9959069979 2.7913464474 2.7055856434 3.4785266495 -0.1571990635 -0.2082766097 -0.5159494834 
10 32 2.9614227807 3.6134887996 2.6839384754 2.4725976113 0.2767608589 0.5365058064 0.4406648436 
11 31 2.8983558227 2.4715782579 3.3811891241 2.5476990932 0.1026954215 0.2068160469 0.5268672646 
12 30 2.8444414309 2.9497940057 2.6459331305 2.4951199177 -0.0096649009 -0.2478294365 -0.0017996341 
13 29 2.8002988888 2.8545746879 2.4968653489 2.4902338301 -0.0544566827 -0.0479678275 -0.0504833058 
14 29 2.8469579748 2.3371327041 2.9240102372 2.844026769 0.1623973702 0.3352838489 0.7101986386 
15 27 2.7333587121 2.4543983593 2.3537980604 2.6630534294 -0.0750747237 0.1779037438 -0.1488794714 
16 26 2.7382607816 2.9760340471 2.0541962075 2.4678418533 0.6438966547 0.3709527872 0.0792133361 
17 25 2.6813588605 2.0738177281 2.3525997169 2.763267894 0.1859730781 0.0314140323 -0.0791630801 
18 23 2.65916269 2.6604080754 2.6485562675 1.7621818692 0.5048024463 -0.5311173543 0.2236796651 
19 22 2.5709063271 1.6950454904 2.3414164694 2.5730973828 -0.0185110313 -0.3543539404 -0.1588842708 
20 22 2.630474176 3.2135126842 1.7326678087 1.9732138976 -0.4821190725 0.3848007327 -0.4594117779 
21 21 2.5474647495 1.6485237949 2.3420776148 2.4989752403 0.195503038 -0.2306041024 0.498340892 
22 21 2.5800832431 2.4486267565 1.9232303084 2.2849724766 -0.3809966666 -0.0485546065 -0.0663648992 
23 21 2.5497575002 1.9613848017 2.6607484462 1.8791300621 -0.3074070262 -0.4629892887 0.2224893506 
24 20 2.4896583702 2.3980833163 1.4597625466 2.3405529377 -0.0836951323 0.5051236517 -0.143303575 
25 18 2.4558245677 1.9456465694 1.593860254 2.4915674841 0.0019216955 0.5240354818 -0.3698251247 
26 18 2.4327781036 1.830516672 1.9585536898 2.1293389395 0.3588823307 0.3145506029 -0.3028095936 
27 17 2.348771142 2.1014668455 1.6913419986 1.7239170334 0.0480236329 0.0094701781 0.0402875595 
28 16 2.3066252522 1.3066330285 2.2983005118 1.7155865137 0.2640661957 0.1679080708 0.3123855582 
29 16 2.3074534188 1.5201041313 1.6148350158 2.1894021327 -0.3112000572 -0.3682620248 0.240969151 
30 15 2.2724902939 1.2334231178 2.0822471147 1.8485419033 -0.0157684073 0.0684880867 -0.121396788 
31 14 2.1733017653 1.3593055151 1.5337038667 1.8302311814 -0.0737746625 -0.1461660971 0.3104232806 
32 13 2.0673664768 1.4305300872 1.4265648575 1.4169092047 0.026161725 0.0094370858 0.0119699782 
33 12 2.1782191227 1.7611891321 0.9424286231 2.0410207915 -0.0335691181 0.446401784 -0.4442128069 
34 12 2.0720591894 1.4084364189 1.2816003562 1.6033925094 0.1880077503 -0.0407481361 0.0546536743 
35 11 2.0404148854 1.712557602 1.4241712257 1.0265640767 0.1077799676 -0.0872257581 -0.1364100765 
36 9 1.9021014809 1.2629709467 1.3869037176 0.9681153795 0.0375544454 -0.193164362 0.2330344325 
37 8 1.8103818562 1.0834920674 1.26365693 0.9303334678 -0.3845920708 -0.1062149803 0.1746544154 
38 7 1.738832562 0.9553372811 0.7345099471 1.3336914504 -0.4358801796 0.0338340368 0.0039459738 
39 7 1.7449175664 0.7519577732 1.0424409011 1.2503386394 0.4758283183 0.0944971201 -0.0209801814 
40 6 1.5864981791 0.8238194853 0.8011636695 0.8919933176 -0.0512081861 -0.026150024 0.0427162075 
41 6 1.6083478675 0.8141380665 0.8746112777 0.8980335186 -0.0775517069 -0.0078205262 -0.0689206686 
42 5 1.5139923651 0.5472387246 0.9791661349 0.7657680221 -0.1152559143 -0.017735202 0.3698735061 
43 5 1.5650633009 0.7182274595 0.7326393753 0.9985563009 0.164192499 -0.288126997 -0.3353320776 
44 4 1.3812107436 0.5909770569 0.5979239532 0.718842108 0.0109703885 -0.0056287804 -0.0181224989 
45 3 1.3353746868 0.3663324195 0.7838471297 0.6330460049 -0.23777224 -0.3950134105 -0.1046897157 
46 1 0.0 0.0 0.0 0.0 0.0 0.0 0.0 
