# Cluster list (160 data points):
# "Cluster Identifier" "Cluster Size" "Radius of Gyration" "Gyration Tensor.XX" "Gyration Tensor.YY" "Gyration Tensor.ZZ" "Gyration Tensor.XY" "Gyration Tensor.XZ" "Gyration Tensor.YZ"
1 38 5.8528703072 7.0142572323 6.1033557097 21.1384778913 -2.5061190796 -7.490674862 6.3875336611 
2 34 3.846125077 2.7668852319 2.5126345711 9.5131583047 0.6478243315 -0.4512245961 0.1543460194 
3 33 3.8924587464 8.4191961879 3.4796165389 3.2524223659 -1.2546814241 -0.5439462233 0.814016566 
4 30 6.6946292532 5.5350622444 1.7489616848 37.5340369082 0.9862578126 9.7705340184 2.2846175646 
5 28 3.7796602351 3.6435740137 4.4289910196 6.2132664593 1.7209752898 -0.8597928978 -2.4428199611 
6 27 3.2956790675 3.1289140303 3.4979298689 4.2346566171 -1.0321414993 0.8420405058 -0.9365179794 
7 24 4.1218610603 3.6397257778 8.8573620863 4.4926507366 2.8698530887 -0.1563640833 2.9459690396 
8 24 3.1690152946 2.7776537227 3.7075891235 3.5574150908 0.1611225488 0.9891679097 0.4094264328 
9 23 4.2275183302 7.6629759791 2.6284762272 7.5804590256 -0.2774922488 -2.7961277211 -1.648087624 
10 22 3.2356057018 4.6917841719 3.2363763217 2.5409837638 1.4646122328 0.7795358975 0.7998456879 
11 20 2.8165151825 3.1556858654 2.4899820214 2.2870898865 0.1430828677 -0.4990683705 0.0032426738 
12 19 3.2578080416 6.028810275 2.1556770179 2.4288259428 -1.3934631361 0.605824625 -0.1779496898 
13 19 3.505406619 6.526632324 3.9374776355 1.8237656053 3.4869148344 -1.2033453381 -0.7840574653 
14 18 2.8569756974 1.5868395697 4.0469070216 2.5285635442 0.0982888853 -0.2031223546 0.5030672145 
15 17 2.7399441226 3.6362576686 2.3044969819 1.5665391445 -0.724298362 -0.3542877968 0.3031827189 
16 16 2.7095655519 2.0713291622 2.7171329754 2.5532833425 -0.7628132315 0.78532658 -0.2385204246 
17 16 2.7516364769 2.3626413386 2.8396238916 2.3692380709 1.2990565604 -0.0660486369 -0.9310050713 
18 15 3.1709221538 4.815446217 2.1341562599 3.1051448288 -0.6004242421 -1.9655521179 -0.2516595194 
19 15 3.3282198711 1.2530371859 8.182426048 1.6415842768 0.5037507 -0.3070520345 0.5742752598 
20 14 2.6036524401 1.4372496544 3.3114189006 2.0303374738 0.3676180635 0.0739378446 -0.1318694911 
21 14 2.8718869827 1.4608373398 2.5325577769 4.2543397245 0.186457828 0.2919065526 -0.340389636 
22 14 2.460804677 1.2901111422 1.9564844628 2.8089640535 -0.0696712815 -0.209546407 -0.8271276989 
23 13 3.5012727762 1.9029730942 7.999317822 2.3566201368 -2.9371980205 -1.3635144332 2.225860982 
24 13 4.3120251698 3.2308691275 1.7660539557 13.5966379821 0.4764480992 -0.1778362181 1.420194486 
25 13 2.4604923389 2.3362202061 1.8688175663 1.8489847771 0.1943755272 0.0653369537 0.0458209025 
26 13 4.1756553358 1.1188411512 5.1415414785 11.1757148539 0.5132291911 -1.3595527528 -6.2459183394 
27 12 3.9825022589 2.5111250408 5.1628059474 8.1863932538 0.0252748872 1.4799324499 -4.4260944362 
28 12 2.742078674 3.3986469407 1.6024274062 2.5179211074 -1.0290536624 1.3074231662 -0.7839351093 
29 12 2.5345811276 3.4794749105 1.1181024709 1.826524111 -0.1631148609 -0.4075267568 -0.1657229763 
30 12 2.5325242253 2.5395376484 2.3428457688 1.5312955344 1.0959925397 -0.5441620036 -0.2110010815 
31 11 3.001332305 1.9386808494 1.0782389346 5.9910758213 -1.0363678982 1.766076604 -1.3135799888 
32 11 2.5079091296 2.6805613488 1.4408029783 2.1682438753 0.4851373079 1.0177228639 0.9205136043 
33 11 2.5811069194 2.1332248028 3.0241777173 1.5047104094 -0.9029537774 0.355144345 -0.2793130401 
34 11 2.9189593643 1.4442283863 5.2499509734 1.8261444108 -1.1276405232 -0.2906683912 2.3223053172 
35 10 2.3998557763 2.0645099775 1.7622568009 1.9325409686 -0.4987257809 0.8407385277 0.1434030594 
36 10 2.2918112202 1.4957783515 1.8705437562 1.8860765614 -0.7135846701 0.174756797 -0.8426202622 
37 10 3.2492764734 3.1998787246 4.5329752632 2.8249436127 2.0258182274 1.8154809541 2.9037584713 
38 9 2.5635485347 3.5013488858 1.5583491293 1.5120830749 1.4248979275 -1.1313987324 -0.2359617401 
39 9 2.8641518421 4.0410837266 2.3290953079 1.8331867403 -1.1830262658 -1.5250374224 -0.5497970177 
40 9 3.0675153581 2.3267268474 5.7891809712 1.2937426537 3.0573518049 0.1854959781 0.2223752354 
41 8 2.1513373593 1.9807772448 1.6957006401 0.9517745488 -0.6864167923 -0.233821095 -0.4125369577 
42 8 2.151512192 1.8447589385 1.7583371205 1.0259086532 -0.6304110502 0.6505640192 -0.2911244299 
43 8 2.9763720327 6.5639341618 1.091502463 1.203353852 1.9390938682 1.2177787318 0.0724244973 
44 8 3.1993270158 1.1373960377 2.0762999899 7.0219973265 1.1110726931 -1.6749754296 -2.3255392539 
45 8 2.3686342517 3.0337322428 1.4558234669 1.1208725087 0.166983265 1.0040897408 0.552836729 
46 7 2.8939226658 0.6488821563 4.1303575424 3.5955486967 0.3436602382 0.564757852 3.0724917367 
47 7 3.0592290428 2.6358259279 5.722807039 1.0002493692 2.9001438958 1.3150788704 1.3705991522 
48 7 2.2888362262 2.2381236563 2.0476325994 0.9530150146 -0.4443259504 -0.3558201518 -0.2784781977 
49 7 1.8152853706 0.9298680742 1.2640873399 1.1013055627 -0.0565282813 -0.2144486868 -0.4429514694 
50 6 2.142911751 1.3366616863 0.6098071645 2.6456019217 0.3549336982 -1.1098785565 -0.5455889182 
51 6 2.1353455449 0.8772321863 2.0464577129 1.6360106969 -0.6901368545 0.6053524613 -1.016382686 
52 6 2.44815891 1.1009982418 2.8978878404 1.9945959667 1.1454579171 -0.5220138482 -0.8823132869 
53 6 1.8939987093 1.5456346385 0.6033738042 1.4382226681 0.4578901663 -0.2121153211 -0.4001943602 
54 6 1.9396063287 0.9591422707 1.4110840653 1.3918463743 -0.3772073201 -0.0156526236 0.9017198191 
55 6 1.9040695744 1.1075993033 0.4172031244 2.1006785166 0.0797525359 0.7269335036 0.223063729 
56 5 2.1079764095 0.6479147696 1.5969464471 2.1987033265 0.267627876 0.6572010763 -0.4516465157 
57 5 1.7203072381 0.8590291404 1.2386114627 0.8618163904 0.3946141917 0.4646431609 0.4080045326 
58 5 2.0207320132 1.4997281752 1.8021092303 0.7815204636 -1.0109515347 -0.5682145152 0.7951208016 
59 5 2.1088535245 2.0437121166 0.7359241251 1.6676269463 0.2017186341 -0.9097304734 -0.260344229 
60 5 1.89423896 1.8077142111 1.3311606264 0.4492663999 -1.1158806961 -0.3032442365 -0.1599880884 
61 5 1.7542272107 1.2360425489 0.4628125609 1.3784579969 -0.0768688626 -0.0205949689 -0.1474620943 
62 5 1.828973567 0.5003549932 1.8558910249 0.9888982906 -0.1087435348 0.0842345868 0.2628662638 
63 4 1.6372005498 0.8614620374 1.1065829914 0.7123806114 -0.375241742 -0.3195522419 0.8516498254 
64 4 2.3457580922 0.0974298931 5.0767204081 0.3284307259 -0.1345822634 0.1617233319 -0.751982166 
65 4 1.8763323565 0.785961423 1.0578460446 1.6768156444 -0.1841660399 -0.821165578 0.4549232772 
66 4 1.7911939791 0.8704924133 1.7004223949 0.6374610624 0.8957006707 0.3401110531 0.1083046993 
67 4 2.3455815478 1.1603683328 3.5922230554 0.7491614092 -1.8808854618 -0.2600744689 0.9516985718 
68 3 1.4823974448 0.8371283619 0.9475117112 0.4128621114 -0.0438382155 0.5731029635 0.1092314924 
69 3 1.4416624466 0.349158275 0.5988203892 1.1304119457 -0.400938006 -0.1505100346 -0.2112203087 
70 3 1.6130919754 1.4756757607 0.9740999232 0.1522900373 -0.0650396101 0.4616614063 0.067027134 
71 3 1.741532959 0.377249185 0.1004781016 2.5552097608 0.0538888384 -0.9546612393 -0.0226615645 
72 3 1.8756113508 2.4196539497 0.6711189737 0.427145016 1.0253578697 -0.8044207331 -0.1464868885 
73 3 1.3725863303 0.2926006797 0.5508534276 1.0405391267 0.2572544736 -0.2363185221 0.3174612165 
74 3 1.6997876587 0.4808959421 1.5931161291 0.8152660135 -0.1878071002 0.5855691423 -0.622870544 
75 3 1.5181528359 0.8508105972 0.3274298051 1.126547631 0.1489959775 -0.6585584401 0.315791896 
76 3 1.9315128381 0.4831962228 1.4280254127 1.8195202084 0.6991246624 0.9326617281 1.2597818164 
77 3 1.8397687578 0.5530181157 2.1786721857 0.6530587806 0.8103202223 0.4819421654 0.2255104915 
78 3 1.4473879381 0.5063003431 0.3051705849 1.2834609152 -0.3875182525 -0.0135149374 -0.0945012533 
79 3 1.7288051326 1.3702202295 1.4180493909 0.200497566 1.1254927008 0.2824448406 -0.0329997751 
80 3 1.9533799346 2.2840288676 0.6503776604 0.8812866409 1.2158633114 1.0500612737 0.5236418123 
81 3 1.8246163645 0.0097613166 1.1206741785 2.1987893826 0.0612390656 -0.1134041692 -1.5170978524 
82 3 1.2853886024 0.7717795974 0.3937422539 0.4867020079 -0.2819624214 -0.1168621145 -0.3265674014 
83 3 1.5534959172 0.5520562322 0.384310666 1.4769826667 0.445046836 0.1784787252 0.3342385388 
84 3 1.7998248954 0.6566912672 0.2903564583 2.2923219287 -0.1970160677 0.6342981977 -0.8135298909 
85 3 1.4910144202 0.8946300957 1.0558259328 0.2726679728 -0.6898836595 -0.0219866299 -0.3606014146 
86 3 2.083923174 3.9629909057 0.0420230108 0.3377218784 -0.0722173001 -0.6887473176 -0.0816561578 
87 3 1.3393802346 0.8840732008 0.0412794355 0.8685867764 0.1404288092 -0.0880639664 -0.1417127558 
88 3 1.3777231182 0.0970173965 0.7719682252 1.0291353687 -0.0221262602 0.3101528932 0.0991091852 
89 3 1.6266815322 1.6048456983 0.6806258718 0.3606212371 -0.0618254567 0.7041029299 0.1601433311 
90 3 1.3603220422 0.7044374145 1.1190087433 0.0270299006 0.0615351879 0.1377774449 0.0024392811 
91 2 1.3229884175 0.2587168842 1.36949608 0.1220853886 0.595240925 -0.1777232437 -0.4088954159 
92 2 1.1136926361 0.2245720208 0.0092150646 1.0065242023 0.0454911605 -0.4754336695 -0.0963077649 
93 2 1.3562311465 0.0207081469 1.3024616627 0.516193113 -0.1642302271 -0.1033895683 0.8199522793 
94 2 1.3836328145 1.0201736677e-04 1.341838774 0.5724989741 0.0117000367 0.0076423058 0.8764709473 
95 2 1.4089967255 0.2653113105 1.6385726608 0.081387801 -0.6593419902 -0.1469459225 0.365184646 
96 2 1.4528318098 1.2348718889 0.4569162062 0.4189321724 -0.7511544306 0.7192548665 -0.43751217 
97 2 1.0481172109 1.0784412957 0.0190646711 0.001043721 0.143388035 0.033549841 0.0044607396 
98 2 1.4574073214 1.924306636 0.0995628308 0.1001666335 0.4377092826 -0.4390345288 -0.0998642758 
99 2 1.2315147694 0.3984084182 0.9994669671 0.118753242 0.6310277755 0.2175138876 0.3445140673 
100 2 1.1676938686 0.0027150997 0.9858861836 0.3749076874 -0.0517376006 -0.0319047294 0.6079607792 
101 2 1.159030426 1.0497465921 0.2384171821 0.0551877541 -0.5002775474 0.240693076 -0.1147070566 
102 2 1.2149489237 0.5532468404 0.0686078187 0.8542462281 -0.1948257142 -0.6874656548 0.2420908307 
103 2 1.1462325386 0.0122983704 0.0273172762 1.274233386 -0.0183291566 0.1251838413 -0.1865705909 
104 2 1.1942169854 0.024433736 1.3501263992 0.0515940731 0.1816277292 -0.0355054357 -0.2639290059 
105 2 1.4526762566 0.413861957 0.1332840149 1.5631223344 0.2348641805 0.804311425 0.4564419137 
106 2 1.158529991 0.1563704227 0.648753483 0.5370678343 0.3185056614 0.2897956595 0.5902750444 
107 2 1.4597946364 1.3488518066 0.1084784862 0.6736700877 -0.3825198061 -0.9532476671 0.2703307443 
108 2 1.1493676177 0.9483042081 0.2929012272 0.0798404853 -0.5270289046 -0.2751600774 0.1529227783 
109 2 1.1628082824 0.0261384125 0.1443101814 1.1816745078 0.0614169281 -0.1757472496 -0.4129499516 
110 2 1.0368630334 0.4858778373 0.0063655494 0.5828415634 -0.0556136618 0.5321558027 -0.0609106458 
111 2 1.3459553861 1.7506203463 0.0221798825 0.0387956726 -0.1970496222 -0.2606079313 0.0293339984 
112 1 0.0 0.0 0.0 0.0 0.0 0.0 0.0 
113 1 0.0 0.0 0.0 0.0 0.0 0.0 0.0 
114 1 0.0 0.0 0.0 0.0 0.0 0.0 0.0 
115 1 0.0 0.0 0.0 0.0 0.0 0.0 0.0 
116 1 0.0 0.0 0.0 0.0 0.0 0.0 0.0 
117 1 0.0 0.0 0.0 0.0 0.0 0.0 0.0 
118 1 0.0 0.0 0.0 0.0 0.0 0.0 0.0 
119 1 0.0 0.0 0.0 0.0 0.0 0.0 0.0 
120 1 0.0 0.0 0.0 0.0 0.0 0.0 0.0 
121 1 0.0 0.0 0.0 0.0 0.0 0.0 0.0 
122 1 0.0 0.0 0.0 0.0 0.0 0.0 0.0 
123 1 0.0 0.0 0.0 0.0 0.0 0.0 0.0 
124 1 0.0 0.0 0.0 0.0 0.0 0.0 0.0 
125 1 0.0 0.0 0.0 0.0 0.0 0.0 0.0 
126 1 0.0 0.0 0.0 0.0 0.0 0.0 0.0 
127 1 0.0 0.0 0.0 0.0 0.0 0.0 0.0 
128 1 0.0 0.0 0.0 0.0 0.0 0.0 0.0 
129 1 0.0 0.0 0.0 0.0 0.0 0.0 0.0 
130 1 0.0 0.0 0.0 0.0 0.0 0.0 0.0 
131 1 0.0 0.0 0.0 0.0 0.0 0.0 0.0 
132 1 0.0 0.0 0.0 0.0 0.0 0.0 0.0 
133 1 0.0 0.0 0.0 0.0 0.0 0.0 0.0 
134 1 0.0 0.0 0.0 0.0 0.0 0.0 0.0 
135 1 0.0 0.0 0.0 0.0 0.0 0.0 0.0 
136 1 0.0 0.0 0.0 0.0 0.0 0.0 0.0 
137 1 0.0 0.0 0.0 0.0 0.0 0.0 0.0 
138 1 0.0 0.0 0.0 0.0 0.0 0.0 0.0 
139 1 0.0 0.0 0.0 0.0 0.0 0.0 0.0 
140 1 0.0 0.0 0.0 0.0 0.0 0.0 0.0 
141 1 0.0 0.0 0.0 0.0 0.0 0.0 0.0 
142 1 0.0 0.0 0.0 0.0 0.0 0.0 0.0 
143 1 0.0 0.0 0.0 0.0 0.0 0.0 0.0 
144 1 0.0 0.0 0.0 0.0 0.0 0.0 0.0 
145 1 0.0 0.0 0.0 0.0 0.0 0.0 0.0 
146 1 0.0 0.0 0.0 0.0 0.0 0.0 0.0 
147 1 0.0 0.0 0.0 0.0 0.0 0.0 0.0 
148 1 0.0 0.0 0.0 0.0 0.0 0.0 0.0 
149 1 0.0 0.0 0.0 0.0 0.0 0.0 0.0 
150 1 0.0 0.0 0.0 0.0 0.0 0.0 0.0 
151 1 0.0 0.0 0.0 0.0 0.0 0.0 0.0 
152 1 0.0 0.0 0.0 0.0 0.0 0.0 0.0 
153 1 0.0 0.0 0.0 0.0 0.0 0.0 0.0 
154 1 0.0 0.0 0.0 0.0 0.0 0.0 0.0 
155 1 0.0 0.0 0.0 0.0 0.0 0.0 0.0 
156 1 0.0 0.0 0.0 0.0 0.0 0.0 0.0 
157 1 0.0 0.0 0.0 0.0 0.0 0.0 0.0 
158 1 0.0 0.0 0.0 0.0 0.0 0.0 0.0 
159 1 0.0 0.0 0.0 0.0 0.0 0.0 0.0 
160 1 0.0 0.0 0.0 0.0 0.0 0.0 0.0 
