# Cluster list (598 data points):
# "Cluster Identifier" "Cluster Size" "Radius of Gyration" "Gyration Tensor.XX" "Gyration Tensor.YY" "Gyration Tensor.ZZ" "Gyration Tensor.XY" "Gyration Tensor.XZ" "Gyration Tensor.YZ"
1 11 3.7280980565 3.2158556901 5.3905258775 5.2923335514 -2.6571764685 1.0009512051 0.789360199 
2 11 3.7714287019 4.5399755382 4.3767877742 5.3069111409 -1.8979401033 -2.5803302659 2.9159139833 
3 8 3.9330632433 3.1542036757 8.498739832 3.8160429679 -2.1790385851 0.9385758802 2.4763900751 
4 8 4.8615247624 5.1652598945 17.6451353516 0.824027769 -5.5105868513 -0.4958608184 2.1635255222 
5 8 3.8216406894 1.4329393663 8.7991787859 4.3728194069 0.2051533475 1.4671958521 -3.747204697 
6 7 2.7928723078 1.370481478 1.8467959087 4.582858341 0.559905838 1.455490889 -0.0889023777 
7 7 2.9038835475 1.4535306423 3.017093808 3.9619152069 -0.7384361882 -0.9748027517 -0.2241980102 
8 7 3.0715773151 2.4447430701 4.6223220383 2.3675220941 -2.7618768108 -0.9796251687 0.8448648681 
9 6 3.460974256 2.8490064885 7.88812258 1.2412137321 0.2083355595 0.7365645678 -0.4622134646 
10 6 2.7692757387 0.4799145268 3.4499061936 3.7390673963 -0.3198486549 0.2053092319 3.0857209442 
11 6 3.9469754907 6.172424519 3.4941034585 5.912087547 -2.5779981091 3.9135381527 -4.290724202 
12 6 3.2147399342 3.7647034808 6.0218143507 0.5480350131 3.9101291799 -0.892868951 -0.6539775123 
13 5 2.8918930543 1.4048247239 1.7174176787 5.2408030346 0.3038480479 -2.3220813329 -0.3589598425 
14 5 2.9007239313 0.8658535236 0.9362921384 6.6120536637 0.5042421712 0.5935214331 1.0204030932 
15 5 2.6031777242 0.4771310601 1.9694000953 4.3300031086 -0.6595220446 -1.0182433901 0.9913114225 
16 5 2.3935258269 3.5550582719 1.3260164281 0.8478911843 0.8708308279 -1.4892347188 -0.4988356948 
17 5 2.56956596 3.7116685571 1.5273563128 1.3636443529 2.1264843809 0.2092484738 -0.1361126511 
18 5 2.6138243781 4.2991537415 1.5398614204 0.9930627176 0.5230423732 -1.0746614689 -0.6665869611 
19 5 2.4295551721 2.2925117025 3.0563462704 0.5538803613 1.9171147869 -0.8655694913 -0.5789000347 
20 5 2.9825886052 1.2427766901 5.4717347141 2.1813233837 0.123614061 0.6433742699 -2.1999870113 
21 5 2.8984290437 7.7022466263 0.3752172543 0.3234270408 0.4493551207 0.6308501207 -0.1034562224 
22 5 2.6265440092 5.1442522932 1.285511265 0.4689698742 0.7032426561 0.2035929783 0.6626325447 
23 5 2.7571971329 5.3445716903 1.1185634288 1.1390009107 0.7450365894 0.5163227704 0.4807083835 
24 5 2.3967348063 3.5314741067 0.5355855475 1.6772780774 -0.4648940872 0.883446242 0.2847458581 
25 5 3.0169220241 3.5900717705 0.7493856245 4.7623611047 0.760532805 3.485274079 1.3783856838 
26 4 1.6667768623 0.1492798241 2.4813970018 0.1474682828 -0.4228580616 -0.1284114789 0.5794133957 
27 4 1.838619358 1.2617941214 1.0309367372 1.0877902849 0.4393578034 -0.0086478235 0.9570766857 
28 4 2.3994398926 2.6797313326 1.8594438559 1.2181366097 -2.1120935059 -0.8237418267 0.5461874377 
29 4 1.9401813882 0.4377313008 0.8331814663 2.4933910519 -0.1057003992 -0.5986720747 -0.4235203817 
30 4 2.792965286 0.5019927906 2.3310907659 4.9675715324 -0.7353905971 1.3030270215 -0.5023839448 
31 4 2.2031404344 1.4815001818 0.9848062395 2.3875213525 1.1993735537 1.0888145553 1.010082075 
32 4 2.1462029043 3.3131142998 0.3856756477 0.9073969587 -0.4493266458 -1.1721219426 0.2227860139 
33 4 1.9678702243 1.7944980232 1.8435912505 0.2344239459 -0.3484883903 -0.0317121472 -0.4341522142 
34 4 2.8354566043 0.1826938878 7.4213914838 0.4357287834 1.0858309939 0.2349361503 1.1048039305 
35 4 2.2219981835 0.8805904131 3.145358158 0.9113273564 -1.1691962816 -0.8101877133 1.5713896086 
36 4 2.5041360659 0.8324774574 2.2830501932 3.1551697858 -1.1471395796 0.9555371149 -2.0574410674 
37 4 2.2671941969 0.2068132988 1.031907874 3.9014483536 -0.1185562379 -0.1061314018 -0.5817695933 
38 4 2.6642219657 0.855661034 0.7047474251 5.5376702233 0.427322994 2.0068889476 1.6347599716 
39 4 1.7635362253 0.785631909 1.0934495794 1.2309785295 0.3720899993 -0.1680725177 -0.5159043024 
40 4 2.3257854996 3.9757018676 1.0037643366 0.4298119859 -1.8012136064 -0.351349201 0.4325912498 
41 4 3.1147918461 1.1681277976 7.9382674721 0.5955329752 -2.9062425772 -0.2060671769 -0.0544885884 
42 4 2.5940119814 4.0033101127 2.13849257 0.587095477 -2.6990247411 0.3579967902 -0.6023754826 
43 4 1.9927303852 0.4901125756 1.8977161095 1.583145703 0.1458176429 0.6826967282 0.547288186 
44 4 2.374041572 2.8492994222 0.5536778126 2.233096151 -0.9259246135 0.6618562314 0.0297173554 
45 4 1.8637186007 2.2999507212 0.8321248044 0.3413714969 -0.2138279041 0.8398409166 -0.1504512718 
46 4 2.10220943 3.4177430458 0.6445941775 0.3569472643 -1.1846565662 -0.975839225 0.3862739452 
47 4 2.5809258938 3.158123474 1.2437869393 2.2592680561 0.9740775206 1.9935150543 1.0589570617 
48 4 2.0250443228 0.9247910967 0.7314271875 2.444586225 -0.4640584222 0.3429844503 0.8212297314 
49 4 1.8086835453 0.2319970754 0.7479475635 2.2913915283 0.1332739863 0.186002909 0.2762970424 
50 3 1.1667971161 0.2803513489 0.2320322113 0.84903195 -0.2242481447 -0.2122810837 0.360182595 
51 3 0.6733770678 0.003180365 0.0399278515 0.410328459 0.0112584887 -0.0357490498 -0.1257653789 
52 3 2.0534310737 0.2441675956 1.383028401 2.5893831779 -0.5721480937 -0.7846513102 1.7850472079 
53 3 1.7040440976 0.4186237598 0.6038405653 1.8813019614 -0.4896256477 -0.5172828263 0.4082511804 
54 3 1.8463692001 0.5832249393 1.4496632526 1.3761910313 -0.667498363 -0.0922081524 -0.8607380467 
55 3 0.3786836916 0.0765393662 0.0313291515 0.0355328205 -0.0463179214 0.0286485586 -0.0263847463 
56 3 1.2446739227 0.2930335245 0.860551677 0.3956279724 0.4952561268 0.3315658931 0.5384418973 
57 3 1.8309030524 1.0939472536 0.0053580449 2.2529006889 -0.0149720567 -0.5890060876 0.1079375307 
58 3 2.1625109383 0.4286264423 2.6583995899 1.5894275261 0.9421624311 -0.5543488324 -1.9344213693 
59 3 1.8581292649 0.2082525577 1.8874990994 1.3568927079 -0.3957294513 -0.5033799844 0.5576256856 
60 3 1.0947099024 0.3480679879 0.4392711885 0.411050594 -0.1641328112 -0.2903357627 -0.1102955964 
61 3 2.3406119907 2.133449818 1.6552303404 1.6897843327 -1.8777753076 1.8333749512 -1.5967954277 
62 3 2.1766107541 2.0448971782 2.2789373459 0.4137998509 1.8166396365 -0.0439768592 0.4849353507 
63 3 1.5256772356 0.5207680927 1.0068943508 0.8000285837 -0.1707922356 0.1395950549 0.8057758767 
64 3 2.2490895983 3.0500392324 0.3251724445 1.6831923445 -0.8380515331 1.5909653042 -0.7217186964 
65 3 1.9975996995 1.2381917926 2.0498993932 0.7023133738 1.2265288491 0.728072648 1.1996849837 
66 3 1.9606722395 1.5827285727 2.1430098966 0.1184971615 0.9113708124 0.432189749 0.220973264 
67 3 1.4868325252 0.4051119348 1.5951673127 0.2103917105 0.2338819959 0.2331911451 0.468104744 
68 3 1.4947599626 0.7700878071 0.2748555714 1.1893639672 0.3619316588 0.7676669294 0.5715698029 
69 3 1.8343554259 0.5661910907 1.5801379729 1.2185307651 -0.4630088121 -0.1306738106 -1.0880618134 
70 3 1.8956911703 1.2600884358 0.3290430017 2.0045135755 -0.5910313087 1.5771880696 -0.7794746335 
71 3 1.9977032979 3.1774534911 0.6519129099 0.1614520652 0.501690726 0.7161208476 0.1074149555 
72 3 2.3320138631 1.0149830404 3.2462774232 1.1770281942 1.1983092055 -0.5364274027 -1.9125789314 
73 3 2.3096451217 1.1618000241 3.0779704597 1.0946901046 -1.62813119 0.231060188 -1.2376642472 
74 3 2.0231783612 0.2630165302 0.9833844552 2.8468496958 -0.2648723693 0.2912643169 1.0516805402 
75 3 1.8937549386 1.3876265219 1.4343845473 0.7642966982 0.4709279712 -1.0127855235 -0.1648682798 
76 3 1.0769840655 0.0719099999 1.0725486354 0.015436042 -0.038405153 0.0202562436 -0.1119934661 
77 3 1.9898111286 2.5545205883 0.5476077691 0.8572199702 -0.8760880913 1.3380216336 -0.6554780879 
78 3 2.2455409318 0.4554576336 1.640442423 2.9465540197 -0.8624544061 1.0732677128 -1.9771402583 
79 3 1.2175926018 0.5078788076 0.544294231 0.4303587052 0.3029065245 -0.0174204743 0.384928698 
80 3 1.5242328142 1.4076804045 0.4376841333 0.4779211341 -0.6379134531 0.8066763022 -0.3173300233 
81 3 1.9061694471 1.6046229013 1.8246507422 0.2042083176 1.7110245499 0.5224453344 0.559490009 
82 3 1.9043921483 0.7122163741 1.5441645201 1.3703285602 0.9118176988 0.8084821126 1.4480162179 
83 3 1.715196408 0.0237480847 1.4544251273 1.4637255061 -0.1563173735 0.1863219914 -1.2547594 
84 3 1.7397771051 1.2994647199 1.361980889 0.3653787665 1.3222880419 0.6439378195 0.6276399002 
85 3 1.6339714374 0.2724312459 1.9400078082 0.4574236043 -0.130997699 -0.2976399562 -0.3550988021 
86 3 1.6973068865 0.5217473201 1.7087661538 0.6503371932 0.7093504922 0.5359975553 0.4563049438 
87 3 2.321584616 1.7904960778 2.1712023206 1.4280567309 -1.9509971666 1.2249092261 -1.1711863676 
88 3 1.7702508104 1.1672822047 0.6170727386 1.3494329885 -0.8486975069 1.2034776196 -0.8740223911 
89 3 1.0683623201 0.1613735228 0.5620953074 0.4179292167 0.0554941935 -0.1281904325 -0.458383749 
90 2 0.9430660785 0.2390504922 0.2765380923 0.3737850439 0.2571119738 0.2989205559 0.3215055256 
91 2 1.6731562202 4.5873461204e-05 2.6947883716 0.104617492 -0.0111184203 -0.0021907 0.5309632765 
92 2 1.4377120747 0.8222625158 0.4862847544 0.7584687395 0.6323398813 0.789721732 0.6073152268 
93 2 1.7307168807 0.9102806749 0.0662481508 2.0188520954 0.2455695653 1.3556260723 0.3657119331 
94 2 1.4074918277 1.4538594826 0.0120708835 0.5151028789 -0.1324740296 -0.8653826928 0.0788526909 
95 2 1.6880279173 0.2503210144 1.1350794554 1.4640377799 0.533042438 0.605375439 1.2891079109 
96 2 1.374071447 1.1742283255 0.5423125371 0.1715314788 -0.7979967057 0.4487951885 -0.3049978221 
97 2 1.5486161155 0.2825438079 1.4271559966 0.6885120686 0.6350071573 -0.4410610181 -0.9912689481 
98 2 1.1599275261 0.3753796528 0.4406655764 0.5293866366 0.406714754 -0.445781305 -0.4829932374 
99 2 1.7332720789 0.4291995718 0.6893059981 1.8857265294 0.5439208024 0.8996404943 1.1401064019 
100 2 1.5695273639 1.4085868812 0.2199116739 0.8349175909 0.5565650895 -1.0844602184 -0.4284951866 
101 2 0.7862315278 0.0183922988 0.2641268252 0.3356408912 0.0696986334 0.0785697625 0.2977444592 
102 2 0.9803063565 0.5050335419 0.4001965724 0.0557704384 0.4495694523 0.1678271194 0.1493959112 
103 2 1.4063922879 0.1781861791 1.4519811477 0.3477719407 0.5086481818 -0.2489340341 -0.7106041807 
104 2 1.2718751544 1.4538594826 0.0515534647 0.1122534612 0.2737727042 -0.4039811369 -0.0760726945 
105 2 0.7744276171 0.0912391682 0.0305331776 0.4779657883 -0.0527808841 -0.2088281613 0.1208048605 
106 2 0.4548005553 0.1776612177 0.0195989613 0.0095833661 0.0590082649 -0.0412624829 -0.0137048904 
107 2 0.8570778791 0.1011014575 0.4837857737 0.1496952596 -0.2211593246 -0.1230219856 0.269110455 
108 2 1.7310884804 0.0259677788 1.1661784026 1.8045211455 0.1740202942 -0.216470335 -1.450652814 
109 2 1.0138926534 0.9825917635 8.7808910757e-04 0.0445084601 -0.0293735106 0.2091259102 -0.0062515913 
110 2 0.6328184822 4.2947202076e-05 0.2542291619 0.1461871224 -0.0033043049 0.0025056592 -0.1927823374 
111 2 1.3960356265 0.6896029487 0.0965279339 1.162784588 0.2580037749 0.8954661806 0.3350241691 
112 2 1.2060519695 4.1616192993e-04 0.4137539848 1.0403912064 0.0131220676 -0.0208079603 -0.6560990835 
113 2 1.7065620533 0.4672573889 2.298063092 0.1470335608 -1.0362369227 -0.2621116512 0.5812851274 
114 2 0.7957028774 0.0321024487 0.3203324353 0.2807081851 -0.1014073743 -0.0949285 0.2998665312 
115 2 1.7181334307 0.8588252467 0.6038704632 1.4892867756 0.7201522058 -1.1309452164 -0.9483334303 
116 2 0.7114979824 0.4415833784 0.033083976 0.0315620245 0.1208690776 0.1180561959 0.0323140412 
117 2 1.5791125999 0.0356547498 0.4350429356 2.0228989179 -0.1245445584 -0.2685627577 0.9381086737 
118 2 1.5312371931 2.1536758264 0.1637522131 0.0272593019 -0.593859565 -0.2422967179 0.0668114587 
119 2 1.688999167 0.054067816 2.4033683703 0.3952819998 -0.3604786802 -0.1461917728 0.9746836695 
120 2 0.8899269595 0.0178584525 0.7486882854 0.0254232553 0.115630507 0.021307745 0.137964102 
121 2 1.5746581553 0.206810195 2.1183459755 0.1543921355 -0.6618878639 0.1786893048 -0.571888065 
122 2 1.5815684615 0.0132365752 2.0584776902 0.4296445331 -0.165067243 0.0754123475 -0.9404327122 
123 2 0.6307267698 0.076823838 0.281258699 0.039733721 0.146994465 0.0552494068 0.1057140231 
124 2 0.9985516129 0.4169266141 0.5450922964 0.0350864132 -0.4767216016 0.1209481684 -0.1382943727 
125 2 0.8538425154 0.1150847985 0.4248024179 0.1891598246 0.2211069892 0.1475446383 0.2834705468 
126 2 0.9697525223 0.6439201693 0.1049570758 0.1915427093 -0.2599691867 0.3511954069 -0.1417877381 
127 2 1.6248766482 0.0943111776 2.4671634314 0.0787495128 -0.4823702815 0.0861798079 -0.4407810321 
128 2 1.3709152883 0.6300947774 0.0176381073 1.2316758429 -0.1054214366 -0.8809497807 0.1473920985 
129 2 0.6391401874 0.0223788847 0.0011806705 0.384940624 -0.005140242 0.0928145561 -0.0213187247 
130 2 1.2323308982 0.6448495452 0.8289400078 0.0448498897 0.7311235101 0.1700630206 0.192815632 
131 2 0.3947123915 0.1060375037 0.0484949974 0.0012653709 0.0717097516 -0.0115834697 -0.0078335278 
132 2 1.4956698914 1.3480364607 0.0096524831 0.8793394801 0.1140697117 1.0887523504 0.0921293083 
133 2 0.9737817534 0.0308139464 0.1544865806 0.7629503762 -0.068995226 0.1533281187 -0.3433155907 
134 2 1.0172278394 0.0190286082 0.5184017578 0.4973221113 0.0993200079 -0.097279739 -0.5077525546 
135 2 1.301472688 0.1577645163 0.2434638894 1.2926027519 -0.1959845982 -0.4515826036 0.5609831489 
136 2 1.3735666473 1.7422682764 0.1279038316 0.0165132265 0.4720622716 -0.1696186034 -0.0459576429 
137 2 1.5135119666 0.9100695932 1.0234262476 0.3572226322 -0.9650850267 0.5701731803 -0.6046412308 
138 2 1.6296103566 2.5478878956 0.0939219104 0.0138201082 -0.4891855464 0.1876488378 -0.0360279192 
139 2 1.467678643 0.4954568887 1.63712271 0.0215010005 0.900624075 0.1032124934 0.1876160338 
140 2 0.7461009281 0.0937521786 0.0056345599 0.4572798565 0.0229837391 0.2070530917 0.0507599323 
141 2 0.7808066656 0.0543858326 0.0047805315 0.5504926849 0.0161243042 0.173028908 0.0512995871 
142 2 0.5867270313 0.0928702165 0.181521199 0.0698571937 0.1298380262 0.0805459664 0.1126079995 
143 2 1.6235890643 2.4889225709 0.1258791388 0.02123974 0.5597351426 -0.2299218744 -0.0517072546 
144 2 1.4427608755 0.0206334204 0.7258897775 1.3350357459 -0.1223829602 -0.1659709426 0.9844230801 
145 2 1.0038585424 0.0105992132 0.9417443658 0.0553883941 -0.0999087049 0.0242295976 -0.2283893781 
146 2 1.3172546304 0.2170458744 1.0202892605 0.4978246265 0.4705842907 0.3287107868 0.7126886557 
147 2 1.4983546226 1.2522409445 0.3728422529 0.6199833776 -0.6832922763 0.8811177959 -0.4807868543 
148 2 1.3464160924 0.5596468957 0.0027364348 1.2504529633 0.0391335822 -0.8365477387 -0.0584960087 
149 2 0.9882140246 0.0964926778 0.7125362026 0.167538078 -0.2622108431 -0.1271463636 0.34550969 
150 2 1.5436520114 0.7613601638 1.353605368 0.2678960004 -1.0151754551 0.4516252237 -0.6021839122 
151 2 1.7427704325 2.1732579379 0.1454438559 0.7185469868 -0.5622161633 -1.2496351239 0.323277349 
152 2 1.3139546294 1.2208501159 0.0229778128 0.4826488394 0.1674887023 -0.7676209296 -0.1053100882 
153 2 0.7512911664 0.5089562377 0.0158905248 0.0395916542 0.089930983 -0.1419521728 -0.0250825071 
154 2 1.5497546364 1.4131692856 0.2197560678 0.7688140798 0.5572723978 -1.0423360513 -0.4110371748 
155 2 1.0804265306 0.9436944332 0.0311231658 0.1925038889 -0.1713789902 -0.4262215954 0.077403685 
156 2 0.7531998053 0.0383413072 0.2844825588 0.2444860808 0.1044386574 -0.0968189853 -0.2637271807 
157 2 1.2632222003 1.4937627293 0.100920053 0.0010475449 -0.3882661636 0.0395573456 -0.01028194 
158 2 1.3267320845 0.731365906 0.2436505032 0.7852016148 -0.4221346598 0.7578058395 -0.4373954373 
159 2 0.9959103846 0.0429966986 0.8183859657 0.1304548298 -0.1875843668 -0.0748941052 0.3267451635 
160 2 0.6934208131 0.0236820262 0.1726485096 0.2845018882 -0.0639426816 0.0820827703 -0.2216276764 
161 2 1.5147672507 0.0049303787 0.0141780182 2.2754114269 -0.0083608014 0.1059180822 -0.1796129857 
162 2 1.0472198565 0.0704264943 0.6959895641 0.3302533694 0.2213958109 0.1525076623 0.479429764 
163 2 1.6820146742 0.3894719063 1.0455424082 1.3941590498 -0.6381296066 0.7368756902 -1.207332767 
164 2 1.1178664081 1.2214750605 0.0036868565 0.0244633893 0.0671074007 0.1728624306 0.0094969998 
165 2 1.025102184 0.0272382069 0.0226300349 1.0009662458 0.0248274359 0.1651197315 0.1505054851 
166 2 1.0008992106 0.0233824142 0.9343532415 0.0440635741 0.1478087768 0.032098485 0.2029062426 
167 2 1.7479395236 0.9220899455 0.6645539084 1.4686487244 0.7828016845 -1.1637122592 -0.9879252249 
168 2 1.5617312626 2.2839328289 0.0074272752 0.1476444325 -0.1302436087 -0.580697827 0.0331148883 
169 2 0.9029295616 0.6859568756 0.0858921668 0.0434327508 0.242730967 0.1726064717 0.06107809 
170 2 1.3355976423 0.0807028172 1.7012714397 0.0018468052 0.3705366352 -0.0122082917 -0.0560528057 
171 2 0.986045744 0.5664350426 0.0348258665 0.3710253003 -0.1404513836 0.4584339993 -0.1136717976 
172 2 0.9692558719 0.2473036431 0.6171346866 0.0750186155 -0.390665658 -0.1362071103 0.2151664234 
173 2 1.5311315335 0.1888803683 1.7735298979 0.3819535068 0.57877887 -0.2685954561 -0.8230467568 
174 2 1.2727386357 0.0543378039 0.3335980768 1.2319277541 0.134636499 0.2587281366 0.6410684282 
175 2 0.820455521 0.084361293 0.3222712762 0.2665146927 0.1648854801 0.1499450702 0.2930700089 
176 2 0.9195674385 0.1957211164 0.5833804625 0.066502695 0.3379051278 -0.1140876054 -0.1969679491 
177 2 1.4826543448 0.0693122963 0.6539217904 1.4750298196 -0.2128962679 -0.3197463118 0.9821171725 
178 2 1.5559892775 1.3714400773 0.4651291779 0.5845333765 -0.7986844156 -0.8953504895 0.5214245189 
179 2 0.9731135379 0.6132067899 0.3292868984 0.0044562694 0.4493561638 0.0522744167 0.0383065415 
180 2 1.2896168239 5.752758625e-06 1.3453828274 0.3177229723 0.0027820249 0.0013519555 0.6538035109 
181 2 0.9397310649 0.0113867097 0.0251209513 0.8465868134 -0.0169128643 -0.0981826779 0.1458323218 
182 2 1.0117134959 0.8724932066 0.0053800757 0.1456909155 0.0685133524 -0.3565309721 -0.0279969311 
183 2 1.4888708153 0.0061748011 0.1491259107 2.0614355928 -0.0303450628 0.1128226696 -0.5544487895 
184 2 1.5389571533 1.226752879 0.9019026887 0.2397335521 -1.0518610744 -0.5423041815 0.4649906829 
185 2 1.6948553947 0.0092141148 0.2378842996 2.6254363946 0.0468176597 -0.155534795 -0.7902848207 
186 2 1.4029499304 1.0489982613 0.9071969523 0.0120732936 -0.9755244874 0.1125382777 -0.1046558891 
187 2 1.6696506224 0.6872338783 2.0958809197 0.0046184028 -1.200150146 -0.0563375796 0.0983850718 
188 2 0.6159736591 0.157913797 0.2093136498 0.0121961019 0.1818062518 0.0438854503 0.050525346 
189 2 1.4418043804 0.5101763476 0.5685968206 1.0000267031 0.5385950698 0.7142758367 0.7540636604 
190 2 1.3172083222 1.7331840418 0.0017446915 1.0903077145e-04 -0.0549897398 -0.0137466503 4.3614798096e-04 
191 2 0.5575266362 0.1191410267 5.7979082362e-04 0.1911151325 0.0083112498 -0.1508961666 -0.0105264809 
192 2 1.069768664 0.5302015692 0.4421818252 0.1720216002 -0.4841957224 -0.3020035138 0.2757985227 
193 2 1.3181787789 0.0901271888 0.4789991763 1.1684689281 -0.2077759591 0.3245162856 -0.7481281001 
194 2 1.6218499278 0.0789760849 2.1020403732 0.4493807301 0.4074443754 -0.1883887754 -0.9719138016 
195 2 1.5628872823 0.8927270447 1.180122056 0.3697675563 -1.0264145729 0.5745446004 -0.6605837183 
196 2 1.3407474941 1.1047485933 0.0257699326 0.667085317 0.1687284707 0.858464656 0.1311134763 
197 2 0.4936941189 0.0229405444 0.0087886378 0.2120047008 0.0141991597 -0.0697388217 -0.0431651773 
198 2 1.0324982239 0.0633698959 0.9663223589 0.0363603275 -0.247458577 0.0480015642 -0.1874454519 
199 2 1.7172541258 1.2518941299 1.0498755743 0.6471920285 -1.1464436613 0.9001199372 -0.8243003716 
200 2 1.7220151893 1.0000419621 0.1939799897 1.7713143605 0.4404408355 -1.3309352684 -0.5861736445 
201 2 1.3068316138 0.3365902155 0.3515284758 1.0196901756 -0.343978263 -0.5858478778 0.5987070512 
202 2 0.8625404793 0.0253822157 0.0434952804 0.6750985823 0.0332265946 0.1309026272 0.1713581109 
203 2 1.4701025497 0.1452188104 1.952208115 0.0637745812 0.5324446826 -0.0962354863 -0.3528473537 
204 2 1.5803038469 0.0185343157 1.7400415373 0.7387843955 0.179584184 -0.1170165082 -1.1338057749 
205 2 1.3362164238 0.5034475326 1.2385122235 0.0435145753 -0.7896365765 0.148011167 -0.2321493773 
206 2 1.4290658953 0.4982681538 1.2914141364 0.252547043 -0.8021661534 -0.3547339128 0.5710891536 
207 2 1.588394174 1.6728065955 0.4948180373 0.3553714193 -0.9097993605 -0.7710172852 0.4193377973 
208 2 0.8946944964 0.5251554966 0.269081972 0.0062407734 -0.3759120597 0.057248375 -0.0409790142 
209 1 0.0 0.0 0.0 0.0 0.0 0.0 0.0 
210 1 0.0 0.0 0.0 0.0 0.0 0.0 0.0 
211 1 0.0 0.0 0.0 0.0 0.0 0.0 0.0 
212 1 0.0 0.0 0.0 0.0 0.0 0.0 0.0 
213 1 0.0 0.0 0.0 0.0 0.0 0.0 0.0 
214 1 0.0 0.0 0.0 0.0 0.0 0.0 0.0 
215 1 0.0 0.0 0.0 0.0 0.0 0.0 0.0 
216 1 0.0 0.0 0.0 0.0 0.0 0.0 0.0 
217 1 0.0 0.0 0.0 0.0 0.0 0.0 0.0 
218 1 0.0 0.0 0.0 0.0 0.0 0.0 0.0 
219 1 0.0 0.0 0.0 0.0 0.0 0.0 0.0 
220 1 0.0 0.0 0.0 0.0 0.0 0.0 0.0 
221 1 0.0 0.0 0.0 0.0 0.0 0.0 0.0 
222 1 0.0 0.0 0.0 0.0 0.0 0.0 0.0 
223 1 0.0 0.0 0.0 0.0 0.0 0.0 0.0 
224 1 0.0 0.0 0.0 0.0 0.0 0.0 0.0 
225 1 0.0 0.0 0.0 0.0 0.0 0.0 0.0 
226 1 0.0 0.0 0.0 0.0 0.0 0.0 0.0 
227 1 0.0 0.0 0.0 0.0 0.0 0.0 0.0 
228 1 0.0 0.0 0.0 0.0 0.0 0.0 0.0 
229 1 0.0 0.0 0.0 0.0 0.0 0.0 0.0 
230 1 0.0 0.0 0.0 0.0 0.0 0.0 0.0 
231 1 0.0 0.0 0.0 0.0 0.0 0.0 0.0 
232 1 0.0 0.0 0.0 0.0 0.0 0.0 0.0 
233 1 0.0 0.0 0.0 0.0 0.0 0.0 0.0 
234 1 0.0 0.0 0.0 0.0 0.0 0.0 0.0 
235 1 0.0 0.0 0.0 0.0 0.0 0.0 0.0 
236 1 0.0 0.0 0.0 0.0 0.0 0.0 0.0 
237 1 0.0 0.0 0.0 0.0 0.0 0.0 0.0 
238 1 0.0 0.0 0.0 0.0 0.0 0.0 0.0 
239 1 0.0 0.0 0.0 0.0 0.0 0.0 0.0 
240 1 0.0 0.0 0.0 0.0 0.0 0.0 0.0 
241 1 0.0 0.0 0.0 0.0 0.0 0.0 0.0 
242 1 0.0 0.0 0.0 0.0 0.0 0.0 0.0 
243 1 0.0 0.0 0.0 0.0 0.0 0.0 0.0 
244 1 0.0 0.0 0.0 0.0 0.0 0.0 0.0 
245 1 0.0 0.0 0.0 0.0 0.0 0.0 0.0 
246 1 0.0 0.0 0.0 0.0 0.0 0.0 0.0 
247 1 0.0 0.0 0.0 0.0 0.0 0.0 0.0 
248 1 0.0 0.0 0.0 0.0 0.0 0.0 0.0 
249 1 0.0 0.0 0.0 0.0 0.0 0.0 0.0 
250 1 0.0 0.0 0.0 0.0 0.0 0.0 0.0 
251 1 0.0 0.0 0.0 0.0 0.0 0.0 0.0 
252 1 0.0 0.0 0.0 0.0 0.0 0.0 0.0 
253 1 0.0 0.0 0.0 0.0 0.0 0.0 0.0 
254 1 0.0 0.0 0.0 0.0 0.0 0.0 0.0 
255 1 0.0 0.0 0.0 0.0 0.0 0.0 0.0 
256 1 0.0 0.0 0.0 0.0 0.0 0.0 0.0 
257 1 0.0 0.0 0.0 0.0 0.0 0.0 0.0 
258 1 0.0 0.0 0.0 0.0 0.0 0.0 0.0 
259 1 0.0 0.0 0.0 0.0 0.0 0.0 0.0 
260 1 0.0 0.0 0.0 0.0 0.0 0.0 0.0 
261 1 0.0 0.0 0.0 0.0 0.0 0.0 0.0 
262 1 0.0 0.0 0.0 0.0 0.0 0.0 0.0 
263 1 0.0 0.0 0.0 0.0 0.0 0.0 0.0 
264 1 0.0 0.0 0.0 0.0 0.0 0.0 0.0 
265 1 0.0 0.0 0.0 0.0 0.0 0.0 0.0 
266 1 0.0 0.0 0.0 0.0 0.0 0.0 0.0 
267 1 0.0 0.0 0.0 0.0 0.0 0.0 0.0 
268 1 0.0 0.0 0.0 0.0 0.0 0.0 0.0 
269 1 0.0 0.0 0.0 0.0 0.0 0.0 0.0 
270 1 0.0 0.0 0.0 0.0 0.0 0.0 0.0 
271 1 0.0 0.0 0.0 0.0 0.0 0.0 0.0 
272 1 0.0 0.0 0.0 0.0 0.0 0.0 0.0 
273 1 0.0 0.0 0.0 0.0 0.0 0.0 0.0 
274 1 0.0 0.0 0.0 0.0 0.0 0.0 0.0 
275 1 0.0 0.0 0.0 0.0 0.0 0.0 0.0 
276 1 0.0 0.0 0.0 0.0 0.0 0.0 0.0 
277 1 0.0 0.0 0.0 0.0 0.0 0.0 0.0 
278 1 0.0 0.0 0.0 0.0 0.0 0.0 0.0 
279 1 0.0 0.0 0.0 0.0 0.0 0.0 0.0 
280 1 0.0 0.0 0.0 0.0 0.0 0.0 0.0 
281 1 0.0 0.0 0.0 0.0 0.0 0.0 0.0 
282 1 0.0 0.0 0.0 0.0 0.0 0.0 0.0 
283 1 0.0 0.0 0.0 0.0 0.0 0.0 0.0 
284 1 0.0 0.0 0.0 0.0 0.0 0.0 0.0 
285 1 0.0 0.0 0.0 0.0 0.0 0.0 0.0 
286 1 0.0 0.0 0.0 0.0 0.0 0.0 0.0 
287 1 0.0 0.0 0.0 0.0 0.0 0.0 0.0 
288 1 0.0 0.0 0.0 0.0 0.0 0.0 0.0 
289 1 0.0 0.0 0.0 0.0 0.0 0.0 0.0 
290 1 0.0 0.0 0.0 0.0 0.0 0.0 0.0 
291 1 0.0 0.0 0.0 0.0 0.0 0.0 0.0 
292 1 0.0 0.0 0.0 0.0 0.0 0.0 0.0 
293 1 0.0 0.0 0.0 0.0 0.0 0.0 0.0 
294 1 0.0 0.0 0.0 0.0 0.0 0.0 0.0 
295 1 0.0 0.0 0.0 0.0 0.0 0.0 0.0 
296 1 0.0 0.0 0.0 0.0 0.0 0.0 0.0 
297 1 0.0 0.0 0.0 0.0 0.0 0.0 0.0 
298 1 0.0 0.0 0.0 0.0 0.0 0.0 0.0 
299 1 0.0 0.0 0.0 0.0 0.0 0.0 0.0 
300 1 0.0 0.0 0.0 0.0 0.0 0.0 0.0 
301 1 0.0 0.0 0.0 0.0 0.0 0.0 0.0 
302 1 0.0 0.0 0.0 0.0 0.0 0.0 0.0 
303 1 0.0 0.0 0.0 0.0 0.0 0.0 0.0 
304 1 0.0 0.0 0.0 0.0 0.0 0.0 0.0 
305 1 0.0 0.0 0.0 0.0 0.0 0.0 0.0 
306 1 0.0 0.0 0.0 0.0 0.0 0.0 0.0 
307 1 0.0 0.0 0.0 0.0 0.0 0.0 0.0 
308 1 0.0 0.0 0.0 0.0 0.0 0.0 0.0 
309 1 0.0 0.0 0.0 0.0 0.0 0.0 0.0 
310 1 0.0 0.0 0.0 0.0 0.0 0.0 0.0 
311 1 0.0 0.0 0.0 0.0 0.0 0.0 0.0 
312 1 0.0 0.0 0.0 0.0 0.0 0.0 0.0 
313 1 0.0 0.0 0.0 0.0 0.0 0.0 0.0 
314 1 0.0 0.0 0.0 0.0 0.0 0.0 0.0 
315 1 0.0 0.0 0.0 0.0 0.0 0.0 0.0 
316 1 0.0 0.0 0.0 0.0 0.0 0.0 0.0 
317 1 0.0 0.0 0.0 0.0 0.0 0.0 0.0 
318 1 0.0 0.0 0.0 0.0 0.0 0.0 0.0 
319 1 0.0 0.0 0.0 0.0 0.0 0.0 0.0 
320 1 0.0 0.0 0.0 0.0 0.0 0.0 0.0 
321 1 0.0 0.0 0.0 0.0 0.0 0.0 0.0 
322 1 0.0 0.0 0.0 0.0 0.0 0.0 0.0 
323 1 0.0 0.0 0.0 0.0 0.0 0.0 0.0 
324 1 0.0 0.0 0.0 0.0 0.0 0.0 0.0 
325 1 0.0 0.0 0.0 0.0 0.0 0.0 0.0 
326 1 0.0 0.0 0.0 0.0 0.0 0.0 0.0 
327 1 0.0 0.0 0.0 0.0 0.0 0.0 0.0 
328 1 0.0 0.0 0.0 0.0 0.0 0.0 0.0 
329 1 0.0 0.0 0.0 0.0 0.0 0.0 0.0 
330 1 0.0 0.0 0.0 0.0 0.0 0.0 0.0 
331 1 0.0 0.0 0.0 0.0 0.0 0.0 0.0 
332 1 0.0 0.0 0.0 0.0 0.0 0.0 0.0 
333 1 0.0 0.0 0.0 0.0 0.0 0.0 0.0 
334 1 0.0 0.0 0.0 0.0 0.0 0.0 0.0 
335 1 0.0 0.0 0.0 0.0 0.0 0.0 0.0 
336 1 0.0 0.0 0.0 0.0 0.0 0.0 0.0 
337 1 0.0 0.0 0.0 0.0 0.0 0.0 0.0 
338 1 0.0 0.0 0.0 0.0 0.0 0.0 0.0 
339 1 0.0 0.0 0.0 0.0 0.0 0.0 0.0 
340 1 0.0 0.0 0.0 0.0 0.0 0.0 0.0 
341 1 0.0 0.0 0.0 0.0 0.0 0.0 0.0 
342 1 0.0 0.0 0.0 0.0 0.0 0.0 0.0 
343 1 0.0 0.0 0.0 0.0 0.0 0.0 0.0 
344 1 0.0 0.0 0.0 0.0 0.0 0.0 0.0 
345 1 0.0 0.0 0.0 0.0 0.0 0.0 0.0 
346 1 0.0 0.0 0.0 0.0 0.0 0.0 0.0 
347 1 0.0 0.0 0.0 0.0 0.0 0.0 0.0 
348 1 0.0 0.0 0.0 0.0 0.0 0.0 0.0 
349 1 0.0 0.0 0.0 0.0 0.0 0.0 0.0 
350 1 0.0 0.0 0.0 0.0 0.0 0.0 0.0 
351 1 0.0 0.0 0.0 0.0 0.0 0.0 0.0 
352 1 0.0 0.0 0.0 0.0 0.0 0.0 0.0 
353 1 0.0 0.0 0.0 0.0 0.0 0.0 0.0 
354 1 0.0 0.0 0.0 0.0 0.0 0.0 0.0 
355 1 0.0 0.0 0.0 0.0 0.0 0.0 0.0 
356 1 0.0 0.0 0.0 0.0 0.0 0.0 0.0 
357 1 0.0 0.0 0.0 0.0 0.0 0.0 0.0 
358 1 0.0 0.0 0.0 0.0 0.0 0.0 0.0 
359 1 0.0 0.0 0.0 0.0 0.0 0.0 0.0 
360 1 0.0 0.0 0.0 0.0 0.0 0.0 0.0 
361 1 0.0 0.0 0.0 0.0 0.0 0.0 0.0 
362 1 0.0 0.0 0.0 0.0 0.0 0.0 0.0 
363 1 0.0 0.0 0.0 0.0 0.0 0.0 0.0 
364 1 0.0 0.0 0.0 0.0 0.0 0.0 0.0 
365 1 0.0 0.0 0.0 0.0 0.0 0.0 0.0 
366 1 0.0 0.0 0.0 0.0 0.0 0.0 0.0 
367 1 0.0 0.0 0.0 0.0 0.0 0.0 0.0 
368 1 0.0 0.0 0.0 0.0 0.0 0.0 0.0 
369 1 0.0 0.0 0.0 0.0 0.0 0.0 0.0 
370 1 0.0 0.0 0.0 0.0 0.0 0.0 0.0 
371 1 0.0 0.0 0.0 0.0 0.0 0.0 0.0 
372 1 0.0 0.0 0.0 0.0 0.0 0.0 0.0 
373 1 0.0 0.0 0.0 0.0 0.0 0.0 0.0 
374 1 0.0 0.0 0.0 0.0 0.0 0.0 0.0 
375 1 0.0 0.0 0.0 0.0 0.0 0.0 0.0 
376 1 0.0 0.0 0.0 0.0 0.0 0.0 0.0 
377 1 0.0 0.0 0.0 0.0 0.0 0.0 0.0 
378 1 0.0 0.0 0.0 0.0 0.0 0.0 0.0 
379 1 0.0 0.0 0.0 0.0 0.0 0.0 0.0 
380 1 0.0 0.0 0.0 0.0 0.0 0.0 0.0 
381 1 0.0 0.0 0.0 0.0 0.0 0.0 0.0 
382 1 0.0 0.0 0.0 0.0 0.0 0.0 0.0 
383 1 0.0 0.0 0.0 0.0 0.0 0.0 0.0 
384 1 0.0 0.0 0.0 0.0 0.0 0.0 0.0 
385 1 0.0 0.0 0.0 0.0 0.0 0.0 0.0 
386 1 0.0 0.0 0.0 0.0 0.0 0.0 0.0 
387 1 0.0 0.0 0.0 0.0 0.0 0.0 0.0 
388 1 0.0 0.0 0.0 0.0 0.0 0.0 0.0 
389 1 0.0 0.0 0.0 0.0 0.0 0.0 0.0 
390 1 0.0 0.0 0.0 0.0 0.0 0.0 0.0 
391 1 0.0 0.0 0.0 0.0 0.0 0.0 0.0 
392 1 0.0 0.0 0.0 0.0 0.0 0.0 0.0 
393 1 0.0 0.0 0.0 0.0 0.0 0.0 0.0 
394 1 0.0 0.0 0.0 0.0 0.0 0.0 0.0 
395 1 0.0 0.0 0.0 0.0 0.0 0.0 0.0 
396 1 0.0 0.0 0.0 0.0 0.0 0.0 0.0 
397 1 0.0 0.0 0.0 0.0 0.0 0.0 0.0 
398 1 0.0 0.0 0.0 0.0 0.0 0.0 0.0 
399 1 0.0 0.0 0.0 0.0 0.0 0.0 0.0 
400 1 0.0 0.0 0.0 0.0 0.0 0.0 0.0 
401 1 0.0 0.0 0.0 0.0 0.0 0.0 0.0 
402 1 0.0 0.0 0.0 0.0 0.0 0.0 0.0 
403 1 0.0 0.0 0.0 0.0 0.0 0.0 0.0 
404 1 0.0 0.0 0.0 0.0 0.0 0.0 0.0 
405 1 0.0 0.0 0.0 0.0 0.0 0.0 0.0 
406 1 0.0 0.0 0.0 0.0 0.0 0.0 0.0 
407 1 0.0 0.0 0.0 0.0 0.0 0.0 0.0 
408 1 0.0 0.0 0.0 0.0 0.0 0.0 0.0 
409 1 0.0 0.0 0.0 0.0 0.0 0.0 0.0 
410 1 0.0 0.0 0.0 0.0 0.0 0.0 0.0 
411 1 0.0 0.0 0.0 0.0 0.0 0.0 0.0 
412 1 0.0 0.0 0.0 0.0 0.0 0.0 0.0 
413 1 0.0 0.0 0.0 0.0 0.0 0.0 0.0 
414 1 0.0 0.0 0.0 0.0 0.0 0.0 0.0 
415 1 0.0 0.0 0.0 0.0 0.0 0.0 0.0 
416 1 0.0 0.0 0.0 0.0 0.0 0.0 0.0 
417 1 0.0 0.0 0.0 0.0 0.0 0.0 0.0 
418 1 0.0 0.0 0.0 0.0 0.0 0.0 0.0 
419 1 0.0 0.0 0.0 0.0 0.0 0.0 0.0 
420 1 0.0 0.0 0.0 0.0 0.0 0.0 0.0 
421 1 0.0 0.0 0.0 0.0 0.0 0.0 0.0 
422 1 0.0 0.0 0.0 0.0 0.0 0.0 0.0 
423 1 0.0 0.0 0.0 0.0 0.0 0.0 0.0 
424 1 0.0 0.0 0.0 0.0 0.0 0.0 0.0 
425 1 0.0 0.0 0.0 0.0 0.0 0.0 0.0 
426 1 0.0 0.0 0.0 0.0 0.0 0.0 0.0 
427 1 0.0 0.0 0.0 0.0 0.0 0.0 0.0 
428 1 0.0 0.0 0.0 0.0 0.0 0.0 0.0 
429 1 0.0 0.0 0.0 0.0 0.0 0.0 0.0 
430 1 0.0 0.0 0.0 0.0 0.0 0.0 0.0 
431 1 0.0 0.0 0.0 0.0 0.0 0.0 0.0 
432 1 0.0 0.0 0.0 0.0 0.0 0.0 0.0 
433 1 0.0 0.0 0.0 0.0 0.0 0.0 0.0 
434 1 0.0 0.0 0.0 0.0 0.0 0.0 0.0 
435 1 0.0 0.0 0.0 0.0 0.0 0.0 0.0 
436 1 0.0 0.0 0.0 0.0 0.0 0.0 0.0 
437 1 0.0 0.0 0.0 0.0 0.0 0.0 0.0 
438 1 0.0 0.0 0.0 0.0 0.0 0.0 0.0 
439 1 0.0 0.0 0.0 0.0 0.0 0.0 0.0 
440 1 0.0 0.0 0.0 0.0 0.0 0.0 0.0 
441 1 0.0 0.0 0.0 0.0 0.0 0.0 0.0 
442 1 0.0 0.0 0.0 0.0 0.0 0.0 0.0 
443 1 0.0 0.0 0.0 0.0 0.0 0.0 0.0 
444 1 0.0 0.0 0.0 0.0 0.0 0.0 0.0 
445 1 0.0 0.0 0.0 0.0 0.0 0.0 0.0 
446 1 0.0 0.0 0.0 0.0 0.0 0.0 0.0 
447 1 0.0 0.0 0.0 0.0 0.0 0.0 0.0 
448 1 0.0 0.0 0.0 0.0 0.0 0.0 0.0 
449 1 0.0 0.0 0.0 0.0 0.0 0.0 0.0 
450 1 0.0 0.0 0.0 0.0 0.0 0.0 0.0 
451 1 0.0 0.0 0.0 0.0 0.0 0.0 0.0 
452 1 0.0 0.0 0.0 0.0 0.0 0.0 0.0 
453 1 0.0 0.0 0.0 0.0 0.0 0.0 0.0 
454 1 0.0 0.0 0.0 0.0 0.0 0.0 0.0 
455 1 0.0 0.0 0.0 0.0 0.0 0.0 0.0 
456 1 0.0 0.0 0.0 0.0 0.0 0.0 0.0 
457 1 0.0 0.0 0.0 0.0 0.0 0.0 0.0 
458 1 0.0 0.0 0.0 0.0 0.0 0.0 0.0 
459 1 0.0 0.0 0.0 0.0 0.0 0.0 0.0 
460 1 0.0 0.0 0.0 0.0 0.0 0.0 0.0 
461 1 0.0 0.0 0.0 0.0 0.0 0.0 0.0 
462 1 0.0 0.0 0.0 0.0 0.0 0.0 0.0 
463 1 0.0 0.0 0.0 0.0 0.0 0.0 0.0 
464 1 0.0 0.0 0.0 0.0 0.0 0.0 0.0 
465 1 0.0 0.0 0.0 0.0 0.0 0.0 0.0 
466 1 0.0 0.0 0.0 0.0 0.0 0.0 0.0 
467 1 0.0 0.0 0.0 0.0 0.0 0.0 0.0 
468 1 0.0 0.0 0.0 0.0 0.0 0.0 0.0 
469 1 0.0 0.0 0.0 0.0 0.0 0.0 0.0 
470 1 0.0 0.0 0.0 0.0 0.0 0.0 0.0 
471 1 0.0 0.0 0.0 0.0 0.0 0.0 0.0 
472 1 0.0 0.0 0.0 0.0 0.0 0.0 0.0 
473 1 0.0 0.0 0.0 0.0 0.0 0.0 0.0 
474 1 0.0 0.0 0.0 0.0 0.0 0.0 0.0 
475 1 0.0 0.0 0.0 0.0 0.0 0.0 0.0 
476 1 0.0 0.0 0.0 0.0 0.0 0.0 0.0 
477 1 0.0 0.0 0.0 0.0 0.0 0.0 0.0 
478 1 0.0 0.0 0.0 0.0 0.0 0.0 0.0 
479 1 0.0 0.0 0.0 0.0 0.0 0.0 0.0 
480 1 0.0 0.0 0.0 0.0 0.0 0.0 0.0 
481 1 0.0 0.0 0.0 0.0 0.0 0.0 0.0 
482 1 0.0 0.0 0.0 0.0 0.0 0.0 0.0 
483 1 0.0 0.0 0.0 0.0 0.0 0.0 0.0 
484 1 0.0 0.0 0.0 0.0 0.0 0.0 0.0 
485 1 0.0 0.0 0.0 0.0 0.0 0.0 0.0 
486 1 0.0 0.0 0.0 0.0 0.0 0.0 0.0 
487 1 0.0 0.0 0.0 0.0 0.0 0.0 0.0 
488 1 0.0 0.0 0.0 0.0 0.0 0.0 0.0 
489 1 0.0 0.0 0.0 0.0 0.0 0.0 0.0 
490 1 0.0 0.0 0.0 0.0 0.0 0.0 0.0 
491 1 0.0 0.0 0.0 0.0 0.0 0.0 0.0 
492 1 0.0 0.0 0.0 0.0 0.0 0.0 0.0 
493 1 0.0 0.0 0.0 0.0 0.0 0.0 0.0 
494 1 0.0 0.0 0.0 0.0 0.0 0.0 0.0 
495 1 0.0 0.0 0.0 0.0 0.0 0.0 0.0 
496 1 0.0 0.0 0.0 0.0 0.0 0.0 0.0 
497 1 0.0 0.0 0.0 0.0 0.0 0.0 0.0 
498 1 0.0 0.0 0.0 0.0 0.0 0.0 0.0 
499 1 0.0 0.0 0.0 0.0 0.0 0.0 0.0 
500 1 0.0 0.0 0.0 0.0 0.0 0.0 0.0 
501 1 0.0 0.0 0.0 0.0 0.0 0.0 0.0 
502 1 0.0 0.0 0.0 0.0 0.0 0.0 0.0 
503 1 0.0 0.0 0.0 0.0 0.0 0.0 0.0 
504 1 0.0 0.0 0.0 0.0 0.0 0.0 0.0 
505 1 0.0 0.0 0.0 0.0 0.0 0.0 0.0 
506 1 0.0 0.0 0.0 0.0 0.0 0.0 0.0 
507 1 0.0 0.0 0.0 0.0 0.0 0.0 0.0 
508 1 0.0 0.0 0.0 0.0 0.0 0.0 0.0 
509 1 0.0 0.0 0.0 0.0 0.0 0.0 0.0 
510 1 0.0 0.0 0.0 0.0 0.0 0.0 0.0 
511 1 0.0 0.0 0.0 0.0 0.0 0.0 0.0 
512 1 0.0 0.0 0.0 0.0 0.0 0.0 0.0 
513 1 0.0 0.0 0.0 0.0 0.0 0.0 0.0 
514 1 0.0 0.0 0.0 0.0 0.0 0.0 0.0 
515 1 0.0 0.0 0.0 0.0 0.0 0.0 0.0 
516 1 0.0 0.0 0.0 0.0 0.0 0.0 0.0 
517 1 0.0 0.0 0.0 0.0 0.0 0.0 0.0 
518 1 0.0 0.0 0.0 0.0 0.0 0.0 0.0 
519 1 0.0 0.0 0.0 0.0 0.0 0.0 0.0 
520 1 0.0 0.0 0.0 0.0 0.0 0.0 0.0 
521 1 0.0 0.0 0.0 0.0 0.0 0.0 0.0 
522 1 0.0 0.0 0.0 0.0 0.0 0.0 0.0 
523 1 0.0 0.0 0.0 0.0 0.0 0.0 0.0 
524 1 0.0 0.0 0.0 0.0 0.0 0.0 0.0 
525 1 0.0 0.0 0.0 0.0 0.0 0.0 0.0 
526 1 0.0 0.0 0.0 0.0 0.0 0.0 0.0 
527 1 0.0 0.0 0.0 0.0 0.0 0.0 0.0 
528 1 0.0 0.0 0.0 0.0 0.0 0.0 0.0 
529 1 0.0 0.0 0.0 0.0 0.0 0.0 0.0 
530 1 0.0 0.0 0.0 0.0 0.0 0.0 0.0 
531 1 0.0 0.0 0.0 0.0 0.0 0.0 0.0 
532 1 0.0 0.0 0.0 0.0 0.0 0.0 0.0 
533 1 0.0 0.0 0.0 0.0 0.0 0.0 0.0 
534 1 0.0 0.0 0.0 0.0 0.0 0.0 0.0 
535 1 0.0 0.0 0.0 0.0 0.0 0.0 0.0 
536 1 0.0 0.0 0.0 0.0 0.0 0.0 0.0 
537 1 0.0 0.0 0.0 0.0 0.0 0.0 0.0 
538 1 0.0 0.0 0.0 0.0 0.0 0.0 0.0 
539 1 0.0 0.0 0.0 0.0 0.0 0.0 0.0 
540 1 0.0 0.0 0.0 0.0 0.0 0.0 0.0 
541 1 0.0 0.0 0.0 0.0 0.0 0.0 0.0 
542 1 0.0 0.0 0.0 0.0 0.0 0.0 0.0 
543 1 0.0 0.0 0.0 0.0 0.0 0.0 0.0 
544 1 0.0 0.0 0.0 0.0 0.0 0.0 0.0 
545 1 0.0 0.0 0.0 0.0 0.0 0.0 0.0 
546 1 0.0 0.0 0.0 0.0 0.0 0.0 0.0 
547 1 0.0 0.0 0.0 0.0 0.0 0.0 0.0 
548 1 0.0 0.0 0.0 0.0 0.0 0.0 0.0 
549 1 0.0 0.0 0.0 0.0 0.0 0.0 0.0 
550 1 0.0 0.0 0.0 0.0 0.0 0.0 0.0 
551 1 0.0 0.0 0.0 0.0 0.0 0.0 0.0 
552 1 0.0 0.0 0.0 0.0 0.0 0.0 0.0 
553 1 0.0 0.0 0.0 0.0 0.0 0.0 0.0 
554 1 0.0 0.0 0.0 0.0 0.0 0.0 0.0 
555 1 0.0 0.0 0.0 0.0 0.0 0.0 0.0 
556 1 0.0 0.0 0.0 0.0 0.0 0.0 0.0 
557 1 0.0 0.0 0.0 0.0 0.0 0.0 0.0 
558 1 0.0 0.0 0.0 0.0 0.0 0.0 0.0 
559 1 0.0 0.0 0.0 0.0 0.0 0.0 0.0 
560 1 0.0 0.0 0.0 0.0 0.0 0.0 0.0 
561 1 0.0 0.0 0.0 0.0 0.0 0.0 0.0 
562 1 0.0 0.0 0.0 0.0 0.0 0.0 0.0 
563 1 0.0 0.0 0.0 0.0 0.0 0.0 0.0 
564 1 0.0 0.0 0.0 0.0 0.0 0.0 0.0 
565 1 0.0 0.0 0.0 0.0 0.0 0.0 0.0 
566 1 0.0 0.0 0.0 0.0 0.0 0.0 0.0 
567 1 0.0 0.0 0.0 0.0 0.0 0.0 0.0 
568 1 0.0 0.0 0.0 0.0 0.0 0.0 0.0 
569 1 0.0 0.0 0.0 0.0 0.0 0.0 0.0 
570 1 0.0 0.0 0.0 0.0 0.0 0.0 0.0 
571 1 0.0 0.0 0.0 0.0 0.0 0.0 0.0 
572 1 0.0 0.0 0.0 0.0 0.0 0.0 0.0 
573 1 0.0 0.0 0.0 0.0 0.0 0.0 0.0 
574 1 0.0 0.0 0.0 0.0 0.0 0.0 0.0 
575 1 0.0 0.0 0.0 0.0 0.0 0.0 0.0 
576 1 0.0 0.0 0.0 0.0 0.0 0.0 0.0 
577 1 0.0 0.0 0.0 0.0 0.0 0.0 0.0 
578 1 0.0 0.0 0.0 0.0 0.0 0.0 0.0 
579 1 0.0 0.0 0.0 0.0 0.0 0.0 0.0 
580 1 0.0 0.0 0.0 0.0 0.0 0.0 0.0 
581 1 0.0 0.0 0.0 0.0 0.0 0.0 0.0 
582 1 0.0 0.0 0.0 0.0 0.0 0.0 0.0 
583 1 0.0 0.0 0.0 0.0 0.0 0.0 0.0 
584 1 0.0 0.0 0.0 0.0 0.0 0.0 0.0 
585 1 0.0 0.0 0.0 0.0 0.0 0.0 0.0 
586 1 0.0 0.0 0.0 0.0 0.0 0.0 0.0 
587 1 0.0 0.0 0.0 0.0 0.0 0.0 0.0 
588 1 0.0 0.0 0.0 0.0 0.0 0.0 0.0 
589 1 0.0 0.0 0.0 0.0 0.0 0.0 0.0 
590 1 0.0 0.0 0.0 0.0 0.0 0.0 0.0 
591 1 0.0 0.0 0.0 0.0 0.0 0.0 0.0 
592 1 0.0 0.0 0.0 0.0 0.0 0.0 0.0 
593 1 0.0 0.0 0.0 0.0 0.0 0.0 0.0 
594 1 0.0 0.0 0.0 0.0 0.0 0.0 0.0 
595 1 0.0 0.0 0.0 0.0 0.0 0.0 0.0 
596 1 0.0 0.0 0.0 0.0 0.0 0.0 0.0 
597 1 0.0 0.0 0.0 0.0 0.0 0.0 0.0 
598 1 0.0 0.0 0.0 0.0 0.0 0.0 0.0 
