# Cluster list (90 data points):
# "Cluster Identifier" "Cluster Size" "Radius of Gyration" "Gyration Tensor.XX" "Gyration Tensor.YY" "Gyration Tensor.ZZ" "Gyration Tensor.XY" "Gyration Tensor.XZ" "Gyration Tensor.YZ"
1 44 3.3341753878 3.8215633815 3.4004922835 3.8946698514 0.0534927294 -0.6807481155 0.5054719085 
2 41 3.2473915556 4.3169165854 2.7401293084 3.4885060215 0.6790174704 -0.2870941725 -0.2700921818 
3 35 3.0264221544 2.9757555252 2.5328767391 3.6505987923 -0.2388867305 -0.2851396451 -0.4380568199 
4 32 2.996198737 2.510900876 3.4477623158 3.01854368 0.19711273 -0.0202127361 -0.4700604477 
5 30 2.8937468749 2.9814574639 2.2405388804 3.151774632 0.2932627926 -0.3326990848 -0.396372268 
6 29 3.5242803641 4.7988051143 5.7117030666 1.9100439038 3.2869541352 0.9722795141 0.9096222149 
7 28 3.1719044194 1.9271610928 3.2009161878 4.9329003651 -0.5137414345 0.2925171749 -1.8531556918 
8 28 2.8368217588 2.522289547 2.4436955929 3.0815725514 -0.0762771232 -0.1428864123 -0.6096231653 
9 26 2.8394370996 2.7826420126 2.6097362026 2.6700248271 0.8065440538 0.4525062023 0.6781523458 
10 25 2.8014233259 2.4649376459 3.2002427794 2.1827922259 0.237883472 -0.3436435748 -0.3435023302 
11 24 2.6652979534 2.0748638536 2.1472852651 2.881664062 0.4436375804 -0.0876131432 0.0108480316 
12 24 2.644096716 2.1773282425 2.6383023616 2.1756168395 0.099365076 -0.3152350432 0.2645744173 
13 23 2.6261112356 2.6510240669 2.0509615961 2.1944745588 -0.2478811036 -0.0083663818 0.3475360015 
14 23 2.6957871628 3.1555279471 2.0490156321 2.0627248477 0.2629261586 -0.5213361985 0.2222473333 
15 22 2.63221121 2.3660930851 2.4875192656 2.0749235035 -0.3644476082 -0.4977289129 -0.4945988114 
16 22 2.5897295798 2.4808062831 2.1981254545 2.0277675589 -0.2492350651 -0.0740015659 -0.08192041 
17 22 2.6100018591 1.6737729072 2.4471233744 2.6912134228 0.0342798122 0.2393212788 -0.2025854326 
18 22 3.8473289669 10.1584123657 2.9895180267 1.654009787 3.8116932431 1.1374725908 0.3958172461 
19 21 2.5523754918 2.6865437377 1.9067700053 1.9213069079 -0.2547507725 -0.3998730255 -0.2506103531 
20 21 2.967119437 4.5084658599 1.3223466005 2.9729852928 -0.1622906803 -0.5440992276 6.321369607e-04 
21 21 2.5560554188 2.3471244719 2.3539038055 1.8323910268 -0.1348973157 0.1363006639 0.553104506 
22 21 2.6429923894 2.7920388086 1.7035919101 2.4897780515 0.1551789229 -0.1986549301 0.015208741 
23 18 2.5190969319 1.9433911445 1.721188813 2.6812693949 0.3678686817 0.249159113 0.4483581083 
24 18 2.3973629661 2.133588889 1.6619280667 1.9518322353 0.0051570002 0.0649821745 -0.1763837218 
25 18 2.4369861884 1.7600473419 1.8857287997 2.2931255407 0.255787297 -0.0425912348 0.5072777663 
26 17 2.3986987882 1.8648706919 2.2067643797 1.682120805 0.0657396907 -0.0838646379 -0.3637764595 
27 16 2.3963336317 2.2949276973 1.9666186988 1.4808684786 0.0758655174 0.4623494166 -0.107357369 
28 14 2.2091904996 1.99562921 1.4085257569 1.4763676966 0.2150406177 -0.2627532318 -0.0722520388 
29 14 2.1944787633 1.404013657 1.4648209756 1.9469024099 0.0844436758 -0.0567761893 -0.2437779497 
30 13 2.1207857713 1.4144454866 1.5961853504 1.4871014507 -0.0236133236 -0.0488891306 0.0630274435 
31 13 2.0904447795 1.5074949423 1.437972818 1.4244916156 0.0102959113 -0.0017150201 -0.0563295661 
32 13 2.0601380704 1.450056938 1.4218151619 1.3722967691 0.0439204817 0.0464550379 0.0386366492 
33 12 2.1072537768 1.2009739617 1.5745007817 1.6650437364 -0.0256244009 -0.0110091548 0.2036079367 
34 11 2.0380144203 1.4711387041 1.3887246465 1.2936394269 -0.1143355536 0.3241062453 0.1317952584 
35 11 2.0381193689 1.1537156205 1.6384520482 1.361762893 0.019758936 0.1529567933 -0.0194649135 
36 11 2.0601285749 1.7227640693 1.5123498681 1.0090158076 -0.1406657257 0.06670138 0.1186911643 
37 11 2.0973713658 1.5147539618 1.782652001 1.1015606834 0.2045624868 0.3649804572 0.2384267942 
38 11 2.171262393 1.4844319886 1.5539704445 1.6759779462 -0.3131258127 -0.0439351803 -0.0957389482 
39 10 1.9790278154 1.6112920171 0.7610903749 1.5441687021 -0.1701672339 -0.1099463813 -0.1328255771 
40 10 2.0276911505 1.1085579143 1.6131291356 1.3898443517 -0.2361444935 -0.3470655828 -0.1242660306 
41 9 1.9489568048 1.5877336106 0.9721510302 1.2385479861 0.0991978892 -0.1411346143 -0.2818429607 
42 9 2.0320990797 1.7120127882 1.0603207423 1.3570931392 0.1228978859 -0.3444849708 -0.2533321158 
43 8 1.8624815396 1.0533689617 1.6077311726 0.8077373511 0.0837082052 -0.0168137817 -0.0854581657 
44 8 2.7930217234 1.2554447846 1.2347479302 5.3107776324 0.7873344897 -2.0328282912 -1.5956694829 
45 8 1.8633979441 0.8406544444 1.0491504213 1.5824470324 0.0938451813 0.2382163876 0.2635278017 
46 8 1.8242416105 1.259351563 0.9169665429 1.1515393476 0.0087978641 0.4767958142 0.0959724113 
47 7 1.7323903434 0.8979433545 1.0669987526 1.0362341948 0.2519469521 -0.3407017604 0.1537519392 
48 7 1.7508023728 1.239685372 1.1952986168 0.6303249598 -0.0813098924 -0.0530008746 -0.3235546559 
49 6 1.587670982 0.8559728301 0.8531634325 0.8115628846 -0.0207943405 0.0494747199 0.0436580548 
50 5 1.5335835632 0.4555422848 0.6680033476 1.2283329131 0.016719425 0.0299757606 0.2141896182 
51 5 1.5341254798 0.6045866569 0.8713820769 0.8775722539 -0.2360818733 -0.0288486678 -0.0567269071 
52 5 1.5492488263 0.5706215253 1.2768712745 0.5526791259 0.0997078023 -0.06256387 -0.1823880421 
53 5 1.569730909 0.8013038983 0.6510337784 1.0117174501 -0.2238579594 0.3886481643 -0.2198684694 
54 4 1.4527815904 0.6345917015 0.7057052863 0.7702773616 -0.1095456759 -0.0324970693 0.0091364695 
55 4 1.4578205678 0.8531784901 0.6571146554 0.6149476625 -0.094147982 -0.02773287 -0.0157372464 
56 4 1.4078862826 0.6885448036 0.6677681474 0.6258308336 -0.0533188081 -0.0204692164 0.0693209678 
57 4 1.5253858602 0.6575120647 0.9368389203 0.7324510375 -0.0399550007 0.1628015325 -0.1390975644 
58 4 1.4034067639 0.6429859121 0.7009327368 0.6256318961 0.0740112344 -0.0260964414 0.005821881 
59 4 1.4193964013 0.6269660095 0.6311639176 0.7565562169 0.0531882616 -0.0939490006 0.0942818939 
60 3 1.274376937 0.7549924179 0.0488690235 0.8201751362 0.0864224853 -0.0238533977 0.1759819185 
61 3 1.2965374139 0.8623717492 0.0562484143 0.762389102 -0.0872449224 0.150264281 0.1716464456 
62 3 1.3698311775 0.6255998688 0.6206150404 0.6302225458 0.3253080145 -0.2587123479 0.351493382 
63 3 1.2973589865 0.7472844892 0.8203204075 0.1155354433 0.0302107166 -0.119551743 0.276180763 
64 3 1.2895645428 0.5964921836 0.2700703829 0.7964141434 -0.3905767035 -0.0196881901 -0.0938757524 
65 3 1.3079193144 0.5833561846 0.801180246 0.3261165024 0.1315822365 -0.410752915 0.0760692472 
66 3 1.3717630836 0.1904206878 0.7776630328 0.9136502369 0.2511064484 0.2618474751 -0.1518877635 
67 3 1.3344841353 0.4012022683 0.8001625479 0.5794830912 0.007401426 -0.4684544523 0.1526136069 
68 3 1.3030896039 0.86232772 0.3284414064 0.5072733894 -0.008343265 -0.0163742498 -0.40784469 
69 3 1.5833971539 0.3860453321 1.2744726415 0.8466285733 -0.3731622074 -0.3155767733 -0.4283668366 
70 3 1.3249625313 0.7838757419 0.314744245 0.6569057225 -0.1203557643 0.0535847432 0.4316963712 
71 2 1.1641467887 0.1867955646 0.6395952483 0.5288469328 0.3456494691 0.314302818 0.5815909089 
72 2 1.0883671059 0.2706750325 0.0017947995 0.9120731251 0.0220410393 0.4968655983 0.0404597133 
73 2 1.1722312231 0.3663083716 0.6101805837 0.3976370851 0.4727729434 0.3816514026 0.4925753025 
74 2 1.1211381889 1.1702607708 0.0677061616 0.0189839062 0.2814851059 0.149050732 0.0358514633 
75 2 1.1281277446 0.3355646496 0.0721067663 0.8650007922 -0.1555521835 -0.538761253 0.2497446897 
76 2 1.113454445 0.1751565238 0.3417766404 0.722847637 -0.2446720422 0.3558250684 -0.4970436972 
77 2 1.112787594 0.0103625533 0.1269428067 1.1009908694 0.0362691549 0.1068132789 0.3738487276 
78 2 1.0602476003 0.1601038529 0.5500229517 0.4139981694 -0.2967503896 0.2574542717 -0.4771881129 
79 1 0.0 0.0 0.0 0.0 0.0 0.0 0.0 
80 1 0.0 0.0 0.0 0.0 0.0 0.0 0.0 
81 1 0.0 0.0 0.0 0.0 0.0 0.0 0.0 
82 1 0.0 0.0 0.0 0.0 0.0 0.0 0.0 
83 1 0.0 0.0 0.0 0.0 0.0 0.0 0.0 
84 1 0.0 0.0 0.0 0.0 0.0 0.0 0.0 
85 1 0.0 0.0 0.0 0.0 0.0 0.0 0.0 
86 1 0.0 0.0 0.0 0.0 0.0 0.0 0.0 
87 1 0.0 0.0 0.0 0.0 0.0 0.0 0.0 
88 1 0.0 0.0 0.0 0.0 0.0 0.0 0.0 
89 1 0.0 0.0 0.0 0.0 0.0 0.0 0.0 
90 1 0.0 0.0 0.0 0.0 0.0 0.0 0.0 
