# Cluster list (67 data points):
# "Cluster Identifier" "Cluster Size" "Radius of Gyration" "Gyration Tensor.XX" "Gyration Tensor.YY" "Gyration Tensor.ZZ" "Gyration Tensor.XY" "Gyration Tensor.XZ" "Gyration Tensor.YZ"
1 44 3.2612572208 3.7922790514 3.3826949313 3.4608246778 -0.220647021 -0.4058994471 0.6397973147 
2 42 3.2366999585 4.0381953855 3.1679816793 3.2700495562 0.5757203706 0.0655199664 -0.1043899798 
3 37 3.3778047918 2.0419325827 6.0605459105 3.3070867181 0.3153095702 0.0136545769 1.316143089 
4 35 3.017948077 2.8591790458 2.5157493354 3.7330822144 -0.3040894149 -0.117354859 -0.2089499928 
5 33 2.9851164016 2.9830350784 2.7886261981 3.1392586544 0.4222186444 -0.6300767223 -0.2504064314 
6 32 2.9323228615 2.4053796713 3.1253956163 3.0677420767 -0.1586180375 0.332875805 -0.4136785372 
7 32 2.9685956014 3.897029367 2.2887347642 2.6267957135 0.2954946582 0.3195757143 0.4237864976 
8 30 2.855227967 2.6837602944 2.837161337 2.6314051122 -0.0960459616 -0.0162503251 -0.2909570214 
9 29 2.8542215102 2.7029078071 3.2753193497 2.1683532724 0.5602328956 0.1228803639 0.2466176655 
10 29 2.9142964302 2.2703168235 1.9950711084 4.2277357511 0.4357277057 -0.4806582786 -0.1122180043 
11 29 2.8756783736 2.8039589096 3.0821075157 2.3834596834 -0.393608591 0.1324291315 -0.7074675113 
12 27 2.7453434266 2.5387152605 2.3262266089 2.6719686608 0.0312270618 -0.2516644936 -0.1240554115 
13 26 2.7469143969 2.6987647185 2.5893720749 2.2574019107 0.5210524946 0.1881378831 0.6461613221 
14 25 2.6863382601 2.4529238809 2.5604298963 2.2030594703 -0.0815087922 0.0115150852 -0.2665751068 
15 23 2.6105996304 2.2962270467 1.9036995226 2.6153038607 -0.5188207241 0.0995041813 0.1637925799 
16 23 2.671748427 3.1869901995 2.3072736307 1.6439758268 -0.2530348803 0.166113921 0.1682547547 
17 22 2.5833825852 1.7704557361 2.7738278982 2.1295819473 0.158115421 -0.5158624066 0.0688237957 
18 22 2.5806414489 1.8158875739 2.4436811815 2.4001415322 0.2591284935 0.4089503851 0.1512281475 
19 22 2.5984392056 2.1100956223 2.3502128188 2.2915778644 -0.1976480089 -0.1562630417 0.0925976502 
20 22 2.6315932315 3.189018299 1.8036036494 1.9326609875 -0.1734039291 -0.2422460409 -0.4044340833 
21 21 2.5405828522 1.952803418 1.6155837527 2.8861740584 0.3377211444 0.0362323572 0.110921291 
22 21 2.5700444102 2.267370074 1.9172164738 2.4205417225 -0.4349903518 0.0642748359 -0.0404086906 
23 21 2.5463227773 2.8308768525 2.2127051652 1.4401776686 -0.172740685 0.2434148619 -0.0208456759 
24 20 2.4831526259 2.4428202689 1.7054164651 2.0178102297 0.4672738009 0.3510707517 0.391478681 
25 18 2.4599052884 1.9693200399 1.3323233588 2.7494906294 0.1170415377 0.5151869937 -0.0513094846 
26 18 2.4160375909 1.4872058436 2.2402860884 2.1097457086 -0.2832038634 0.2363442752 0.0240435713 
27 17 2.3280020316 1.8648985897 1.8072074427 1.7474874266 0.1724953654 -0.1355522448 -0.1572040416 
28 16 2.318085372 2.3022966184 1.6759522555 1.3952709178 0.0225684626 -0.4203847054 -0.0955832695 
29 16 2.2999243553 1.7665484993 2.1444068756 1.3786966652 -0.3902399843 -0.0443075876 -0.1523806069 
30 15 2.2650691466 1.8987096977 1.348257653 1.8835708882 -0.0933139091 -0.2394454616 -0.1589202744 
31 14 2.1922312618 1.3649260586 1.438542011 2.0024098355 0.0482704478 -0.1185653506 -0.2189624189 
32 13 2.0784943028 1.4825217995 1.4562444433 1.3813723238 0.0433036399 0.0533998706 -0.0028417276 
33 13 2.4988389398 3.2477452576 1.9550016645 1.0414491251 1.0432332353 0.2847382785 0.2332309049 
34 12 2.1270313067 1.5144165783 1.4651212239 1.5447243773 -0.1702244145 -0.1488801029 -0.0658950651 
35 12 2.0598403778 1.469877171 1.5658615781 1.2072036331 0.0240450309 0.0957993001 -0.0062760772 
36 11 2.0381318347 1.4061827974 1.0910750912 1.6567234869 0.1798424498 0.0171603597 -0.157610559 
37 11 2.0229736206 1.4928133621 1.2180041141 1.3816047935 0.2715516953 0.0114462279 -0.18297143 
38 11 2.0320633859 1.4214531887 1.6700282714 1.0378001441 0.036207394 0.1474144675 0.1894656886 
39 11 2.0419844399 1.3457772658 1.3907617694 1.4331614176 -0.4404010508 0.0147900631 0.089500901 
40 9 1.9216181652 0.6401959135 1.6712196384 1.3812008209 0.0277774973 0.2452473262 -0.1924664818 
41 9 1.8906743447 1.2005587391 1.0816017095 1.2924890289 0.2163492507 -0.0913330982 0.1826174926 
42 8 1.815281742 1.3484941245 1.1239461626 0.8228075157 0.3595556212 -0.1257518861 -0.0962811709 
43 8 1.8213396574 1.0870678544 1.2557906923 0.9744196009 -0.3676831562 -0.0240737894 0.2140558341 
44 7 1.7301824364 0.4698129873 1.3507332121 1.172985064 -0.0405041632 -0.2896539623 -0.014135478 
45 7 1.7293367276 0.5664255901 1.2532384947 1.1709414325 -0.2445436487 0.2627268825 0.0233700873 
46 7 1.7185939408 0.5124505876 1.263609417 1.1775051289 0.1135698223 -0.2372093891 0.0783552329 
47 6 1.593345654 0.8408428869 0.8207930202 0.877114466 -0.0177979629 0.0035872265 -0.0068931139 
48 6 1.5826686236 0.7671377634 0.8789348066 0.858767402 0.0660971749 0.023673148 -0.0153780123 
49 5 1.5160548935 0.8131753821 0.5092476699 0.975999388 0.0587797682 -0.3672289758 0.0206687322 
50 5 1.5136955124 0.5243768805 0.9581901865 0.8087070373 -0.035074816 -0.0317841595 0.3961512996 
51 5 1.8199069825 1.3632912218 0.6475185692 1.3012516339 0.3783887053 -0.0599955926 0.3324274624 
52 5 1.5421032141 0.5458148613 1.098227587 0.7340398746 -0.1015263051 0.0563705833 -0.4060388867 
53 5 1.5603790367 0.5990645361 0.7296782121 1.1060399901 0.0737001558 0.1439693476 0.3516490298 
54 4 1.4032267399 0.6988362736 0.6411221571 0.6290868529 0.0768344646 0.0384140269 -0.0481526383 
55 4 1.4197913886 0.6958785708 0.6269371693 0.6929918469 0.0050632315 -0.0750846278 0.0128835195 
56 3 1.3359845806 0.5334651489 0.9749175077 0.276472143 -0.0418513911 -0.3812345967 -0.0326460301 
57 3 1.3169390028 0.3972855342 0.8541007433 0.4829420596 0.0587584457 -0.4230998082 0.1028007066 
58 3 1.2918676444 0.8743571754 0.7124917499 0.0820730853 0.0891387869 0.0758390407 -0.2227104143 
59 3 1.3286486262 0.756560312 0.7592467871 0.2495000728 -0.16859734 -0.2094242922 -0.3251123533 
60 3 1.3270318797 0.5892636836 0.2544663208 0.9172836053 0.3316817576 -0.1149868577 0.1815379186 
61 3 1.3060341811 0.2713434422 0.6556325046 0.7787493353 0.2871362822 -0.2871538827 0.104850059 
62 2 1.1043404804 0.1275119033 0.4855458473 0.606510146 -0.2488229795 -0.2780957804 0.5426679305 
63 1 0.0 0.0 0.0 0.0 0.0 0.0 0.0 
64 1 0.0 0.0 0.0 0.0 0.0 0.0 0.0 
65 1 0.0 0.0 0.0 0.0 0.0 0.0 0.0 
66 1 0.0 0.0 0.0 0.0 0.0 0.0 0.0 
67 1 0.0 0.0 0.0 0.0 0.0 0.0 0.0 
