# Cluster list (46 data points):
# "Cluster Identifier" "Cluster Size" "Radius of Gyration" "Gyration Tensor.XX" "Gyration Tensor.YY" "Gyration Tensor.ZZ" "Gyration Tensor.XY" "Gyration Tensor.XZ" "Gyration Tensor.YZ"
1 73 4.4077027042 5.5512045033 4.5589598094 9.317678816 -1.1903207634 4.4604299783 -1.1757761096 
2 54 3.5074017453 4.1053532727 3.2473353146 4.949178416 -0.2383962855 0.4848244703 0.082965859 
3 48 3.3671085932 3.5509414264 3.1242115132 4.6622673391 0.1239225076 -0.3619063816 0.3894876985 
4 45 3.320917648 3.9959273619 2.8539403907 4.1786262722 -0.5927728556 -0.7237177236 0.3230273257 
5 37 3.23375673 2.9842427967 3.2071494073 4.2657903848 -0.8050940637 -1.1522307724 0.9347313379 
6 36 3.0259561099 3.151289524 2.8859015585 3.1192192967 -0.1604868988 -0.0273924496 -0.1564881817 
7 36 3.0748950779 3.8444010743 2.825152185 2.7854264808 -0.1769410458 0.2814860304 -0.5494871714 
8 35 3.0179653406 2.9100311973 2.4649414636 3.7331421363 -0.3327026542 -0.0770501784 -0.0433757848 
9 34 2.9882065893 2.9160962555 2.6346525842 3.3786297806 -0.1726816893 -0.1931962522 -0.490989932 
10 32 2.9536909955 3.4823250018 2.6482926298 2.5936728654 0.2430732289 0.5071281595 0.4857268396 
11 31 2.9024975614 2.4139810824 3.3996350822 2.6108759295 0.0861433168 0.1828501149 0.5608093253 
12 30 2.8516830335 2.9686983374 2.6439114829 2.5194863031 0.0063875864 -0.2445554703 0.04060398 
13 29 2.7933843589 2.8247871404 2.5330093588 2.4451996771 -0.1732717995 -0.0183545378 -0.0366464877 
14 29 2.8368130449 2.355633037 2.8781173994 2.8137578151 0.1898060291 0.3535538647 0.6595678641 
15 27 2.7422902136 2.4739444111 2.421209106 2.6250020985 -0.1031239529 0.1800084248 -0.2267074855 
16 26 2.7463991232 3.060041785 2.0121591676 2.4705071913 0.5585357853 0.3703441861 0.0907292014 
17 25 2.6717217581 2.0627281777 2.3695503114 2.7058186636 0.1425140505 0.0383748181 -0.168093262 
18 23 2.6627776136 2.6820130405 2.5589888823 1.8493826967 0.6886391398 -0.4695256712 0.3150187993 
19 22 2.5678674342 1.765331318 2.2725312879 2.5560805536 0.0696654108 -0.4153645926 -0.0760945318 
20 22 2.6232777984 3.0993434979 1.7610476985 2.0211952113 -0.5798709338 0.2590386747 -0.4456265386 
21 21 2.5445360479 1.5640927457 2.3708522301 2.5397187233 0.2178736744 -0.2016608621 0.454082894 
22 21 2.5719390413 2.3936818945 1.846464184 2.3747243538 -0.3315608274 0.0202870645 -0.0892659723 
23 21 2.5494995867 2.0152581284 2.6867631067 1.7979269076 -0.291746617 -0.4650636506 0.2048849848 
24 20 2.481558005 2.3459007896 1.4648413186 2.3473880239 -0.0736223613 0.4880857662 -0.0291532945 
25 18 2.4677183292 2.0233643911 1.5616290194 2.5046403415 0.0725196184 0.6245994532 -0.2072422025 
26 18 2.4250037495 1.7220044692 1.9579435455 2.2006951703 0.4152069061 0.3030718561 -0.1795142882 
27 17 2.3486280478 1.9124784503 1.8526933185 1.7508819381 0.17880062 0.0504490833 0.0410992423 
28 16 2.3012998976 1.2795508343 2.2754273192 1.7410030651 0.1647669804 0.0420544892 0.3412749267 
29 16 2.3243803026 1.5061419199 1.6121482957 2.2844535756 -0.2713092759 -0.3760541882 0.1701145614 
30 15 2.2624409125 1.2827372335 2.055754579 1.7801470701 -0.0599518915 0.0524803595 -0.0730284363 
31 14 2.1743405697 1.3476734828 1.4858113803 1.8942720498 -0.0554374837 -0.0553091223 0.2434452326 
32 13 2.0677466948 1.4095127138 1.466939914 1.3991237661 5.4073586683e-04 -7.0125707664e-05 -0.0032527186 
33 12 2.1794344811 1.8204079648 1.1920254375 1.7375012551 -0.1812548103 0.5387946801 -0.6314079547 
34 12 2.0734634982 1.4283188203 1.2971068204 1.5738252377 0.2346520243 0.0131224171 0.0252885345 
35 11 2.0385882284 1.4744768576 1.5340351937 1.1473299138 0.0658575966 -0.3480754266 -0.0607006535 
36 9 1.8883324631 1.3460440878 1.1049564032 1.1147990002 0.0822982041 -0.0139613331 0.2441723676 
37 8 1.8300289136 1.2952864063 1.2258665305 0.8278528877 -0.424755996 0.0451678953 0.0046288288 
38 7 1.7177146208 0.989680562 0.6966982053 1.2641647514 -0.4169575701 0.043983751 -0.0471886207 
39 7 1.7208378151 0.8024025458 0.8520428763 1.3068373639 0.4234011715 0.0721880145 -0.0278720163 
40 6 1.6034767998 0.7904112945 0.9225530435 0.8581735095 -0.0226992279 5.8140887937e-04 0.0355567873 
41 6 1.5908977152 0.822286303 0.8900848109 0.8185844263 -0.0032131225 0.0577229007 3.126474212e-05 
42 5 1.547116724 0.4988228711 1.0962954928 0.7984517939 0.1034949976 0.0329314351 0.2382220948 
43 5 1.5405529159 0.9237965603 0.7061838524 0.7433228741 0.2709011153 -0.2448226207 -0.1877426362 
44 4 1.3854482448 0.6402134727 0.664657572 0.6145957944 -0.0386291629 -0.0041251036 -0.0409290548 
45 3 1.3034290296 0.7751255949 0.0618273963 0.8619742439 -0.1345781431 0.0464777452 -0.189854794 
46 1 0.0 0.0 0.0 0.0 0.0 0.0 0.0 
