# Cluster list (50 data points):
# "Cluster Identifier" "Cluster Size" "Radius of Gyration" "Gyration Tensor.XX" "Gyration Tensor.YY" "Gyration Tensor.ZZ" "Gyration Tensor.XY" "Gyration Tensor.XZ" "Gyration Tensor.YZ"
1 54 3.517316363 4.1747730897 3.2601759823 4.9365653253 -0.2960858046 0.3575474152 -0.3642103582 
2 48 3.3727611459 3.8110783297 3.2920706263 4.272368791 -0.1732877706 -0.5326359119 0.5697443348 
3 45 3.3672558125 4.3583658048 2.764211905 4.2158339971 -0.1970657887 -0.9108704563 0.0705942424 
4 37 3.1132064154 3.0889119755 3.6409215558 2.9622206537 -0.7736176346 -0.2203643554 0.4371782846 
5 37 3.2700118376 2.7859334415 3.7208240032 4.1862199733 -0.7943355385 -0.9674382523 1.188671383 
6 36 3.0399437288 2.8654935883 3.0899832547 3.2857810311 -0.2407170824 -0.0583912603 -0.1032469897 
7 35 3.0140030028 2.6389654255 2.7936149582 3.6516337174 -0.4214392595 0.027029853 0.2490597986 
8 34 3.2227930234 2.599590995 2.4162689994 5.3705348771 -0.3922754577 0.3313581953 -1.1128471436 
9 33 2.9859799991 3.0744840508 2.4762111575 3.365381347 0.4520917873 -0.2030362838 -0.321096121 
10 32 2.9497845425 3.5308734083 2.5015365429 2.6688188961 0.1957687242 0.5321502574 0.4779076249 
11 31 2.8958857419 2.4845150742 3.6330637256 2.2685754303 0.3393009191 -0.0461110463 0.1879853902 
12 30 2.8550392862 2.8472201284 2.890206509 2.4138226884 0.2356470764 -0.0519996089 -0.0044905975 
13 29 2.8385812543 2.6264772538 2.7323112735 2.6987550101 -0.5174237293 0.2980796618 -0.0052282847 
14 29 2.8506657283 2.4843227505 3.1414900091 2.5004823348 0.3360380865 0.1086864811 0.6566737648 
15 27 2.7426287978 2.3564342463 2.3168317655 2.8487467105 -0.0193792394 -0.1719959944 -0.079783356 
16 26 2.7347247335 2.9397671265 2.1241004528 2.4148517889 0.2693077646 0.4435564502 0.4987656832 
17 25 2.6806237257 2.2074003363 2.2322346294 2.7461085931 0.2615447584 -0.1431193385 -0.0204287579 
18 23 2.6407970365 1.6189327376 3.1045741623 2.2503020879 0.1562579947 -0.485295113 -0.1755290921 
19 23 2.6706235261 3.0030441929 2.1883368115 1.9408490138 -0.1625061402 0.5392242235 0.2745946966 
20 22 2.5674253013 1.6579925943 2.258805308 2.6748747756 0.0847699842 -0.2861461412 -0.0276557947 
21 22 2.6077980299 3.161660589 1.518831244 2.1201187316 -0.4134509956 0.2638641957 -0.1466874061 
22 21 2.5487967365 1.8756768835 2.0225059798 2.5981819406 0.2393125767 -0.2762910892 0.5239414924 
23 21 2.5688056175 2.5008111525 1.7270964344 2.3708547135 -0.2350170982 0.0991718743 0.0020408545 
24 21 2.5531625189 2.2719783786 2.4658907605 1.7807697089 -0.4173587614 -0.5343304278 0.1425234988 
25 20 2.4822796425 1.9818966336 1.5990489201 2.5807666696 -0.1357429796 0.4570184502 0.2979831522 
26 18 2.4682321033 1.8234814777 1.7481416347 2.5205466032 -0.1290991062 0.3708260698 -0.687917139 
27 18 2.4185284541 1.8130065244 2.2890932359 1.7471801229 -0.055472388 0.4410696354 0.0122906541 
28 17 2.3289381732 1.6656207792 1.9531646643 1.8051675712 0.0801072458 -0.0392209628 -0.1375890494 
29 16 2.3097268904 1.3749900711 2.0793260421 1.8805221952 0.2295456801 -0.2635579587 -0.3629423238 
30 16 2.3116404911 1.6187299264 1.6840954513 2.0408563825 -0.3553918119 -0.41903847 0.2211346109 
31 15 2.2672445785 1.919348593 1.7772259037 1.443823482 0.0911307092 -0.3713834797 -0.0528739874 
32 14 2.1841342983 1.3350777064 1.3976444044 2.0377205221 0.0313237302 0.1681904868 0.2796348429 
33 13 2.0703477885 1.4415275295 1.4254725846 1.4193398512 -0.0308937113 -0.0484693425 0.0310074598 
34 12 2.1848912446 1.6725783071 1.5903067305 1.5108647131 -0.421500294 0.1572829015 -0.7379926525 
35 12 2.0619788147 1.5664840109 1.5528555778 1.1324170437 0.0247155752 0.0196196127 0.0317458359 
36 11 2.0422028743 1.6903449654 1.5547750748 0.9254725396 -0.0604345645 -0.0448107171 -0.0506781319 
37 9 1.8761642247 0.8564386627 1.3308133905 1.332740145 0.0450195187 0.0340649968 -0.0146067959 
38 8 1.8182452396 1.4729140574 0.9232632642 0.9098384297 -0.2991999913 0.0562197526 -0.0048881871 
39 8 1.8231126558 0.9250385252 1.3618193223 1.0368819083 -0.2732740589 -0.176216696 0.3268526784 
40 7 1.744091099 1.2944854997 0.6136515892 1.1337166728 0.0988176771 -0.0875559169 -0.3456124651 
41 7 1.7354167932 1.2882088344 0.4045057419 1.31895687 -0.1875267067 0.032285255 0.0924439696 
42 6 1.623150112 0.9665733415 0.9002186002 0.7678243445 -0.0315996392 0.0226473082 -0.0511303712 
43 6 1.6067622012 0.7916483166 0.8880744979 0.9019619567 -0.008877847 0.0211611217 0.0556801111 
44 5 1.5224819598 0.917487566 0.8429418719 0.5575218801 -0.2885536376 0.1757809628 -0.1196206208 
45 5 1.5198515625 0.96801523 0.5331898852 0.8087436568 0.0276751152 0.3961142964 -0.0208452673 
46 5 1.5635021893 0.7152446662 1.0022100347 0.7270843952 0.2498366528 0.1826843979 0.3517370151 
47 4 1.4018089169 0.6371628223 0.6760025674 0.6519028499 0.0304947291 -0.0077436924 0.0084615681 
48 3 1.3359121854 0.3172841956 0.8230182745 0.644358897 0.1934176405 -0.3832208429 0.1241253035 
49 3 1.3059021365 0.6008179424 0.5486639395 0.5558985082 -0.3409782409 -0.2918887888 -0.2178376111 
50 1 0.0 0.0 0.0 0.0 0.0 0.0 0.0 
