# Cluster list (48 data points):
# "Cluster Identifier" "Cluster Size" "Radius of Gyration" "Gyration Tensor.XX" "Gyration Tensor.YY" "Gyration Tensor.ZZ" "Gyration Tensor.XY" "Gyration Tensor.XZ" "Gyration Tensor.YZ"
1 54 3.5064433267 4.1902501145 3.1648499179 4.9400447711 -0.2656078869 0.4585112568 -0.018320997 
2 48 3.3657089967 3.6466788305 3.1092022611 4.572115959 0.1221751219 -0.4928000632 0.2612291215 
3 45 3.317571905 4.023191325 2.8837829117 4.0993091081 -0.5749154341 -0.814576807 0.1979751588 
4 37 3.1249573405 2.723749207 4.2562055381 2.7854036349 -0.3294806289 0.1019899888 0.4750234485 
5 37 3.2366313199 2.7414778988 3.1802613429 4.5540430593 -0.6812414431 -1.0080684292 1.0092517508 
6 36 3.035271297 3.1915840637 2.8871951814 3.1340926013 -0.1383148879 -0.0519088495 -0.1630424083 
7 36 3.0730833868 3.7806253773 2.6948127033 2.9684034218 -0.1947647017 0.3558026639 -0.5238862025 
8 35 3.0105174159 2.7843771055 2.5372362901 3.7416017157 -0.3479735205 0.0618393861 0.0735197965 
9 34 2.9802710393 2.8474553909 2.6717756167 3.36278446 -0.0452013113 -0.1532099098 -0.5861131741 
10 32 2.9493315972 3.548895379 2.375404397 2.7742570941 0.247393912 0.4659800126 0.4278810539 
11 31 3.0072220847 2.9237497169 3.4646735397 2.6549614102 -1.0857367599 0.8950463517 -0.5420550885 
12 31 2.9085681424 2.5252283256 3.6252846844 2.3092556289 0.2303942573 0.1060928812 0.3200899874 
13 30 2.8416226393 2.9096830452 2.661142646 2.5039935329 0.0712278503 -0.2697832075 -0.0517057489 
14 29 2.8046123657 2.6911376102 2.7387748435 2.4359380683 -0.1548024269 -0.0831698472 0.014775211 
15 29 2.8709456203 2.3713922289 3.0681348904 2.8028016353 0.0954480781 0.2111838726 0.7521973642 
16 27 2.7476202259 2.3102322902 2.605894763 2.6332898528 -0.0627076854 0.0205735393 -0.2412476434 
17 26 2.7501783591 3.1032046571 1.8979074005 2.5623689491 0.4697507045 0.4563340923 0.1634676541 
18 25 2.6867282961 2.181588174 2.2162330315 2.8206877313 0.1643672169 -0.1043022714 0.0252381455 
19 23 2.6562787804 1.8065211905 2.7225176397 2.5267781292 0.6530612336 -0.5166697845 -0.0687397918 
20 22 2.6136285256 2.7667446128 1.9739737453 2.0903357116 -0.8839462614 0.1865773572 -0.3194444591 
21 22 2.5783176387 2.0858796404 2.2484119167 2.3134302891 0.0691318087 -0.553826849 0.128154743 
22 21 2.5515737166 1.6676311212 2.4287961665 2.4141011439 0.2216259219 -0.247328873 0.4784116924 
23 21 2.5583700144 2.5114343528 1.7385101518 2.2953126261 -0.1640484954 -0.0247287822 -0.1766326849 
24 21 2.5485192109 1.6993086259 2.3923282984 2.4033132439 -0.1965598236 -0.4683267256 0.21069109 
25 20 2.4985142231 2.1903035696 1.6171162535 2.4351534999 0.060888065 0.5291145028 0.399820785 
26 18 2.4552954583 1.5958153611 2.181014832 2.2516455943 -0.0146932766 0.2862686115 -0.733410229 
27 18 2.4175072118 1.7765057203 1.9591596953 2.1086757036 0.369736742 0.2982750315 -0.1702333767 
28 17 2.3401439416 2.0839920273 1.6667094511 1.7255721891 0.0808533762 -0.0731467908 -0.0360002579 
29 16 2.3049654737 1.3404609515 2.3622674199 1.6101374636 0.3597297595 -0.0454802705 0.0432322223 
30 16 2.3069165987 1.5349976874 1.7790456267 2.0078208791 -0.333354471 -0.3883283 0.318075789 
31 15 2.2832955479 1.4178503199 2.0408851027 1.7547031366 -0.1958587405 -0.1693272633 -0.147178684 
32 14 2.182483288 1.3236073416 1.4968113746 1.9428145863 -0.1259786767 -0.1183809253 0.2874434099 
33 13 2.074222564 1.4426453881 1.3953478065 1.4644060506 -0.0283452577 0.0031207641 -0.0130943606 
34 12 2.1752427867 1.8280117346 1.3857870819 1.5178823646 0.045364769 0.7158365881 -0.3769591145 
35 12 2.0662393326 1.5618461232 1.4025188532 1.3049800032 0.0025052846 0.0390332284 0.2028287929 
36 11 2.0212650386 1.2227315936 1.3776256614 1.4851551014 -0.1295542633 -0.3152432559 -0.0395890319 
37 9 1.8941545764 1.1016694539 1.043215877 1.4429362283 -0.2715900404 -0.0338465298 -0.0261595817 
38 8 1.8106157279 1.1839568468 0.8072205689 1.2871518985 -0.033720632 0.4102754156 -0.0517403055 
39 7 1.7390376734 1.2557057089 0.8956573943 0.8728889263 -0.1283609259 -0.0974481669 -0.464593846 
40 7 1.7345162305 1.1733519115 1.1241944914 0.7110001509 0.2053788342 0.2427242865 -0.3556889843 
41 6 1.5908249655 0.8774133946 0.8469446062 0.80636607 -0.0156993005 -0.0079674778 0.0022153544 
42 6 1.5897234576 0.8308833916 0.8784851183 0.8178521617 0.0105746744 -0.0429852844 0.0567314287 
43 5 1.5257542354 0.5736838696 1.0294977618 0.7247443553 0.1898454087 0.131790884 0.2411105148 
44 5 1.555393431 0.9023969066 0.7010825115 0.8157693071 0.2154804916 -0.3447701243 -0.2585143137 
45 5 1.5739362902 1.4453282306 0.509500561 0.5224466539 0.1524132266 0.0651873955 0.0462461633 
46 4 1.4339187732 0.5785010523 0.7329731701 0.7446488257 -0.0139713497 -0.0297660473 -0.0447624917 
47 3 1.266793378 0.3273031143 0.5749946014 0.702467747 0.3596777288 -0.1753539551 0.1380210083 
48 1 0.0 0.0 0.0 0.0 0.0 0.0 0.0 
