# Cluster list (46 data points):
# "Cluster Identifier" "Cluster Size" "Radius of Gyration" "Gyration Tensor.XX" "Gyration Tensor.YY" "Gyration Tensor.ZZ" "Gyration Tensor.XY" "Gyration Tensor.XZ" "Gyration Tensor.YZ"
1 73 4.2370292769 4.7242949933 4.6752689954 8.5528531046 -0.9474337318 3.1861953272 -0.8966859316 
2 54 3.5065559186 4.1040524694 3.2182875905 4.9735943504 -0.3262991087 0.5545184431 0.0244250261 
3 48 3.3670432666 3.5451218994 3.2167634074 4.5750950523 0.1223214626 -0.351202933 0.4646331446 
4 45 3.3232024538 3.9877115078 2.8115076485 4.2444553926 -0.5421762813 -0.8193029679 0.3235443295 
5 37 3.2410817046 2.9063238787 3.2320607998 4.3662259374 -0.7795441003 -1.0981745896 1.0198635383 
6 36 3.032611638 3.1783415196 2.8835103889 3.1348814383 -0.1912320069 -0.0402213065 -0.1870528958 
7 36 3.0669998214 3.8372283324 2.7587394298 2.8105201421 -0.1591236689 0.2337477981 -0.4934184643 
8 35 3.0117217003 2.9113552953 2.4662216236 3.692890681 -0.3456879728 -0.0800451986 -0.0067497299 
9 34 2.9703237039 2.7872906195 2.6327752995 3.4027569868 -0.2388787876 -0.1102907467 -0.4641812308 
10 32 2.9809135423 3.6013251911 2.7302455702 2.5542747854 0.2814810201 0.6106603933 0.4777112879 
11 31 2.9026176322 2.4335305688 3.3710938204 2.6205647293 0.0856335268 0.1932816354 0.5803103367 
12 30 2.8463070423 3.0224299565 2.6630157782 2.4160180442 -0.082672146 -0.1986286434 0.0133972494 
13 29 2.8114330922 2.8346340035 2.5747531779 2.4947688502 -0.040780941 -0.0217703686 -0.0311810149 
14 29 2.8564260646 2.419866714 2.8567332032 2.8825699453 0.1858183083 0.3868823268 0.6519403482 
15 27 2.7400200814 2.4415966602 2.388465509 2.6776478772 -0.1350684855 0.205252468 -0.1169437881 
16 26 2.7403585541 3.0141410682 2.0182707439 2.4771531929 0.5909557169 0.3980531201 0.101481662 
17 25 2.6677349234 2.032401818 2.3821397253 2.702268078 0.1732881479 0.0569271187 -0.1686916496 
18 23 2.6421817346 2.6658536121 2.5554848944 1.759785812 0.5939972744 -0.4626818498 0.2786096493 
19 22 2.5744716126 1.7897612138 2.2309171287 2.6072257418 0.0216216563 -0.3983110859 -0.1008256807 
20 22 2.6240053254 3.0910767254 1.7810937043 2.0132335183 -0.4859984312 0.4013184174 -0.4568884851 
21 21 2.550845922 1.6390413689 2.3080512829 2.5597222658 0.1996762492 -0.2686027433 0.4971200311 
22 21 2.5876578665 2.4078415704 1.8971464166 2.3909852473 -0.4334033663 -0.1234537058 -0.031986568 
23 21 2.5552051361 1.9993555018 2.7035240333 1.8261937524 -0.3447649173 -0.4776616446 0.1739981742 
24 20 2.4891674556 2.351026342 1.4296448991 2.415283381 -0.0528087672 0.4271055513 -0.0792115486 
25 18 2.4667171391 2.0633039938 1.5134670066 2.5079224439 0.0283082367 0.5899659097 -0.3873171074 
26 18 2.4120055967 1.7430967445 1.9101080525 2.1645662014 0.3506892252 0.2927857429 -0.2050293979 
27 17 2.3455204939 2.1971360514 1.7493105509 1.5550197849 0.1321555448 0.0136760096 0.1268116845 
28 16 2.3147047054 1.3139310277 2.2402137898 1.8037130556 0.1291851333 0.0126937374 0.3192240853 
29 16 2.3078636278 1.4988329504 1.5746731555 2.2527284187 -0.3012387767 -0.3873200901 0.2439683857 
30 15 2.2661265932 1.2941660563 2.0700255006 1.7711381796 0.0180680797 0.0184375678 -0.1836021047 
31 14 2.167620255 1.3746934507 1.4707660354 1.8531180839 -0.0237744561 -0.0710236222 0.2646202828 
32 13 2.063917613 1.4123362836 1.4135116715 1.4339079584 -0.0345381451 0.0132743343 0.0037064735 
33 12 2.1665754915 1.7154517041 1.0947246697 1.8838729865 -0.0487997494 0.4577641174 -0.5785821556 
34 12 2.0551099392 1.4579569614 1.2736660764 1.4918538245 0.2290641212 -0.0313088794 0.0384336358 
35 11 2.044106677 1.6332854555 1.4942661234 1.0508205281 0.0547730012 -0.2174239982 -0.1217288581 
36 9 1.8750239037 1.2809444734 1.2087829415 1.0259872245 0.0646682579 -0.0844653762 0.2348061451 
37 8 1.8321008827 1.2133249327 1.2969824505 0.8462862613 -0.3841269029 -0.1364544984 0.0310264783 
38 7 1.7201090492 0.9848255577 0.7274710621 1.2464785215 -0.4105921329 -0.0458468125 0.012769539 
39 7 1.7321687864 0.8248734124 0.9120414894 1.2634938027 0.4693541512 0.0488972492 -0.0422466968 
40 6 1.6155396968 0.9347594007 0.8619866532 0.8132224579 0.0182347086 0.0241952897 -0.0127172736 
41 6 1.5922690411 0.8875689776 0.8028829358 0.8448687857 -0.0091224565 -0.0030915998 1.1579784752e-04 
42 5 1.5272795414 0.5316834623 1.0585658986 0.7423334366 -0.028179884 -0.0347257955 0.3298436726 
43 5 1.5546674308 0.7768128563 0.7652166995 0.8749612647 0.3130348211 -0.2955610974 -0.3001768501 
44 4 1.3822078104 0.6563192304 0.6989052041 0.5552739967 0.0408212167 -6.6856466873e-04 0.0166522676 
45 3 1.3024618787 0.6773353134 0.2905181767 0.7285534553 -0.3324671497 -0.1152163759 -0.2438959843 
46 1 0.0 0.0 0.0 0.0 0.0 0.0 0.0 
