# Cluster list (48 data points):
# "Cluster Identifier" "Cluster Size" "Radius of Gyration" "Gyration Tensor.XX" "Gyration Tensor.YY" "Gyration Tensor.ZZ" "Gyration Tensor.XY" "Gyration Tensor.XZ" "Gyration Tensor.YZ"
1 54 3.5080226094 4.2031911033 3.2387358566 4.8642956685 -0.3882635193 0.522064969 -0.2705751654 
2 48 3.3640995978 3.8404266522 3.2499061921 4.2268332594 -0.1393622672 -0.5157042839 0.512266299 
3 45 3.3288982808 4.1716259969 2.8807553459 4.0291824212 -0.5136100813 -0.7276432948 0.5306243233 
4 37 3.1154796855 2.751107945 4.2750117232 2.6800940025 -0.4272181142 0.0310638783 0.118957357 
5 37 3.247647865 2.4155007919 3.7250997632 4.4066160997 -0.5296759915 -0.7258534764 1.2646461496 
6 36 3.0424386019 2.9955567929 3.1271137143 3.1337621394 -0.2377383287 -0.0714549404 -0.1441764289 
7 36 3.0595064523 3.7324931143 2.5935101806 3.0345764368 0.0299650558 0.3675920497 -0.3987431592 
8 35 3.0048238624 2.8488320355 2.5177505702 3.6623838385 -0.383031734 -0.1662381958 0.0178046303 
9 34 2.9813957561 2.872757161 2.631485505 3.3844779884 -0.1767150293 -0.2624860431 -0.4753836956 
10 32 2.9685323828 3.5021682365 2.4427400192 2.8672762523 0.3756486712 0.5364775459 0.5073158543 
11 31 3.0021312651 3.5031385637 3.0656535259 2.444000043 -1.1047817301 1.0013193449 -0.337483851 
12 31 2.9083879789 2.6518647375 3.5020960585 2.30475984 0.4555931333 0.0703638222 0.2938557662 
13 30 2.855848466 2.9867823584 2.6742036729 2.4948844295 0.149182746 -0.2749837261 -0.1117332286 
14 29 2.806970798 2.640623727 2.7237645225 2.5146968115 -0.1883666123 -0.1079743611 0.0761946641 
15 29 2.855712156 2.3252691274 3.239082079 2.5907407117 0.2220827655 0.1962096635 0.666788175 
16 27 2.7568887662 2.3387453696 2.5516061239 2.7100841756 -0.0297573152 -0.0045475906 -0.2923174303 
17 26 2.7510984343 3.2436715506 1.7791042572 2.5457667872 0.163862825 0.4128941219 0.1896027723 
18 25 2.6793564735 2.3898651618 2.1297554319 2.6593305182 0.1575943438 -0.1282738862 0.1391187649 
19 23 2.649723224 2.0856500608 2.8975314966 2.0378516066 0.5987919059 -0.5302285389 0.0752833407 
20 22 2.6128820449 2.4679218779 2.2558905027 2.1033401998 -0.98679175 0.183636409 -0.2419253093 
21 22 2.5764741098 1.899625673 2.2119429552 2.5266502105 0.1011561721 -0.4902615214 -0.0421705683 
22 21 2.5462049705 1.8333947826 2.4176275937 2.2321373755 0.2245575028 -0.2638186247 0.629550953 
23 21 2.5753828005 2.6235384586 1.7740709235 2.2349871868 -0.1230870926 -0.0208866497 -0.2716435307 
24 21 2.5319461112 1.5958614425 2.4772260605 2.3376636068 -0.2069511879 -0.3227864187 0.3507468826 
25 20 2.4834263499 1.8913428119 1.4924718351 2.7835917884 -0.1585477413 0.1089901215 0.0417490232 
26 18 2.4665712332 1.7178941738 2.2633439526 2.1027355222 0.2994964794 0.0027357145 -0.7473498482 
27 18 2.4315647021 1.9050017941 2.2048242843 1.8026808223 0.0389417997 0.4964197501 -0.183217476 
28 17 2.3374602981 1.7712910812 2.1172611916 1.5751683723 0.1090584728 2.8299782575e-04 0.0478031102 
29 16 2.321395342 1.2279826267 2.4377453898 1.7231483173 0.0397637606 -0.0645947982 -0.3143148957 
30 16 2.3122975071 1.7390117938 2.0147451873 1.5929627801 -0.4075734664 -0.3721696376 0.1412828975 
31 15 2.2608840876 1.4662404819 1.8968135864 1.7485427892 -0.1330938182 -0.1375374377 -0.3978999819 
32 14 2.17348414 1.2938024655 1.3733283462 2.056902495 0.0259702207 0.1040072708 0.1986353533 
33 13 2.0671966449 1.4002724884 1.4823627478 1.3906667324 0.0127748238 -0.0232266122 -0.0026230478 
34 12 2.1837965539 1.2012780575 1.6966471768 1.8710421543 -0.0520960726 0.6560220821 -0.431846806 
35 12 2.0536735237 1.4894415025 1.3060743333 1.4220591061 -0.104868632 0.1104290807 0.1835578207 
36 11 2.0442475432 1.7033519728 1.3390546638 1.1365413813 -0.0305226717 -0.2044609694 -0.1964974537 
37 9 1.8895729911 0.8847064333 1.3753140874 1.3104655681 0.0957439665 -0.1948146751 0.0632906755 
38 8 1.7972010133 0.8580672565 1.1996917238 1.172172502 0.1549013654 0.1592904651 0.3087212723 
39 7 1.748399657 0.9478329184 0.9283958406 1.1806726017 -0.4693124502 -0.0855880791 -0.2138636577 
40 7 1.7330904913 0.8364367874 1.1565905632 1.0105753005 0.3010528414 0.2726390281 -0.0874017725 
41 6 1.6123297599 0.943780135 0.8093591963 0.8464679235 -0.0291341484 -0.0184187682 -0.0085581464 
42 6 1.6229773399 0.8538487773 0.8196948598 0.9605118087 -0.0048118274 -0.023392688 -0.0137323549 
43 5 1.5432217411 0.5009466643 1.3334385195 0.5471481583 -0.0451507221 7.966245701e-04 0.0740442199 
44 5 1.5526916555 0.6124964405 0.6618077679 1.1365471685 0.0940627049 -0.1932434735 -0.3250688464 
45 5 1.525001797 0.8838951056 0.5748373135 0.8668980617 -0.0466232061 0.3895598278 -0.0723461026 
46 4 1.3986483083 0.6720402663 0.6601909357 0.6239858883 0.0159737101 -0.0830495824 -0.0412509775 
47 3 1.3488689775 0.258105811 0.883371979 0.6779697283 0.3176303884 -0.2891662232 0.0616910534 
48 1 0.0 0.0 0.0 0.0 0.0 0.0 0.0 
