# Cluster list (500 data points):
# "Cluster Identifier" "Cluster Size" "Radius of Gyration" "Gyration Tensor.XX" "Gyration Tensor.YY" "Gyration Tensor.ZZ" "Gyration Tensor.XY" "Gyration Tensor.XZ" "Gyration Tensor.YZ"
1 14 4.5759018387 3.5287103504 4.3539619869 13.0562053004 0.9271405179 2.2399765259 0.3151298216 
2 13 3.831624255 3.294191022 4.8100831201 6.5770702892 -0.1589422999 -2.2832009031 3.5039128649 
3 13 3.5526107076 4.5859989726 3.9807753389 4.0542685279 0.6643472563 1.5882008474 -0.4612883933 
4 11 4.173577266 2.8571514508 10.9132861404 3.6483096044 -3.6072771313 -1.0231342495 4.5542100189 
5 10 4.1328624161 2.9722293071 9.8166570058 4.2916654374 -0.5373118931 -2.4792078181 1.6038249342 
6 10 3.6368482411 6.1167442093 1.8660088101 5.2439121095 0.5768967233 -3.4172312603 0.3463969303 
7 10 3.2809715465 5.1987661681 3.1987640211 2.3672440997 -0.4769387991 -0.9637214473 -1.4280473567 
8 9 4.1191827999 10.5127514841 2.6535786047 3.8013368503 -2.7616207455 -0.5176676184 0.9929863656 
9 9 3.498913422 1.8671588763 6.4856449568 3.8895913015 -1.9930727171 1.2085532686 -2.0336013062 
10 9 3.5576532792 6.5268312462 4.3724329185 1.7576326901 -2.5352477507 -1.1879129213 1.4411294643 
11 8 3.2568103251 6.0765010465 1.7775188535 2.7527935936 0.3111306193 0.8409765183 -0.7602888688 
12 8 3.7869735433 3.4638059416 9.0104104033 1.8669522726 -2.9658822153 -1.1890720813 2.2398850259 
13 8 3.4229247882 1.4008290442 6.1036879579 4.2118971034 1.1549799559 -0.8388076294 1.4375363973 
14 8 3.634164941 1.7674554033 3.1275462471 8.3121531676 0.4999578437 2.7283236707 1.7646188574 
15 8 4.4414223765 1.1998752272 16.8151284981 1.7112290015 -2.7765722902 -0.0669635547 1.8708260581 
16 7 2.9672766819 5.7688746077 1.2076202686 1.8282360309 2.1342644949 -0.5068134482 0.2963374338 
17 7 2.9290475589 2.9133226102 3.0335298059 2.6324671861 -0.2482161732 0.844798352 0.8063094453 
18 7 3.0294538339 3.1738250751 2.8031042379 3.2006612188 1.6461100004 2.7979769847 1.9626019798 
19 7 3.1163473081 1.0206749172 6.6694139452 2.0215316819 0.8845795623 1.0974766717 1.1291563585 
20 7 3.6477770536 6.3546764214 2.9336281974 4.0179728139 2.6489865712 -3.873511285 -2.7217653245 
21 7 2.9850183397 3.2810210676 3.9915003632 1.6378130575 -0.3468302287 1.0645710975 1.0596261648 
22 6 2.8402893661 4.2710210028 1.3485199412 2.4477027389 1.3110891253 -1.2151916742 -1.0851390845 
23 6 3.0773495702 4.2930339295 3.8039263356 1.3731201121 -2.9551105322 1.5964952272 -1.8978631129 
24 6 3.0961554155 1.3634471478 3.1541303529 5.068600856 -0.9183953126 -1.880148776 2.9453829643 
25 6 3.1373626316 6.1113163829 1.7705702266 1.9611576728 -0.5844928151 -0.4960414995 0.1581742505 
26 6 2.6915411537 1.5742265343 3.1440680753 2.5260991722 -0.5148029105 -0.3149435026 1.0897737484 
27 6 2.6098878533 2.0099252305 2.9303037727 1.8712856035 -1.4015110924 0.3828621386 0.7640095341 
28 6 2.112225022 2.5944352569 1.0579169945 0.8091422922 0.6762518379 -0.6959554931 -0.3511642006 
29 6 2.7437836357 1.0401240353 3.3274487571 3.1607758469 -0.4724064282 0.8689645287 -2.4064236615 
30 6 3.4385997897 2.1032194599 6.6348273225 3.0859217311 -2.6876065149 1.9717283165 -3.8171552929 
31 6 3.5077152876 1.0843646091 0.5381809731 10.6815209567 0.5015880407 -1.1489937949 -0.2495140193 
32 6 3.8320767481 6.2072287872 8.0187084787 0.4588749378 5.0732711497 0.6405347774 1.479341571 
33 5 3.2142894736 0.7527952161 9.1697163068 0.4091452969 1.8624356502 -0.1744913336 0.3346253168 
34 5 2.2723462914 1.8483488235 1.4742040521 1.8410047926 -0.6983419707 0.1427303115 -0.640021804 
35 5 2.3795252949 2.7565979673 0.9634347855 1.9421078764 -0.2487250561 0.9097904579 0.5191311762 
36 5 2.1988829811 0.5443493901 1.373338851 2.9173981234 -0.8254790927 0.1066221617 -0.6987449084 
37 5 2.6256879973 0.9654022706 4.4555335831 1.4733016057 1.7468624306 0.2285882641 0.2880945699 
38 5 2.6161795327 5.1599948678 1.1422445273 0.5421559524 -0.723031692 -1.176520347 -0.3303343499 
39 5 2.5599140267 2.4020544852 3.6720543082 0.4790510309 1.5532097703 -0.1028067849 -0.7004704713 
40 5 3.6763750408 9.3008452717 0.6403967823 3.5744913865 -0.3266106248 5.5676522382 0.0304662914 
41 5 2.2695512455 0.747312888 1.3994715704 3.0040783974 -0.0318606942 1.2359346825 0.632028052 
42 5 2.8548757796 2.119122566 3.644518691 2.3866744599 1.7904099058 1.5885368309 1.9289609744 
43 5 2.9452959278 7.0792230468 0.6049503112 0.9905947446 -0.241057703 -2.2204123679 -0.2332486818 
44 5 2.9361606366 4.0968957012 2.8397080701 1.6844355124 2.7442478094 0.3106749026 -0.3416751704 
45 5 2.7055546241 4.2412226597 2.6383074366 0.4404957275 2.6653838997 0.6904569386 0.6701636226 
46 4 2.5308507648 4.7704495874 0.2517420944 1.3830139122 0.458862289 -2.4998016701 -0.2505355449 
47 4 1.9995065806 1.1665020799 0.3906623223 2.4408621638 -0.0151801905 0.0336770749 0.6201352819 
48 4 2.5267385964 3.9391886754 1.6521562322 0.7930630267 2.2858845665 -1.0215607813 -0.8899958318 
49 4 2.5852969087 0.3537868779 5.9591152878 0.3708579403 0.4614125352 0.2964546881 0.013861938 
50 4 2.0575768803 1.696853155 2.0895983721 0.4471710911 -0.5348136623 0.633403991 -0.6202868591 
51 4 3.218083482 9.1139019163 0.7858021555 0.4563572251 2.576551636 -1.5640900851 -0.5457828978 
52 4 2.1990380696 0.7214817779 1.0365482539 3.0777383998 -0.2614754066 -0.0346468467 0.7372290887 
53 4 1.9589226985 1.0163989085 1.5878639056 1.2331153246 0.1368516283 -0.0916351802 -0.3740823292 
54 4 2.2564708481 1.0327522433 0.8230085753 3.2358998696 -0.1716013248 -1.4344594859 -0.7466405214 
55 4 2.6734459736 0.8089592015 0.6891818115 5.6491723608 -0.0773313519 1.0110523244 -0.8806208793 
56 4 2.4768783513 0.1329174791 4.8131027165 1.1889061715 0.3672273065 0.2524216856 -0.8630843515 
57 4 2.3430735973 1.1408152076 0.8496619718 3.4995167028 0.3650856866 0.7378541635 0.5949394537 
58 4 2.2394940857 3.25466082 0.2739734669 1.486699473 -0.3473249711 -1.3189324854 0.4457137608 
59 4 1.7747008553 1.4132660606 0.9269176325 0.8093794326 -0.2158986698 -0.2503712541 -0.2945203291 
60 4 2.442227757 1.6162946636 2.9465319072 1.4016498461 1.714976941 0.4429548158 0.8486367705 
61 4 2.9108344021 0.8293248034 2.3301725876 5.3134595254 -1.3672703483 -2.0545237837 3.2580171096 
62 4 1.8875773998 1.3437347266 1.647534958 0.5716787556 -0.1420095594 -0.4127696804 -0.1143090709 
63 4 2.3251275069 1.4988150268 0.8352731646 3.0721297319 -0.4939984291 1.6103714977 0.4186684699 
64 4 1.9098038633 1.4892527015 1.2575627723 0.9005353224 1.0563257966 -1.0001689391 -0.3885847728 
65 4 2.180804907 1.7248069344 0.1920267488 2.8390763591 0.5350836598 0.4131023998 -0.0281917424 
66 3 2.6043579864 2.0571486909 0.5689833371 4.1565484935 -0.4250188715 2.9219370371 -0.5487115048 
67 3 2.0995096333 2.0018887591 1.9458699133 0.4601820281 1.9712507953 0.4742899648 0.4262219854 
68 3 1.3880022453 0.3386882671 0.7989416838 0.7889202821 0.4494148414 0.0952889772 -0.2665014286 
69 3 1.4950611549 1.5516289365 0.2024332453 0.4811456752 -0.0028931536 0.7516704845 0.1524991299 
70 3 2.3397556818 0.7534017012 3.0180182053 1.7030367438 0.30876236 0.439999805 2.2251404286 
71 3 1.8434082585 1.7369746889 0.6954301652 0.9657491534 -0.9375119033 1.1370908412 -0.4089613744 
72 3 1.7507809287 0.8570679616 1.99363407 0.2145318286 -0.5744985012 -0.3754169421 -0.0322072749 
73 3 2.5563117595 4.6661759793 1.6973415776 0.1712122548 2.7989956754 0.7852158201 0.4978028392 
74 3 2.121526272 0.422639639 3.8481261003 0.2301079833 -0.1923601082 -0.0388203776 0.9406688013 
75 3 1.9792495656 1.2327710872 1.8499645785 0.8346931772 -0.5138920847 0.8429994852 0.2985084594 
76 3 1.4106979163 0.6332243199 0.8454094709 0.5114348203 -0.35228422 -0.2185915339 -0.4104919807 
77 3 2.1025799722 2.4136387221 0.3233368247 1.6838669926 0.7602947606 0.7491503458 0.5848187172 
78 3 1.9421273868 1.0948888367 0.4671007027 2.2098692472 -0.6667951871 -0.3429904651 0.5670523794 
79 3 1.4370204047 0.8430120673 0.8969643357 0.3250512405 0.3960847599 0.2095393583 0.5389548984 
80 3 1.9220952301 1.8242119421 0.0904965857 1.7797415457 0.4047119058 -0.2270090797 -0.0151258904 
81 3 2.2677324696 1.0857661063 0.0140669809 4.0427774666 -0.1232456692 0.8183323187 -0.1091653449 
82 3 1.6866945622 1.2635966886 1.1399410223 0.4414008354 0.8602585702 -0.4826680036 -0.7060482555 
83 3 1.7383963018 0.8651453507 1.4253276539 0.7315486973 0.6956833013 0.6831207236 0.1414044413 
84 3 2.2221815519 0.5989891452 4.1445546853 0.1945470189 0.2200407628 0.3211630572 -0.1833725302 
85 3 1.7471111397 1.0311718592 1.0318989023 0.9893265729 -0.2471131253 0.9798865495 0.003053744 
86 3 1.8072004778 2.1164946809 0.4141324757 0.7353464105 -0.6589380779 0.3227622751 0.2781791028 
87 3 1.8299505858 1.8660065267 0.856886327 0.6258262928 -0.9887921464 -0.9817072539 0.3294019835 
88 3 1.7214546441 0.5371174217 0.1790136636 2.2472750065 0.003393849 -0.3338679676 -0.6063434337 
89 3 2.1614692312 1.3535517081 0.8590148346 2.4593826945 0.6221865545 1.7891561305 0.5898000438 
90 3 2.5331261669 1.1019917469 5.2444008218 0.0703356086 2.3591817351 -0.1545178424 -0.2336818479 
91 3 2.1775144417 0.2597504607 0.8617433678 3.6200753151 0.4509849104 0.9385283405 1.7637678488 
92 3 2.3942981196 0.1680113522 4.799968678 0.7646834552 -0.6287905312 -0.3293215087 1.7724882071 
93 3 1.9282689751 0.4647893786 0.9429509875 2.3104808743 -0.4779575648 0.9089912583 -1.425168975 
94 3 2.0744863339 2.3649430826 0.5457154619 1.392835005 0.3750190556 1.4727789495 0.7144668389 
95 3 1.5387946536 0.4809997993 0.1430521902 1.7438369965 -0.2515905117 -0.1242637053 0.2050308626 
96 3 2.3516638089 3.4255382055 0.0912608881 2.0135235763 -0.2338484356 -2.5342377181 0.0708171062 
97 3 1.5277021937 1.0921724049 1.1861078321 0.0555937556 0.3396905286 0.0016285726 0.2455861048 
98 3 2.2171069928 2.9138009199 0.0605746614 1.9411878363 0.1607208134 2.1438966812 -0.018896135 
99 3 2.4540920665 2.1908435485 2.6385736591 1.1931506631 -2.3027321186 -1.6140132691 1.7263306412 
100 3 2.2727302966 0.5628615511 3.0730534417 1.5293880084 1.313781564 0.8900288329 2.0491749732 
101 3 1.8750457043 0.1780316763 0.8034671801 2.5342975368 -0.0705618748 -0.6565940558 0.5559096275 
102 2 1.1963545664 0.7331082092 0.6936021552 0.004553884 -0.7130816461 -0.0577796652 0.0562012787 
103 2 1.3632228156 0.9121760465 0.4466779938 0.4995224046 0.6383172929 0.6750202754 0.4723617952 
104 2 1.2711352283 1.4279353801 0.1842807409 0.0035686477 0.5129726989 0.0713848601 0.0256443568 
105 2 1.4715496447 0.1208834357 0.4019944747 1.6425804465 0.2204415416 -0.4456015797 -0.8125935415 
106 2 1.5683289229 0.0435732817 2.3770164466 0.039065882 0.32182978 0.0412580741 0.3047297885 
107 2 1.6736267236 0.7300486981 2.0312915014 0.0396862105 1.2177609437 -0.1702141777 -0.2839265082 
108 2 1.235608748 1.2850408441 0.0377661786 0.2039219554 0.2202977123 0.5119062822 0.0877573529 
109 2 1.6328612067 0.359162094 1.2608241158 1.0462495106 0.6729340455 -0.6130033973 -1.1485367274 
110 2 1.3317573132 0.0745648039 0.0107784616 1.6882342757 -0.0283494952 -0.3547997431 0.1348946566 
111 2 1.2280676508 0.2413697032 0.9929609629 0.2738194889 -0.4895617356 0.2570831165 -0.5214327026 
112 2 1.4747987439 1.927987797 0.0129684731 0.2340750648 -0.1581235523 -0.6717840937 0.0550962446 
113 2 1.4052466432 0.0662672983 0.5022532417 1.4061975882 0.1824361954 0.3052620433 0.8403971069 
114 2 1.3799433913 0.2803308718 0.0046929744 1.6192199171 0.0362710021 0.6737338725 0.0871719999 
115 2 1.6012499451 0.6063972594 1.6286738038 0.3289303235 -0.9937923984 0.4466121883 -0.7319290958 
116 2 1.6202016218 0.1847432351 0.2016368642 2.2386731962 0.193005302 -0.6431016471 -0.6718623692 
117 2 1.3877808891 1.5581624552 0.0044631158 0.3633102251 -0.0833922024 -0.7523937482 0.0402677985 
118 2 1.6627543784 0.0339909054 2.521211892 0.2095493255 0.2927426768 0.0843965123 0.7268550416 
119 2 1.2544355227 0.2704694121 1.1343134863 0.1688255822 0.5538926807 0.2136870514 0.4376084262 
120 2 1.1392159365 0.0148692805 1.2283282964 0.054615373 0.1351456915 -0.0284972156 -0.2590088957 
121 2 1.2063497544 1.1998089179 0.1593084576 0.0961623545 0.4371952746 0.3396710916 0.1237718723 
122 2 1.6942969216 1.3999484214 0.9601421049 0.5105515324 -1.1593745831 0.8454264083 -0.7001442873 
123 2 1.1887917283 0.4707908817 0.5513603433 0.3910745483 0.5094854485 0.4290854593 0.464352234 
124 2 1.1545482899 0.9425302615 0.3621379457 0.0283135465 -0.5842310952 -0.1633596474 0.1012591209 
125 2 1.5721521141 2.0870788765 0.3516121647 0.0329712286 0.8566459722 -0.2623233783 -0.1076711896 
126 2 1.2518666485 1.2899883029 0.027391567 0.2497902357 -0.187975533 -0.5676499645 0.0827172652 
127 2 1.2287660076 0.4811030353 0.0359130867 0.9928497795 0.1314454069 0.6911317114 0.1888287589 
128 2 1.1158861425 0.1506213542 0.3540446109 0.7405359179 -0.2309256996 0.3339768297 -0.5120378413 
129 2 1.2431940742 0.2402484002 0.4313114332 0.8739716727 0.3219035287 0.4582251588 0.6139657765 
130 2 1.7470865519 0.5999269036 1.1567033516 1.2956811646 0.8330290872 -0.881654121 -1.2242216898 
131 2 1.6510151298 2.1863652036 0.4642166948 0.0752690603 1.0074458936 0.4056669255 0.1869255317 
132 2 1.475443782 0.0013164919 2.1131059406 0.0625119215 0.0527435947 0.0090717383 0.3634478129 
133 2 1.1701716025 0.0987076596 1.2498792879 0.0207146319 -0.3512444437 0.0452182798 -0.1609061507 
134 2 1.4142076047 0.4990304857 0.0010906681 1.4998619954 -0.0233297372 0.8651455716 -0.0404456629 
135 2 1.6386920782 2.0667106025 0.0306716477 0.5879294769 -0.2517725549 1.1023067102 -0.1342861339 
136 2 1.6165386945 0.1630287446 1.578838399 0.8713302072 -0.5073421352 0.3768976915 -1.172897945 
137 2 1.2697713375 0.2671265234 0.6049481204 0.7402446056 -0.4019921495 -0.4446784996 0.6691857611 
138 2 1.2054705055 0.6772947831 0.0599572045 0.7159071521 0.2015160089 -0.6963333823 -0.2071805771 
139 2 1.2262958707 0.9992820122 0.2769994228 0.2275201277 -0.5261183712 0.4768194323 -0.2510437094 
140 2 1.2567413658 1.4901426767 0.078807146 0.0104490378 -0.3426862873 -0.1247820388 0.0286959727 
141 2 1.6488688406 0.1382594892 0.0840308507 2.4964781134 0.1077871166 0.5875047139 0.4580187547 
142 2 1.4431662806 0.0037477048 2.025820297 0.0531609117 -0.0871330957 0.0141149354 -0.3281683316 
143 2 1.6377205222 1.409232291 0.2503024062 1.0225938116 0.5939143316 -1.2004466752 -0.5059226142 
144 2 1.6020747947 0.0436647535 2.1786543321 0.3443245623 -0.3084321715 0.1226166675 -0.8661201991 
145 2 1.6203428905 2.1159842088 0.4363125989 0.0732142749 0.9608488796 0.3935990975 0.1787297137 
146 2 1.4727270947 1.5388166711 0.3762484239 0.2538600005 0.7609056098 -0.6250152005 -0.3090540812 
147 2 1.1096152249 0.0324942487 0.0884067724 1.1103449262 0.0535976833 -0.1899468984 -0.3133081728 
148 2 1.2016629263 0.9481335678 0.0400373164 0.4558229041 -0.1948351192 0.6574047432 -0.1350922864 
149 2 1.6310536862 2.3422344694 0.1250886252 0.1930130326 -0.5412826338 0.6723702684 -0.1553825437 
150 2 1.3761029894 0.1102073895 1.0978150272 0.6856370208 0.3478323278 0.2748859149 0.8675843617 
151 2 1.5349309479 0.0698666463 0.0066619765 2.2794843921 0.0215742892 0.39907384 0.1232309677 
152 2 1.5000313787 0.3485482078 1.9015456776 2.5163535611e-07 0.8141132219 -2.9615376479e-04 -6.9173414238e-04 
153 2 1.231398239 0.1154283154 0.0136708426 1.3872424649 -0.0397240775 0.4001587945 -0.1377126479 
154 2 1.5833967829 1.1454820873 1.3011602794 0.0605030055 -1.2208422473 0.2632586353 -0.2805781666 
155 2 1.2479775353 0.0948849101 0.0280171336 1.4345458847 -0.0515597053 0.3689400458 -0.2004790855 
156 2 1.0127476185 0.2047459882 3.057166856e-05 0.820881179 0.0025018846 0.4099660085 0.0050095616 
157 2 1.5453412498 0.112325365 2.1697263366 0.1060278769 -0.4936753009 0.1091312053 -0.4796368178 
158 2 1.7403316244 1.598566295 0.0480043914 1.3821834764 -0.2770166099 -1.4864427062 0.2575866391 
159 2 1.0867082761 0.1353931404 0.077142687 0.9683990498 -0.1021987801 -0.3620974849 0.2733219802 
160 2 1.0341860164 1.3085812043e-04 0.4553407731 0.6140690852 -0.0077191345 0.0089641467 -0.5287822728 
161 2 1.7101913839 2.2590441808 0.3195694673 0.3461409214 -0.8496596646 -0.88427803 0.3325899426 
162 2 1.5311245947 0.0071567922 2.1880471158 0.1491386166 0.1251375182 -0.0326703854 -0.5712462866 
163 2 1.6154204904 0.1001536552 0.6532672115 1.8561624941 0.2557872145 -0.4311629141 -1.1011676061 
164 2 1.6503278912 2.5965227766 0.1216286379 0.005430734 0.5619711101 -0.1187477347 -0.0257008322 
165 2 1.7076650758 1.1700405193 0.9412594772 0.8048200147 1.0494340034 0.970397871 0.8703703041 
166 2 1.4900799498 0.9541214036 0.6719553897 0.5942614634 -0.8007040774 -0.752992418 0.6319154953 
167 2 1.0358276976 0.9942975509 8.6362363163e-04 0.0777778444 0.029303564 -0.2780904893 -0.0081957785 
168 2 1.6793538809 1.1693597793 0.8583361348 0.7925335432 1.001850165 -0.9626821122 -0.8247788662 
169 2 1.0122461522 0.0204351281 1.0041951933 1.1951328815e-05 -0.1432510292 -4.9419321613e-04 0.0034643133 
170 2 1.308484297 0.2063550642 0.2599514243 1.2458246669 -0.2316080587 0.5070327693 -0.5690816256 
171 2 1.3544392776 1.5104177838 0.3233782867 7.0968631553e-04 0.6988821897 0.0327402326 0.0151491632 
172 2 1.7065375586 1.6819317642 0.1589323652 1.0714063096 0.5170235908 -1.342397968 -0.4126513527 
173 2 1.5693848222 0.9564684651 0.5073841156 0.9991161393 -0.6966325475 0.9775597579 -0.7119941423 
174 2 1.560940398 2.2993513998 0.0454886475 0.0916948788 0.3234105523 0.4591718065 0.0645838681 
175 2 1.7072432372 2.5963061029 0.010709957 0.3076634111 0.1667522915 -0.8937496248 -0.0574026298 
176 2 1.3709883906 0.0095633976 1.8370318358 0.0330139338 -0.132545335 -0.0177686627 0.2462674306 
177 2 1.6442445979 0.2455047432 1.375911889 1.0821236657 0.5811995311 -0.5154284554 -1.2202076942 
178 2 1.2083494811 0.8292856208 0.5716708943 0.0591519535 0.6885335521 -0.2214810702 -0.1838897772 
179 2 1.2360007871 1.060845425 0.4278748045 0.0389777163 -0.6737277112 -0.2033453517 0.1291417158 
180 2 1.5606429108 0.0888616168 1.6758848613 0.670859817 0.3859039237 0.2441591448 1.0603225035 
181 2 1.6286411582 0.0251458978 0.2613302653 2.3659958591 0.0810640743 0.2439161537 0.7863245675 
182 2 1.3389040599 1.5554817033 0.065762413 0.1714199653 -0.3198315653 -0.5163725589 0.1061743404 
183 2 1.1422658636 0.9633603267 0.051180294 0.2902306824 -0.2220474381 -0.5287690658 0.1218773632 
184 2 1.0137009468 0.3803820353 0.2344247059 0.4127828683 -0.2986150478 -0.3962514197 0.3110731465 
185 2 1.3654436732 0.0385593532 1.7669267377 0.0589503336 -0.2610202141 -0.0476768994 0.3227397104 
186 2 1.7405341149 1.10049059 1.3294285111 0.599539904 1.209555111 -0.812273367 -0.892774015 
187 2 1.090446591 0.9460175117 0.2404696693 0.0025865868 0.4769575644 -0.04946672 -0.024939841 
188 2 1.6363086726 1.260758795 0.0303785629 1.3863687143 -0.1957039609 -1.3220728231 0.2052215612 
189 2 1.5060583408 2.0736839364 0.0596745144 0.1348532749 0.3517756131 0.5288128875 0.0897067651 
190 2 1.0850558987 0.0032084845 0.9070289162 0.2671089026 0.0539461604 0.0292748147 0.4922148905 
191 2 1.0431181817 0.2095196405 0.290323169 0.5882527314 -0.2466341542 -0.3510705069 0.4132594792 
192 2 1.3708684665 1.1309986264 0.4162873654 0.3319943606 0.6861635654 -0.6127684439 -0.3717594084 
193 2 1.4161376213 2.7392040488e-04 0.2220503262 1.7831215158 -0.0077989817 -0.0221005287 0.6292397907 
194 1 0.0 0.0 0.0 0.0 0.0 0.0 0.0 
195 1 0.0 0.0 0.0 0.0 0.0 0.0 0.0 
196 1 0.0 0.0 0.0 0.0 0.0 0.0 0.0 
197 1 0.0 0.0 0.0 0.0 0.0 0.0 0.0 
198 1 0.0 0.0 0.0 0.0 0.0 0.0 0.0 
199 1 0.0 0.0 0.0 0.0 0.0 0.0 0.0 
200 1 0.0 0.0 0.0 0.0 0.0 0.0 0.0 
201 1 0.0 0.0 0.0 0.0 0.0 0.0 0.0 
202 1 0.0 0.0 0.0 0.0 0.0 0.0 0.0 
203 1 0.0 0.0 0.0 0.0 0.0 0.0 0.0 
204 1 0.0 0.0 0.0 0.0 0.0 0.0 0.0 
205 1 0.0 0.0 0.0 0.0 0.0 0.0 0.0 
206 1 0.0 0.0 0.0 0.0 0.0 0.0 0.0 
207 1 0.0 0.0 0.0 0.0 0.0 0.0 0.0 
208 1 0.0 0.0 0.0 0.0 0.0 0.0 0.0 
209 1 0.0 0.0 0.0 0.0 0.0 0.0 0.0 
210 1 0.0 0.0 0.0 0.0 0.0 0.0 0.0 
211 1 0.0 0.0 0.0 0.0 0.0 0.0 0.0 
212 1 0.0 0.0 0.0 0.0 0.0 0.0 0.0 
213 1 0.0 0.0 0.0 0.0 0.0 0.0 0.0 
214 1 0.0 0.0 0.0 0.0 0.0 0.0 0.0 
215 1 0.0 0.0 0.0 0.0 0.0 0.0 0.0 
216 1 0.0 0.0 0.0 0.0 0.0 0.0 0.0 
217 1 0.0 0.0 0.0 0.0 0.0 0.0 0.0 
218 1 0.0 0.0 0.0 0.0 0.0 0.0 0.0 
219 1 0.0 0.0 0.0 0.0 0.0 0.0 0.0 
220 1 0.0 0.0 0.0 0.0 0.0 0.0 0.0 
221 1 0.0 0.0 0.0 0.0 0.0 0.0 0.0 
222 1 0.0 0.0 0.0 0.0 0.0 0.0 0.0 
223 1 0.0 0.0 0.0 0.0 0.0 0.0 0.0 
224 1 0.0 0.0 0.0 0.0 0.0 0.0 0.0 
225 1 0.0 0.0 0.0 0.0 0.0 0.0 0.0 
226 1 0.0 0.0 0.0 0.0 0.0 0.0 0.0 
227 1 0.0 0.0 0.0 0.0 0.0 0.0 0.0 
228 1 0.0 0.0 0.0 0.0 0.0 0.0 0.0 
229 1 0.0 0.0 0.0 0.0 0.0 0.0 0.0 
230 1 0.0 0.0 0.0 0.0 0.0 0.0 0.0 
231 1 0.0 0.0 0.0 0.0 0.0 0.0 0.0 
232 1 0.0 0.0 0.0 0.0 0.0 0.0 0.0 
233 1 0.0 0.0 0.0 0.0 0.0 0.0 0.0 
234 1 0.0 0.0 0.0 0.0 0.0 0.0 0.0 
235 1 0.0 0.0 0.0 0.0 0.0 0.0 0.0 
236 1 0.0 0.0 0.0 0.0 0.0 0.0 0.0 
237 1 0.0 0.0 0.0 0.0 0.0 0.0 0.0 
238 1 0.0 0.0 0.0 0.0 0.0 0.0 0.0 
239 1 0.0 0.0 0.0 0.0 0.0 0.0 0.0 
240 1 0.0 0.0 0.0 0.0 0.0 0.0 0.0 
241 1 0.0 0.0 0.0 0.0 0.0 0.0 0.0 
242 1 0.0 0.0 0.0 0.0 0.0 0.0 0.0 
243 1 0.0 0.0 0.0 0.0 0.0 0.0 0.0 
244 1 0.0 0.0 0.0 0.0 0.0 0.0 0.0 
245 1 0.0 0.0 0.0 0.0 0.0 0.0 0.0 
246 1 0.0 0.0 0.0 0.0 0.0 0.0 0.0 
247 1 0.0 0.0 0.0 0.0 0.0 0.0 0.0 
248 1 0.0 0.0 0.0 0.0 0.0 0.0 0.0 
249 1 0.0 0.0 0.0 0.0 0.0 0.0 0.0 
250 1 0.0 0.0 0.0 0.0 0.0 0.0 0.0 
251 1 0.0 0.0 0.0 0.0 0.0 0.0 0.0 
252 1 0.0 0.0 0.0 0.0 0.0 0.0 0.0 
253 1 0.0 0.0 0.0 0.0 0.0 0.0 0.0 
254 1 0.0 0.0 0.0 0.0 0.0 0.0 0.0 
255 1 0.0 0.0 0.0 0.0 0.0 0.0 0.0 
256 1 0.0 0.0 0.0 0.0 0.0 0.0 0.0 
257 1 0.0 0.0 0.0 0.0 0.0 0.0 0.0 
258 1 0.0 0.0 0.0 0.0 0.0 0.0 0.0 
259 1 0.0 0.0 0.0 0.0 0.0 0.0 0.0 
260 1 0.0 0.0 0.0 0.0 0.0 0.0 0.0 
261 1 0.0 0.0 0.0 0.0 0.0 0.0 0.0 
262 1 0.0 0.0 0.0 0.0 0.0 0.0 0.0 
263 1 0.0 0.0 0.0 0.0 0.0 0.0 0.0 
264 1 0.0 0.0 0.0 0.0 0.0 0.0 0.0 
265 1 0.0 0.0 0.0 0.0 0.0 0.0 0.0 
266 1 0.0 0.0 0.0 0.0 0.0 0.0 0.0 
267 1 0.0 0.0 0.0 0.0 0.0 0.0 0.0 
268 1 0.0 0.0 0.0 0.0 0.0 0.0 0.0 
269 1 0.0 0.0 0.0 0.0 0.0 0.0 0.0 
270 1 0.0 0.0 0.0 0.0 0.0 0.0 0.0 
271 1 0.0 0.0 0.0 0.0 0.0 0.0 0.0 
272 1 0.0 0.0 0.0 0.0 0.0 0.0 0.0 
273 1 0.0 0.0 0.0 0.0 0.0 0.0 0.0 
274 1 0.0 0.0 0.0 0.0 0.0 0.0 0.0 
275 1 0.0 0.0 0.0 0.0 0.0 0.0 0.0 
276 1 0.0 0.0 0.0 0.0 0.0 0.0 0.0 
277 1 0.0 0.0 0.0 0.0 0.0 0.0 0.0 
278 1 0.0 0.0 0.0 0.0 0.0 0.0 0.0 
279 1 0.0 0.0 0.0 0.0 0.0 0.0 0.0 
280 1 0.0 0.0 0.0 0.0 0.0 0.0 0.0 
281 1 0.0 0.0 0.0 0.0 0.0 0.0 0.0 
282 1 0.0 0.0 0.0 0.0 0.0 0.0 0.0 
283 1 0.0 0.0 0.0 0.0 0.0 0.0 0.0 
284 1 0.0 0.0 0.0 0.0 0.0 0.0 0.0 
285 1 0.0 0.0 0.0 0.0 0.0 0.0 0.0 
286 1 0.0 0.0 0.0 0.0 0.0 0.0 0.0 
287 1 0.0 0.0 0.0 0.0 0.0 0.0 0.0 
288 1 0.0 0.0 0.0 0.0 0.0 0.0 0.0 
289 1 0.0 0.0 0.0 0.0 0.0 0.0 0.0 
290 1 0.0 0.0 0.0 0.0 0.0 0.0 0.0 
291 1 0.0 0.0 0.0 0.0 0.0 0.0 0.0 
292 1 0.0 0.0 0.0 0.0 0.0 0.0 0.0 
293 1 0.0 0.0 0.0 0.0 0.0 0.0 0.0 
294 1 0.0 0.0 0.0 0.0 0.0 0.0 0.0 
295 1 0.0 0.0 0.0 0.0 0.0 0.0 0.0 
296 1 0.0 0.0 0.0 0.0 0.0 0.0 0.0 
297 1 0.0 0.0 0.0 0.0 0.0 0.0 0.0 
298 1 0.0 0.0 0.0 0.0 0.0 0.0 0.0 
299 1 0.0 0.0 0.0 0.0 0.0 0.0 0.0 
300 1 0.0 0.0 0.0 0.0 0.0 0.0 0.0 
301 1 0.0 0.0 0.0 0.0 0.0 0.0 0.0 
302 1 0.0 0.0 0.0 0.0 0.0 0.0 0.0 
303 1 0.0 0.0 0.0 0.0 0.0 0.0 0.0 
304 1 0.0 0.0 0.0 0.0 0.0 0.0 0.0 
305 1 0.0 0.0 0.0 0.0 0.0 0.0 0.0 
306 1 0.0 0.0 0.0 0.0 0.0 0.0 0.0 
307 1 0.0 0.0 0.0 0.0 0.0 0.0 0.0 
308 1 0.0 0.0 0.0 0.0 0.0 0.0 0.0 
309 1 0.0 0.0 0.0 0.0 0.0 0.0 0.0 
310 1 0.0 0.0 0.0 0.0 0.0 0.0 0.0 
311 1 0.0 0.0 0.0 0.0 0.0 0.0 0.0 
312 1 0.0 0.0 0.0 0.0 0.0 0.0 0.0 
313 1 0.0 0.0 0.0 0.0 0.0 0.0 0.0 
314 1 0.0 0.0 0.0 0.0 0.0 0.0 0.0 
315 1 0.0 0.0 0.0 0.0 0.0 0.0 0.0 
316 1 0.0 0.0 0.0 0.0 0.0 0.0 0.0 
317 1 0.0 0.0 0.0 0.0 0.0 0.0 0.0 
318 1 0.0 0.0 0.0 0.0 0.0 0.0 0.0 
319 1 0.0 0.0 0.0 0.0 0.0 0.0 0.0 
320 1 0.0 0.0 0.0 0.0 0.0 0.0 0.0 
321 1 0.0 0.0 0.0 0.0 0.0 0.0 0.0 
322 1 0.0 0.0 0.0 0.0 0.0 0.0 0.0 
323 1 0.0 0.0 0.0 0.0 0.0 0.0 0.0 
324 1 0.0 0.0 0.0 0.0 0.0 0.0 0.0 
325 1 0.0 0.0 0.0 0.0 0.0 0.0 0.0 
326 1 0.0 0.0 0.0 0.0 0.0 0.0 0.0 
327 1 0.0 0.0 0.0 0.0 0.0 0.0 0.0 
328 1 0.0 0.0 0.0 0.0 0.0 0.0 0.0 
329 1 0.0 0.0 0.0 0.0 0.0 0.0 0.0 
330 1 0.0 0.0 0.0 0.0 0.0 0.0 0.0 
331 1 0.0 0.0 0.0 0.0 0.0 0.0 0.0 
332 1 0.0 0.0 0.0 0.0 0.0 0.0 0.0 
333 1 0.0 0.0 0.0 0.0 0.0 0.0 0.0 
334 1 0.0 0.0 0.0 0.0 0.0 0.0 0.0 
335 1 0.0 0.0 0.0 0.0 0.0 0.0 0.0 
336 1 0.0 0.0 0.0 0.0 0.0 0.0 0.0 
337 1 0.0 0.0 0.0 0.0 0.0 0.0 0.0 
338 1 0.0 0.0 0.0 0.0 0.0 0.0 0.0 
339 1 0.0 0.0 0.0 0.0 0.0 0.0 0.0 
340 1 0.0 0.0 0.0 0.0 0.0 0.0 0.0 
341 1 0.0 0.0 0.0 0.0 0.0 0.0 0.0 
342 1 0.0 0.0 0.0 0.0 0.0 0.0 0.0 
343 1 0.0 0.0 0.0 0.0 0.0 0.0 0.0 
344 1 0.0 0.0 0.0 0.0 0.0 0.0 0.0 
345 1 0.0 0.0 0.0 0.0 0.0 0.0 0.0 
346 1 0.0 0.0 0.0 0.0 0.0 0.0 0.0 
347 1 0.0 0.0 0.0 0.0 0.0 0.0 0.0 
348 1 0.0 0.0 0.0 0.0 0.0 0.0 0.0 
349 1 0.0 0.0 0.0 0.0 0.0 0.0 0.0 
350 1 0.0 0.0 0.0 0.0 0.0 0.0 0.0 
351 1 0.0 0.0 0.0 0.0 0.0 0.0 0.0 
352 1 0.0 0.0 0.0 0.0 0.0 0.0 0.0 
353 1 0.0 0.0 0.0 0.0 0.0 0.0 0.0 
354 1 0.0 0.0 0.0 0.0 0.0 0.0 0.0 
355 1 0.0 0.0 0.0 0.0 0.0 0.0 0.0 
356 1 0.0 0.0 0.0 0.0 0.0 0.0 0.0 
357 1 0.0 0.0 0.0 0.0 0.0 0.0 0.0 
358 1 0.0 0.0 0.0 0.0 0.0 0.0 0.0 
359 1 0.0 0.0 0.0 0.0 0.0 0.0 0.0 
360 1 0.0 0.0 0.0 0.0 0.0 0.0 0.0 
361 1 0.0 0.0 0.0 0.0 0.0 0.0 0.0 
362 1 0.0 0.0 0.0 0.0 0.0 0.0 0.0 
363 1 0.0 0.0 0.0 0.0 0.0 0.0 0.0 
364 1 0.0 0.0 0.0 0.0 0.0 0.0 0.0 
365 1 0.0 0.0 0.0 0.0 0.0 0.0 0.0 
366 1 0.0 0.0 0.0 0.0 0.0 0.0 0.0 
367 1 0.0 0.0 0.0 0.0 0.0 0.0 0.0 
368 1 0.0 0.0 0.0 0.0 0.0 0.0 0.0 
369 1 0.0 0.0 0.0 0.0 0.0 0.0 0.0 
370 1 0.0 0.0 0.0 0.0 0.0 0.0 0.0 
371 1 0.0 0.0 0.0 0.0 0.0 0.0 0.0 
372 1 0.0 0.0 0.0 0.0 0.0 0.0 0.0 
373 1 0.0 0.0 0.0 0.0 0.0 0.0 0.0 
374 1 0.0 0.0 0.0 0.0 0.0 0.0 0.0 
375 1 0.0 0.0 0.0 0.0 0.0 0.0 0.0 
376 1 0.0 0.0 0.0 0.0 0.0 0.0 0.0 
377 1 0.0 0.0 0.0 0.0 0.0 0.0 0.0 
378 1 0.0 0.0 0.0 0.0 0.0 0.0 0.0 
379 1 0.0 0.0 0.0 0.0 0.0 0.0 0.0 
380 1 0.0 0.0 0.0 0.0 0.0 0.0 0.0 
381 1 0.0 0.0 0.0 0.0 0.0 0.0 0.0 
382 1 0.0 0.0 0.0 0.0 0.0 0.0 0.0 
383 1 0.0 0.0 0.0 0.0 0.0 0.0 0.0 
384 1 0.0 0.0 0.0 0.0 0.0 0.0 0.0 
385 1 0.0 0.0 0.0 0.0 0.0 0.0 0.0 
386 1 0.0 0.0 0.0 0.0 0.0 0.0 0.0 
387 1 0.0 0.0 0.0 0.0 0.0 0.0 0.0 
388 1 0.0 0.0 0.0 0.0 0.0 0.0 0.0 
389 1 0.0 0.0 0.0 0.0 0.0 0.0 0.0 
390 1 0.0 0.0 0.0 0.0 0.0 0.0 0.0 
391 1 0.0 0.0 0.0 0.0 0.0 0.0 0.0 
392 1 0.0 0.0 0.0 0.0 0.0 0.0 0.0 
393 1 0.0 0.0 0.0 0.0 0.0 0.0 0.0 
394 1 0.0 0.0 0.0 0.0 0.0 0.0 0.0 
395 1 0.0 0.0 0.0 0.0 0.0 0.0 0.0 
396 1 0.0 0.0 0.0 0.0 0.0 0.0 0.0 
397 1 0.0 0.0 0.0 0.0 0.0 0.0 0.0 
398 1 0.0 0.0 0.0 0.0 0.0 0.0 0.0 
399 1 0.0 0.0 0.0 0.0 0.0 0.0 0.0 
400 1 0.0 0.0 0.0 0.0 0.0 0.0 0.0 
401 1 0.0 0.0 0.0 0.0 0.0 0.0 0.0 
402 1 0.0 0.0 0.0 0.0 0.0 0.0 0.0 
403 1 0.0 0.0 0.0 0.0 0.0 0.0 0.0 
404 1 0.0 0.0 0.0 0.0 0.0 0.0 0.0 
405 1 0.0 0.0 0.0 0.0 0.0 0.0 0.0 
406 1 0.0 0.0 0.0 0.0 0.0 0.0 0.0 
407 1 0.0 0.0 0.0 0.0 0.0 0.0 0.0 
408 1 0.0 0.0 0.0 0.0 0.0 0.0 0.0 
409 1 0.0 0.0 0.0 0.0 0.0 0.0 0.0 
410 1 0.0 0.0 0.0 0.0 0.0 0.0 0.0 
411 1 0.0 0.0 0.0 0.0 0.0 0.0 0.0 
412 1 0.0 0.0 0.0 0.0 0.0 0.0 0.0 
413 1 0.0 0.0 0.0 0.0 0.0 0.0 0.0 
414 1 0.0 0.0 0.0 0.0 0.0 0.0 0.0 
415 1 0.0 0.0 0.0 0.0 0.0 0.0 0.0 
416 1 0.0 0.0 0.0 0.0 0.0 0.0 0.0 
417 1 0.0 0.0 0.0 0.0 0.0 0.0 0.0 
418 1 0.0 0.0 0.0 0.0 0.0 0.0 0.0 
419 1 0.0 0.0 0.0 0.0 0.0 0.0 0.0 
420 1 0.0 0.0 0.0 0.0 0.0 0.0 0.0 
421 1 0.0 0.0 0.0 0.0 0.0 0.0 0.0 
422 1 0.0 0.0 0.0 0.0 0.0 0.0 0.0 
423 1 0.0 0.0 0.0 0.0 0.0 0.0 0.0 
424 1 0.0 0.0 0.0 0.0 0.0 0.0 0.0 
425 1 0.0 0.0 0.0 0.0 0.0 0.0 0.0 
426 1 0.0 0.0 0.0 0.0 0.0 0.0 0.0 
427 1 0.0 0.0 0.0 0.0 0.0 0.0 0.0 
428 1 0.0 0.0 0.0 0.0 0.0 0.0 0.0 
429 1 0.0 0.0 0.0 0.0 0.0 0.0 0.0 
430 1 0.0 0.0 0.0 0.0 0.0 0.0 0.0 
431 1 0.0 0.0 0.0 0.0 0.0 0.0 0.0 
432 1 0.0 0.0 0.0 0.0 0.0 0.0 0.0 
433 1 0.0 0.0 0.0 0.0 0.0 0.0 0.0 
434 1 0.0 0.0 0.0 0.0 0.0 0.0 0.0 
435 1 0.0 0.0 0.0 0.0 0.0 0.0 0.0 
436 1 0.0 0.0 0.0 0.0 0.0 0.0 0.0 
437 1 0.0 0.0 0.0 0.0 0.0 0.0 0.0 
438 1 0.0 0.0 0.0 0.0 0.0 0.0 0.0 
439 1 0.0 0.0 0.0 0.0 0.0 0.0 0.0 
440 1 0.0 0.0 0.0 0.0 0.0 0.0 0.0 
441 1 0.0 0.0 0.0 0.0 0.0 0.0 0.0 
442 1 0.0 0.0 0.0 0.0 0.0 0.0 0.0 
443 1 0.0 0.0 0.0 0.0 0.0 0.0 0.0 
444 1 0.0 0.0 0.0 0.0 0.0 0.0 0.0 
445 1 0.0 0.0 0.0 0.0 0.0 0.0 0.0 
446 1 0.0 0.0 0.0 0.0 0.0 0.0 0.0 
447 1 0.0 0.0 0.0 0.0 0.0 0.0 0.0 
448 1 0.0 0.0 0.0 0.0 0.0 0.0 0.0 
449 1 0.0 0.0 0.0 0.0 0.0 0.0 0.0 
450 1 0.0 0.0 0.0 0.0 0.0 0.0 0.0 
451 1 0.0 0.0 0.0 0.0 0.0 0.0 0.0 
452 1 0.0 0.0 0.0 0.0 0.0 0.0 0.0 
453 1 0.0 0.0 0.0 0.0 0.0 0.0 0.0 
454 1 0.0 0.0 0.0 0.0 0.0 0.0 0.0 
455 1 0.0 0.0 0.0 0.0 0.0 0.0 0.0 
456 1 0.0 0.0 0.0 0.0 0.0 0.0 0.0 
457 1 0.0 0.0 0.0 0.0 0.0 0.0 0.0 
458 1 0.0 0.0 0.0 0.0 0.0 0.0 0.0 
459 1 0.0 0.0 0.0 0.0 0.0 0.0 0.0 
460 1 0.0 0.0 0.0 0.0 0.0 0.0 0.0 
461 1 0.0 0.0 0.0 0.0 0.0 0.0 0.0 
462 1 0.0 0.0 0.0 0.0 0.0 0.0 0.0 
463 1 0.0 0.0 0.0 0.0 0.0 0.0 0.0 
464 1 0.0 0.0 0.0 0.0 0.0 0.0 0.0 
465 1 0.0 0.0 0.0 0.0 0.0 0.0 0.0 
466 1 0.0 0.0 0.0 0.0 0.0 0.0 0.0 
467 1 0.0 0.0 0.0 0.0 0.0 0.0 0.0 
468 1 0.0 0.0 0.0 0.0 0.0 0.0 0.0 
469 1 0.0 0.0 0.0 0.0 0.0 0.0 0.0 
470 1 0.0 0.0 0.0 0.0 0.0 0.0 0.0 
471 1 0.0 0.0 0.0 0.0 0.0 0.0 0.0 
472 1 0.0 0.0 0.0 0.0 0.0 0.0 0.0 
473 1 0.0 0.0 0.0 0.0 0.0 0.0 0.0 
474 1 0.0 0.0 0.0 0.0 0.0 0.0 0.0 
475 1 0.0 0.0 0.0 0.0 0.0 0.0 0.0 
476 1 0.0 0.0 0.0 0.0 0.0 0.0 0.0 
477 1 0.0 0.0 0.0 0.0 0.0 0.0 0.0 
478 1 0.0 0.0 0.0 0.0 0.0 0.0 0.0 
479 1 0.0 0.0 0.0 0.0 0.0 0.0 0.0 
480 1 0.0 0.0 0.0 0.0 0.0 0.0 0.0 
481 1 0.0 0.0 0.0 0.0 0.0 0.0 0.0 
482 1 0.0 0.0 0.0 0.0 0.0 0.0 0.0 
483 1 0.0 0.0 0.0 0.0 0.0 0.0 0.0 
484 1 0.0 0.0 0.0 0.0 0.0 0.0 0.0 
485 1 0.0 0.0 0.0 0.0 0.0 0.0 0.0 
486 1 0.0 0.0 0.0 0.0 0.0 0.0 0.0 
487 1 0.0 0.0 0.0 0.0 0.0 0.0 0.0 
488 1 0.0 0.0 0.0 0.0 0.0 0.0 0.0 
489 1 0.0 0.0 0.0 0.0 0.0 0.0 0.0 
490 1 0.0 0.0 0.0 0.0 0.0 0.0 0.0 
491 1 0.0 0.0 0.0 0.0 0.0 0.0 0.0 
492 1 0.0 0.0 0.0 0.0 0.0 0.0 0.0 
493 1 0.0 0.0 0.0 0.0 0.0 0.0 0.0 
494 1 0.0 0.0 0.0 0.0 0.0 0.0 0.0 
495 1 0.0 0.0 0.0 0.0 0.0 0.0 0.0 
496 1 0.0 0.0 0.0 0.0 0.0 0.0 0.0 
497 1 0.0 0.0 0.0 0.0 0.0 0.0 0.0 
498 1 0.0 0.0 0.0 0.0 0.0 0.0 0.0 
499 1 0.0 0.0 0.0 0.0 0.0 0.0 0.0 
500 1 0.0 0.0 0.0 0.0 0.0 0.0 0.0 
