# Cluster list (57 data points):
# "Cluster Identifier" "Cluster Size" "Radius of Gyration" "Gyration Tensor.XX" "Gyration Tensor.YY" "Gyration Tensor.ZZ" "Gyration Tensor.XY" "Gyration Tensor.XZ" "Gyration Tensor.YZ"
1 53 3.4901128859 4.2678038921 3.3080768407 4.6050072234 -0.0927419172 0.5249412882 -0.4127251284 
2 48 3.6732739945 3.3124727864 3.2600207759 6.9204482767 -0.0866419609 -0.2753852044 0.3900736425 
3 37 3.1123346034 2.7853153369 4.0958206784 2.8054906681 -0.5632209464 0.0638346121 0.1723658451 
4 36 3.0981661005 3.1287277188 3.4020836238 3.0678218439 -0.3737941899 -0.656117597 -0.200260014 
5 35 3.0096993328 2.8602083561 2.5359204963 3.6621612216 -0.3723885903 0.0267764476 -0.1113568469 
6 32 2.9666505103 3.8184164849 2.3787889959 2.6038097697 0.3261797444 0.1708388 0.3867680364 
7 32 2.9356121091 2.6656696834 3.0479320865 2.904216685 -0.3326718218 0.4718637335 -0.4008921189 
8 31 2.9399384994 2.5842510236 3.372149031 2.6868383255 0.3305947762 -0.1109885196 -0.3581759858 
9 30 2.8422010501 2.676227714 2.7136661969 2.688212898 -0.0940000309 -0.1408353173 -0.1844252201 
10 29 2.8700973833 2.8597131917 2.6448388055 2.7329069925 -0.2127153918 0.3043905852 -0.7213584663 
11 29 2.8529431619 2.4472778413 3.4577999442 2.2342068994 0.2887462172 0.0228791605 0.2687633583 
12 29 2.9010728599 2.6160949815 2.1992827933 3.6008459639 0.143021101 -1.0859763527 0.5391965816 
13 27 2.7361332444 2.4542167555 2.3541649643 2.6780434115 0.0205853879 -0.2126854652 -0.134102639 
14 26 2.7437240203 2.6172199049 2.5883991618 2.3224024331 0.3331872391 0.3139141758 0.6934308434 
15 25 2.6960194422 2.3297832872 2.3824976241 2.5562399215 0.1764083864 0.165277846 -0.20372306 
16 25 2.6910802753 2.4557728086 2.5629539777 2.2231862617 -0.042106082 0.0813708838 -0.2515929151 
17 23 2.6415294822 2.0700487907 2.9571419316 1.9504872831 0.3855701717 -0.5737748806 0.054040635 
18 23 2.663380587 2.9038077596 2.3120058176 1.8777825739 -0.1307038565 0.5999878927 -0.0058884269 
19 22 2.5869188854 2.2201320663 2.1874888378 2.2845284156 -0.2621081464 -0.2315314271 0.0533438094 
20 22 2.5665230207 1.7639553163 2.3438711054 2.4792139942 0.0216159618 0.2853285777 0.2831046406 
21 21 2.5470653812 1.8121578698 2.1280132816 2.5473709049 0.236591981 -0.2923124985 0.4917662553 
22 21 2.5608780407 2.2681648575 1.8925087214 2.3974227606 -0.4062661646 0.0955379624 0.0069910045 
23 21 2.5538557329 2.9018215417 2.02159677 1.5987607927 -0.2384650503 -0.0552138966 -0.2532215679 
24 20 2.4800528392 2.3401515581 1.6241241605 2.1863863667 -0.0023884044 0.5286346101 0.3316538494 
25 18 2.4749167101 1.8148199931 1.635506827 2.6748859018 -0.1282256311 0.2467663145 -0.5613619266 
26 18 2.4253229452 1.8070006004 2.1795106578 1.8956801304 -0.1593900614 0.484118193 -0.0181508715 
27 17 2.342029676 1.7178937612 1.7253615939 2.0418476481 -0.1090801496 -0.2175904743 -0.0149378809 
28 16 2.3069615224 1.740542625 1.6949356801 1.8865931608 0.1999115151 -0.5721217705 -0.3154762773 
29 16 2.3044133221 1.3790818329 1.9838809144 1.9473580119 -0.2045437247 -0.0478615235 -0.4635634039 
30 15 2.2736365321 2.1044048921 1.5262606489 1.5387575392 -0.032592165 -0.1738680478 -0.306206251 
31 14 2.1806936186 1.4456647664 1.4841375537 1.8256223381 -0.144823441 0.2370672961 -0.2024584905 
32 13 2.0799069836 1.4030648905 1.4573034815 1.4656446884 0.0014010914 0.0337757591 0.0800097658 
33 13 2.2686722703 1.7088656954 1.9815546232 1.4564535515 0.2311070879 -0.248058964 0.8619018085 
34 12 2.0586351091 1.4168506141 1.375962949 1.4451649495 -0.1638033343 0.1157826981 0.1276222762 
35 12 2.2020497157 1.5446912646 2.1934608621 1.1108708236 0.1214530503 -0.0815480355 -0.7559220148 
36 12 2.0725690445 1.4222560575 1.521723373 1.3515630139 -0.2056354345 0.1731455454 0.123916541 
37 11 2.0209503931 1.2815370166 1.3910036263 1.4116998484 0.1728936719 0.1341165248 -0.3107444685 
38 11 2.0537442571 1.1782052416 1.3798576036 1.6598026283 -0.3420415465 -0.1303293354 0.0523013702 
39 11 2.0421981469 1.513836748 1.6779069275 0.9788295958 0.1133015202 0.1519408846 0.1598204394 
40 9 1.8903769957 1.2295707367 1.2085952866 1.1353591627 0.1256594772 -0.194533817 0.1394544705 
41 8 1.8118440509 0.8719713799 1.4937608024 0.9170466824 -0.1281179417 -0.0463365479 0.1852417408 
42 8 1.8166445614 1.4407318471 0.9295826112 0.9298830041 -0.1552132067 -0.2588534683 0.0826538688 
43 7 1.7170750572 0.5817469727 1.2685961975 1.0980035817 0.1559719291 -0.2681554008 0.0741576067 
44 7 1.7124241536 1.1665887654 1.1824056934 0.5834020229 -0.0396793767 -0.175643216 -0.3043274226 
45 7 1.711469191 1.1919152948 0.6618407252 1.0753707717 -0.0671038977 0.0656023674 0.4238412161 
46 6 1.5843654591 0.8569221449 0.8117377318 0.8415540313 0.0017883417 -0.0123687273 -0.034415976 
47 6 1.6236305112 0.8368305524 0.8566131205 0.9427323639 0.014798101 -0.0093841883 0.0224384616 
48 5 1.5263540668 0.8351533636 0.881059417 0.6135439565 -0.3186915455 -0.0288841391 0.1404271847 
49 5 1.560574735 0.516652101 0.54134154 1.3773998623 -6.9174108135e-04 0.0784075105 0.1649115449 
50 5 1.550306271 0.5648473415 1.0044572274 0.8341449651 0.1038026673 0.0604284519 0.4140788262 
51 5 1.5619417492 0.6906799109 0.8918834606 0.8570986564 0.2408588775 0.2194436256 0.3902080751 
52 4 1.4472743683 0.7415741044 0.5970968414 0.7559321513 -0.0247604916 0.0310527434 -0.0233668654 
53 4 1.4403408245 0.6400663064 0.7299959894 0.7045193949 -0.0421183696 -0.0267926745 -0.0476945924 
54 3 1.3826487732 0.2938742365 0.6979888787 0.9198545149 -0.3812723107 0.1591543951 0.2052232414 
55 3 1.2891031189 0.6196952937 0.3446963752 0.6973951824 0.2641295864 -0.2354580392 0.2752901499 
56 1 0.0 0.0 0.0 0.0 0.0 0.0 0.0 
57 1 0.0 0.0 0.0 0.0 0.0 0.0 0.0 
