# Cluster list (46 data points):
# "Cluster Identifier" "Cluster Size" "Radius of Gyration" "Gyration Tensor.XX" "Gyration Tensor.YY" "Gyration Tensor.ZZ" "Gyration Tensor.XY" "Gyration Tensor.XZ" "Gyration Tensor.YZ"
1 73 6.3810307795 12.055272263 3.5782788911 25.0840026554 -0.8764552319 14.9694150418 -0.7044069224 
2 54 3.5255891154 4.2249185544 3.1773988186 5.0274612374 -0.2551875518 0.4691792924 0.0949849481 
3 48 3.3690683321 3.5830891961 3.1447809999 4.6227512304 0.1200802195 -0.4086351657 0.1811227041 
4 45 3.3234525689 3.9898025288 2.9380679942 4.1174664545 -0.6598118064 -0.7842237274 0.2998150837 
5 37 3.2311132452 3.0131838379 3.1555360632 4.2713729022 -0.8469697303 -1.1908205241 0.8985219043 
6 36 3.0285183782 3.0777952185 3.0068167906 3.0873115578 -0.1758753079 -0.0027726676 -0.1762465781 
7 36 3.0724276013 3.8613449192 2.7209080475 2.8575583988 -0.1764494464 0.3883430697 -0.4841457513 
8 35 3.0182762891 2.857466394 2.4707793527 3.7817460106 -0.3108715203 0.0367056624 0.0838224509 
9 34 2.9852790204 2.8531172578 2.6454409913 3.4133325805 -0.0648494568 -0.1383545846 -0.5449431306 
10 32 2.9565603035 3.5860393096 2.5448403951 2.6103691233 0.2618957505 0.4887357527 0.4760691132 
11 31 2.8950085159 2.5077108821 3.5167236427 2.3566397824 0.2838265905 0.1541012479 0.3621933833 
12 30 2.8539676384 2.9857611674 2.678061772 2.4813083415 0.0569653958 -0.2604430918 0.0496053017 
13 29 2.8048564246 2.6597772944 2.701293768 2.5061485002 -0.1222187409 -0.0288235785 -0.0658982558 
14 29 2.8409734248 2.3608148415 2.9835561097 2.7267590489 0.120454319 0.2418587572 0.7461449791 
15 27 2.7369923382 2.3899768607 2.4435485034 2.6576016954 -0.0893776939 0.1249081718 -0.1951208875 
16 26 2.7498112679 2.850776779 2.1325503511 2.5781348792 0.6118203322 0.4292573805 0.1789455906 
17 25 2.686040325 2.0724279694 2.355739401 2.7866452571 0.1475680666 -0.0427924531 -0.0769234591 
18 23 2.6526491216 2.2615506836 2.5904165546 2.1845801243 0.7209342103 -0.5705663513 0.120769275 
19 22 2.566437467 2.0714566006 2.2030128143 2.3121318569 0.0467945361 -0.5615645091 -0.0535467627 
20 22 2.6167879507 3.0166611093 1.8433929346 1.987525135 -0.69614888 0.0959019502 -0.3447536614 
21 21 2.5636821123 1.7127514186 2.2498226677 2.6098918867 0.3310245648 -0.1761807468 0.5225498726 
22 21 2.5699735812 2.47597292 1.8067653403 2.3220259476 -0.2194753835 -0.103298759 -0.1501378406 
23 21 2.552006019 1.8374986429 2.3674068754 2.3078292027 -0.255268024 -0.5541721795 0.2879330461 
24 20 2.4880945986 2.3179195648 1.5717159103 2.3009792567 0.0072320616 0.4739065983 0.2232713724 
25 18 2.46377554 1.6695196303 1.8320519987 2.5686182824 0.1036251363 0.281183067 -0.5963166012 
26 18 2.4207898 1.7759204296 1.893098483 2.1912043433 0.3718166593 0.2002840469 -0.1842455041 
27 17 2.3410129556 2.1753933988 1.6990343474 1.6059139119 0.0430226235 -0.0492290753 -0.0654444892 
28 16 2.306927713 1.2771513471 2.4339571344 1.6108069915 0.1874416199 -0.039254043 0.079798916 
29 16 2.3073334818 1.5175277904 1.6842151714 2.1220448343 -0.2307812547 -0.3130741654 0.1818241582 
30 15 2.2656851331 1.3232299544 2.0003881988 1.8097109694 -0.231748972 -0.0523324139 -0.1154265275 
31 14 2.170263123 1.3810629544 1.4985621254 1.8304169434 -0.0198691625 -0.1239722714 0.2904390283 
32 13 2.0668900282 1.460483846 1.3676763251 1.4438742174 -0.0114594439 -0.0157708511 0.0071448626 
33 12 2.1740140956 1.8779803357 1.475865113 1.3724918391 -0.2691543166 0.4441251045 -0.5869314223 
34 12 2.0381918162 1.4964198942 1.3062955178 1.3515104675 0.0698389964 -0.0939305393 0.2054785169 
35 11 2.0428763271 1.0650820633 1.4849429938 1.6233186305 -0.0590105605 -0.3218560206 -0.0874684386 
36 9 1.8857847746 1.3423767068 0.8375569625 1.3762505467 -0.0623549786 0.0046291492 0.1388964789 
37 8 1.8161142602 1.3011698758 0.9622921971 1.0348089331 -0.2222703242 0.3133805509 -0.1604310603 
38 7 1.7340170155 1.3089476424 0.5453277434 1.1525396245 -0.0908126853 0.0047734694 -0.331140779 
39 7 1.7335613634 0.999477593 1.1574934996 0.848263908 0.2580261451 0.3588330337 -0.1869438413 
40 6 1.6045692819 0.8211685302 0.9052353019 0.8482387483 -0.0035521037 -0.0130871349 0.0323357687 
41 6 1.6121673273 0.8553346532 0.9288137031 0.8149351348 0.0289199121 0.0200095744 -0.0103839056 
42 5 1.5671078407 0.669615442 1.1965967263 0.5896148161 0.313870473 0.1091898022 0.2725083342 
43 5 1.5732019523 1.214837782 0.6633557779 0.5967708228 0.3302759095 -0.0182018822 0.0597281356 
44 4 1.4254341444 0.5955600302 0.7869300523 0.6493724175 -0.0638060681 -0.0076825662 0.0115071143 
45 3 1.4021117925 0.6599207145 0.5417291592 0.7642676048 -0.3178953148 0.3330459835 0.3208917198 
46 1 0.0 0.0 0.0 0.0 0.0 0.0 0.0 
