# Cluster list (49 data points):
# "Cluster Identifier" "Cluster Size" "Radius of Gyration" "Gyration Tensor.XX" "Gyration Tensor.YY" "Gyration Tensor.ZZ" "Gyration Tensor.XY" "Gyration Tensor.XZ" "Gyration Tensor.YZ"
1 54 3.5121923292 4.1859707613 3.1617696301 4.9877545659 -0.2780150746 0.4515120072 -0.260477784 
2 48 3.3714772843 3.8297005068 3.2862566151 4.2509019566 -0.1615869672 -0.580431105 0.5664111085 
3 45 3.3142792848 4.2891323189 2.9713145064 3.7240003526 -0.4269474669 -0.6334590597 0.0992203994 
4 37 3.2699812106 2.6127209263 3.8755044653 4.2045517261 -0.6944951616 -0.6992918122 1.3162852109 
5 37 3.1066198823 3.0702728096 3.632611248 2.9482030356 -0.7742100669 -0.2003676563 0.4158125355 
6 36 3.0415819603 3.0072427099 3.0073469564 3.2366311549 -0.2652311405 2.2198488918e-04 -0.1965465457 
7 35 3.0122377859 2.632923972 2.8224941244 3.6181583825 -0.3783141511 0.0587766868 0.2444190335 
8 34 3.1112243798 2.7950375145 2.6068403566 4.2778392702 -0.3544150545 -0.5908717785 -0.4351842866 
9 33 2.9638762164 2.8785669592 2.4726694515 3.4333258156 0.3938208265 -0.0603470496 -0.2933637555 
10 32 2.966750149 3.6660378545 2.34923638 2.7863322122 0.2211827167 0.5211118661 0.4395590989 
11 31 2.9047880339 2.5209698938 3.6031257605 2.3136978676 0.3937525082 0.0223144452 0.3306319543 
12 31 4.1863227554 6.5375896077 8.3853492522 2.6023593524 -5.1757620941 2.2665082833 -2.1884259418 
13 30 2.8491012896 2.850584982 2.8427468079 2.4240463685 0.2144838599 -0.1652977942 -0.0957761718 
14 29 2.8345688596 2.5237479226 2.6784676333 2.8325650639 -0.4284820786 0.2782651895 -0.1471427425 
15 29 2.8443705287 2.4522494412 3.2410490953 2.3971451683 0.2981327996 0.0870270156 0.6225157505 
16 27 2.7417227246 2.4209157648 2.3683712521 2.7277564816 0.0452340019 -0.1570246896 -0.1401279235 
17 26 2.7439709334 2.8972943373 2.0849364938 2.5471456524 0.2484022263 0.5244392047 0.5230121896 
18 25 2.6889685923 2.2947287736 2.2009877467 2.7348355702 0.2210214928 -0.0820070476 0.0972324579 
19 23 2.6408375898 1.6664207802 3.1916294043 2.1159729914 0.0634998031 -0.483040412 -0.0232878119 
20 22 2.5717902722 1.7531587114 2.2252876594 2.6356588333 0.0090326674 -0.3806302289 0.0325149475 
21 22 2.6277140691 3.2748911746 1.5714934164 2.0584966378 -0.6462269942 0.219711981 -0.1543763275 
22 21 2.5345757339 1.8426879567 2.0115565197 2.5698296747 0.2554040718 -0.1809712793 0.490475435 
23 21 2.5703684686 2.5577461107 1.6306268196 2.418421134 -0.0841571358 0.0794395222 0.0644863227 
24 21 2.5475095823 2.1003157229 2.4636052498 1.9258840993 -0.2383280675 -0.5927363477 0.2538857234 
25 20 2.4844199418 1.9786453517 1.5319934791 2.6617036164 -0.1978036721 0.436087808 0.0810200886 
26 18 2.4598312863 1.7145835052 1.9946158651 2.3415705868 -0.0280429317 0.1971459322 -0.8156399752 
27 18 2.4308341175 1.8718068098 2.1756272058 1.861520491 -0.1114923464 0.5339687663 -0.0849604466 
28 17 2.3505385063 1.6618694966 2.0512321354 1.8119296376 0.1466685027 -0.0672545596 -0.1375563373 
29 16 2.3053600662 1.2286516031 2.0812603486 2.0047730831 0.0980902024 -0.0925622106 -0.4100794789 
30 16 2.3315610042 1.8078702072 1.6286282502 1.9996782591 -0.4505150605 -0.4196039603 0.2338280426 
31 15 2.2535225495 1.9389408351 1.7459292515 1.3934937943 0.1111693846 -0.3040647023 -0.006386031 
32 14 2.1848565698 1.4157115315 1.3273348466 2.0305518524 0.0265938731 0.200379218 0.1117951281 
33 13 2.0622372156 1.4323212156 1.4437794698 1.3767216479 -0.0209151129 -0.0640576342 0.0135941577 
34 12 2.1688594444 1.9335076895 1.2807973468 1.4896462535 -0.410210327 0.3071221322 -0.6262096507 
35 12 2.0773385564 1.5935769722 1.5916798375 1.1300786682 -0.017481564 -0.0036141112 0.0630258885 
36 11 2.0327024997 1.6430955002 1.5366476743 0.9521362777 -0.0475141343 -0.0552954794 -0.0434030625 
37 9 1.89478062 0.900520465 1.3259346612 1.363738472 0.1317791239 -0.0491942719 -0.0111243327 
38 8 1.8329079527 1.652933247 0.9090429039 0.7975754123 0.1062677198 0.0958169669 0.02402759 
39 7 1.7174429903 1.2825562105 0.5446759977 1.1223782166 -0.1373354172 -0.1073526799 -0.3496298369 
40 7 1.7460539607 1.2196324654 0.5478416609 1.2812303074 0.318425691 0.0928557176 -0.1487227082 
41 6 1.6038172532 0.8616826073 0.8564839237 0.8540632507 -0.0494498143 -0.0043925968 -0.006036244 
42 6 1.6028712736 0.8702436223 0.8392107513 0.8597419462 0.0146172763 -0.0360859869 0.0571614233 
43 5 1.5707403809 0.7583688366 1.1493855868 0.5594709207 -0.3714707581 0.0075303278 -0.0251612067 
44 5 1.5464072245 0.9132790536 0.6933959992 0.7847002511 -0.3002504 0.3279476851 -0.2071091309 
45 5 1.60317583 0.969013037 0.7873090138 0.813850691 0.3490557823 0.3424775877 0.2548058904 
46 4 1.3819542279 0.6682826088 0.5753751985 0.6661396806 0.0193111199 0.0433997113 -0.0042856128 
47 3 1.3345815426 0.0671907337 0.9746444562 0.7392727038 0.1000491545 -0.2089228029 -0.0390269947 
48 3 1.3191125705 0.5362031099 0.4248112333 0.7790436305 -0.3648316358 -0.1531088161 -0.2561636721 
49 1 0.0 0.0 0.0 0.0 0.0 0.0 0.0 
