# Cluster list (114 data points):
# "Cluster Identifier" "Cluster Size" "Radius of Gyration" "Gyration Tensor.XX" "Gyration Tensor.YY" "Gyration Tensor.ZZ" "Gyration Tensor.XY" "Gyration Tensor.XZ" "Gyration Tensor.YZ"
1 41 3.7997304297 4.1859759855 3.9639817375 6.2879936153 -0.8744517184 -2.3100306163 2.4149272172 
2 41 4.4272413504 11.7908261341 3.9181456734 3.8914941672 3.6407386476 -3.3768297075 -1.4597391694 
3 35 3.3131910283 2.6062347523 2.9197675359 5.4512325017 0.2757212858 -0.8606918582 -0.9425389018 
4 32 3.9317555515 2.3989178967 1.8162118577 11.243571962 0.2174662476 2.4708039769 1.3795307027 
5 30 3.0542207175 2.7369150224 3.6793289049 2.9120202639 0.7314232637 -0.1256370622 -0.4269115585 
6 28 2.951888187 2.3346431112 2.9755185948 3.4034821629 -0.3382313995 -0.0782663953 -0.6827492685 
7 26 4.1370670295 4.9757529977 1.7075266484 10.4320439606 0.7746606089 5.7649235643 1.2358719735 
8 24 2.8074781222 2.5682904237 2.5459950632 2.7676479198 0.2884380709 0.1061272411 0.0842927183 
9 24 2.7332673457 2.1311001846 2.8688726958 2.4707775024 0.3005637191 -0.3438681002 0.0066633287 
10 23 2.8195993173 2.6985902855 2.6049408278 2.6466091967 -0.3596193646 -0.1438326772 0.7147551157 
11 23 3.7311832229 4.2532913574 6.8604678087 2.807969077 3.5862445862 -1.7725260948 -1.6791425696 
12 22 2.8750942766 2.4915221351 3.0346806808 2.7399642833 0.6744782419 -0.8503161025 -0.723083869 
13 22 2.7334003495 2.9666247929 2.4500815702 2.0547711075 -0.2176465435 0.2174816739 -0.1416865424 
14 22 2.9019196214 2.3149094632 2.7977451592 3.3084828669 -0.3503989889 0.81502733 -0.437639443 
15 21 2.6632741355 2.7364556258 2.1932017326 2.1633717626 -0.2298593421 0.0826456002 0.3859645475 
16 21 3.1355797933 4.6970978308 2.8803325758 2.2544302334 0.0033061962 -1.7010695402 -0.157158299 
17 19 2.6938484498 2.3357536231 2.0315587249 2.8895071225 -0.1936180499 -0.8603724921 -0.0834020003 
18 19 2.6168671679 2.0582673231 1.9010695491 2.888656902 0.4112815707 0.0647729447 -0.1054460263 
19 19 2.6412313827 2.6178555352 1.8979809009 2.4602667811 -0.1648892944 -0.1685132552 -0.0209255467 
20 17 2.5502935304 1.8136857302 3.0206243255 1.6696870357 -0.2765645324 0.0924480807 0.2254301616 
21 15 2.3898018378 1.3752907268 2.021595767 2.3142663302 -0.3424892971 0.1738974726 0.0283108823 
22 15 2.3813912906 1.4125186545 1.9673273208 2.2911785038 0.2749626205 -0.0106211402 0.1263537468 
23 14 2.6156363019 3.2400530974 1.3347157393 2.2667844272 0.6217175619 0.3732169948 -0.0682001945 
24 14 2.279778582 1.8996741348 1.754748409 1.5429678392 0.1404854804 0.1878034616 -0.0607368956 
25 14 2.6163691415 2.7260357435 1.9709765676 2.1483751733 -0.9752989454 0.0965145685 0.1533683085 
26 13 2.4329031843 1.3946233996 2.5353708436 1.9890236608 -0.1693043175 0.0674172518 -0.4767926825 
27 13 2.1813250274 1.7697921882 1.4414317179 1.5469549689 0.0218099312 0.1579802288 -0.0150998874 
28 13 2.2094114009 1.2974511875 2.0275676354 1.5564799158 0.1368502418 0.0542862565 -0.0851907567 
29 13 3.2858975076 6.5800562285 1.8675354767 2.349530725 1.1516441465 -0.5851455887 1.0085674369 
30 13 2.3751331619 1.4857533866 1.8196645321 2.3358396182 0.0387047433 -0.1121075779 0.0197035181 
31 12 2.2889073961 1.4643375954 1.7696941255 2.0050653469 -0.01851673 0.1362181115 0.5083382599 
32 12 2.1460590022 1.3781776301 1.6222205764 1.6051710346 -0.0245113017 0.1892668298 0.1747102569 
33 12 2.4319398111 3.0552614523 1.306002926 1.5530668666 0.1461702301 0.0617165212 0.012587269 
34 11 2.1590208108 1.6166416398 1.570884745 1.4738444769 0.1265638238 0.015161343 0.2256461633 
35 11 2.2798791278 1.0773115611 2.4394356993 1.6811015769 0.6964683948 0.289289987 0.3730390768 
36 11 3.1409583408 4.6071700213 1.662086065 3.5963632122 -1.1791371447 3.2096000574 -1.5941720009 
37 11 2.2521578641 1.5053091213 1.6560450288 1.910860895 0.1467651238 -0.1813315945 0.9133061449 
38 10 2.0795170923 1.84993516 1.2748515431 1.199604634 -0.1041045648 -0.0386323902 -0.0499043448 
39 10 2.2848753175 2.8038316504 1.0003852662 1.4164382999 0.1489668804 0.2776372205 5.6355495606e-04 
40 10 2.180325599 2.0847295838 1.3332119325 1.3358782011 0.7171350865 0.605690801 0.1492649016 
41 10 1.9906431067 1.3976044266 1.0009327135 1.5641228382 -0.0590033602 -0.0537853134 0.0269557082 
42 9 2.3917339888 1.7920453739 0.9670589446 2.9612871549 0.3367803422 0.3663427264 0.2915410098 
43 9 2.4610627487 1.9020524366 2.3155088335 1.8392685827 0.8495581052 -0.7696111273 -1.4930452981 
44 8 1.8471885246 1.3503857766 0.7528954794 1.3088241895 -0.1667941426 0.3137458619 -0.0184259701 
45 8 1.8395460422 1.348600051 0.6994712034 1.3358583869 -0.1497001611 -0.106007122 -0.3077673308 
46 8 2.3685767914 1.3839185196 0.730603703 3.4956337942 -0.4087570636 1.5396942402 -0.3978720139 
47 8 2.0178705722 1.8222580083 1.4807511089 0.7687925289 -0.9316617227 -0.2067538671 0.2026624459 
48 7 1.7663771681 1.2384622698 1.1710928129 0.7105332172 -0.1701748011 0.0561309807 -0.164449409 
49 7 2.0037393637 1.0457957303 1.4191862103 1.5499894969 -0.4741119108 0.1491369528 0.630827278 
50 7 1.9681045834 2.0232372752 0.6800520105 1.1701463654 0.1200279432 -0.7014640984 -0.2347600813 
51 7 1.8697218481 0.8821340578 1.2558755738 1.3578501578 -0.2053509176 0.3855942563 -0.663243131 
52 7 1.9429967669 1.1966219269 1.8255482547 0.7530662544 0.0631563742 -0.1103210018 -0.1850193572 
53 6 1.6221963497 0.8719506923 0.7304437562 1.0291265487 0.0303585678 -0.0468269779 -0.0820016311 
54 5 1.6570286077 0.8540917831 0.8774567438 1.0141952797 -0.3146239072 -0.2080260529 0.201863272 
55 5 1.5881534587 0.8378288884 1.1501110834 0.5342914365 0.1976912106 0.1239288893 0.3122076241 
56 5 1.5675243518 0.5163215987 0.6391232585 1.3016877363 -0.0290262493 -0.0532173996 0.0300930749 
57 5 1.7396239421 0.6324280423 1.6541231839 0.7397402338 0.0456695524 0.0324279857 0.5621966202 
58 4 1.5813960119 0.9238834342 0.7639884911 0.8129414211 0.542115103 0.1494990842 0.5573841132 
59 4 1.4346168557 0.7338472244 0.7006671402 0.6236111581 0.0963272042 0.0202451211 -0.0461718043 
60 4 1.7790087055 0.7364983641 0.4342450446 1.9941285655 -0.1474892134 -0.6650839021 -0.5835287202 
61 4 1.6964766879 0.7604059331 1.3545754077 0.7630518119 0.121513689 -0.0731466758 -0.526716141 
62 4 1.5957261256 0.9358266443 0.7416739495 0.8688412742 -0.1112215537 0.1863023669 -0.2294818635 
63 4 1.8679831775 1.5993295937 1.1046196696 0.785411888 -1.2436696494 0.7801652245 -0.3913502764 
64 4 1.5675952253 0.7231260452 1.2592534329 0.4749753124 -0.2434564386 -0.0415725414 -0.20991803 
65 4 1.5978759425 1.0379180453 0.317318503 1.1979709794 0.4968749192 -0.3106495187 -0.2990390918 
66 3 1.4824947798 0.6491952769 1.1098697698 0.4387257253 0.5236506771 -0.4524021233 -0.0735754714 
67 3 1.5291310225 1.2409005665 0.48530101 0.6120401076 0.2064149996 -0.4786934071 0.3593860095 
68 3 1.3229822717 0.7867049723 0.5024469765 0.4611301426 0.2444569356 -0.0909179173 0.4101367801 
69 3 1.428847974 0.1993696504 0.5747693872 1.2674674953 0.2342877238 0.4395193857 0.2175106362 
70 3 1.423058376 0.9303699076 1.0075717397 0.0871534942 0.1411040378 0.1738360732 -0.2058352259 
71 3 1.3674092632 0.6056505808 0.4750759461 0.7890815661 0.5253615302 0.0276376308 -0.0995254251 
72 3 1.5188752332 0.7664283388 0.7414907179 0.7990629174 -0.3344839307 -0.4098483132 0.7665195629 
73 3 1.3186175765 0.7457281618 0.1420742139 0.8509499373 -0.2375710023 -0.0550157335 -0.219591336 
74 3 1.2579249284 0.3009799883 0.656299971 0.6250951661 0.2323546513 -0.2898761116 0.1823876624 
75 3 1.3459985192 0.8772643782 0.7332455654 0.2012020703 -0.1811417751 0.2713114981 0.2296666966 
76 3 1.5691470536 0.4124715567 1.6135988827 0.4361520362 -0.4911772335 0.4008740946 -0.6961936289 
77 3 1.3968579831 1.0078613155 0.1760427448 0.7673081646 0.2825035682 -0.098031304 -0.2983944116 
78 3 1.4588016029 0.5482678775 0.730534682 0.849299557 0.3679455983 0.4298900194 -0.2092089573 
79 3 1.2879760502 0.7927184804 0.7798840103 0.0862798152 -0.0234289922 -0.2590366616 -0.0280302903 
80 3 1.3038693173 0.8606756719 0.832471949 0.0069275757 0.1300817716 0.028636751 -0.0653594216 
81 2 1.1095443672 1.1041662881 0.1149563945 0.0119660201 0.3562737367 0.1149455348 0.0370886846 
82 2 1.053983114 0.9727265348 0.137671114 4.8275571407e-04 0.3659458234 0.0216700091 0.0081523933 
83 2 1.2790074798 0.3290178422 1.3004184775 0.0064238136 0.6541107563 0.0459733542 0.0913982818 
84 2 1.146661842 0.8391820323 0.4634665124 0.0121848352 0.6236447465 0.1011201997 0.075148274 
85 2 1.0948396871 0.6720808671 0.0016365961 0.5249564772 -0.0331651157 0.5939808115 -0.0293111191 
86 2 1.164460208 0.0850172057 1.1908774323 0.080072938 0.3181903072 0.0825080447 0.3087993764 
87 2 1.1110546915 0.9583776923 0.2729524767 0.0031123586 -0.5114602279 -0.0546151543 0.0291466292 
88 2 1.0803925697 0.1301427699 0.9282381128 0.108867222 0.3475679489 0.1190305919 0.3178910265 
89 2 1.1611550799 0.9060019639 0.0402949601 0.4019841956 -0.1910688697 -0.6034885837 0.1272711166 
90 2 1.1366030842 0.0406301903 9.2273018026e-05 1.2511441077 -0.0019362516 0.2254644609 -0.0107446192 
91 2 1.1284528501 0.6337131778 0.6367591838 0.0029334733 -0.6352343551 0.0431158987 -0.0432193949 
92 2 1.0945567604 0.2321437226 9.3604336234e-04 0.9649747357 -0.0147409834 0.4732999338 -0.0300542542 
93 1 0.0 0.0 0.0 0.0 0.0 0.0 0.0 
94 1 0.0 0.0 0.0 0.0 0.0 0.0 0.0 
95 1 0.0 0.0 0.0 0.0 0.0 0.0 0.0 
96 1 0.0 0.0 0.0 0.0 0.0 0.0 0.0 
97 1 0.0 0.0 0.0 0.0 0.0 0.0 0.0 
98 1 0.0 0.0 0.0 0.0 0.0 0.0 0.0 
99 1 0.0 0.0 0.0 0.0 0.0 0.0 0.0 
100 1 0.0 0.0 0.0 0.0 0.0 0.0 0.0 
101 1 0.0 0.0 0.0 0.0 0.0 0.0 0.0 
102 1 0.0 0.0 0.0 0.0 0.0 0.0 0.0 
103 1 0.0 0.0 0.0 0.0 0.0 0.0 0.0 
104 1 0.0 0.0 0.0 0.0 0.0 0.0 0.0 
105 1 0.0 0.0 0.0 0.0 0.0 0.0 0.0 
106 1 0.0 0.0 0.0 0.0 0.0 0.0 0.0 
107 1 0.0 0.0 0.0 0.0 0.0 0.0 0.0 
108 1 0.0 0.0 0.0 0.0 0.0 0.0 0.0 
109 1 0.0 0.0 0.0 0.0 0.0 0.0 0.0 
110 1 0.0 0.0 0.0 0.0 0.0 0.0 0.0 
111 1 0.0 0.0 0.0 0.0 0.0 0.0 0.0 
112 1 0.0 0.0 0.0 0.0 0.0 0.0 0.0 
113 1 0.0 0.0 0.0 0.0 0.0 0.0 0.0 
114 1 0.0 0.0 0.0 0.0 0.0 0.0 0.0 
