# Cluster list (56 data points):
# "Cluster Identifier" "Cluster Size" "Radius of Gyration" "Gyration Tensor.XX" "Gyration Tensor.YY" "Gyration Tensor.ZZ" "Gyration Tensor.XY" "Gyration Tensor.XZ" "Gyration Tensor.YZ"
1 53 3.4996892467 4.2632570953 3.2367623481 4.7478053802 -0.0763227546 0.4075028838 -0.6009391229 
2 48 3.4929917563 3.498545319 3.2136047937 5.4888412969 -0.0269113653 -0.4435557377 0.6381881993 
3 37 3.0983024758 2.8078512875 4.0865764315 2.7050505123 -0.6055792746 0.023579023 0.1789365492 
4 36 3.0921463461 3.1739578546 3.2577434031 3.1296677682 -0.3158540839 -0.5193487855 -0.2380887911 
5 35 3.0116335448 2.8019115469 2.5169420059 3.7510830554 -0.3606382621 0.008934682 0.0091258601 
6 32 2.9487047268 3.7065570253 2.4160460298 2.5722565107 0.469064741 0.2018194235 0.3826771203 
7 32 2.9346744783 2.55535822 3.0634253026 2.9935307707 -0.2923314726 0.4629851004 -0.3135128175 
8 31 2.9273151088 2.5417023242 3.3430846486 2.6843867737 0.0994109502 -0.0370227775 -0.4018651153 
9 30 2.8607793264 2.8342853433 2.7612196404 2.5885533708 -0.0041043987 -0.2310526831 -0.1424638638 
10 29 2.894277956 2.8901466515 2.5912754903 2.8954227449 -0.2266849578 0.3950923382 -0.804206545 
11 29 2.8404252922 2.3447823238 3.489155228 2.2340782887 0.203273268 0.0263516972 0.3681772469 
12 29 2.8947194671 2.6259805216 2.187908051 3.5655122203 0.1673710303 -1.0169246559 0.4548877433 
13 27 2.7434455132 2.4442103933 2.3203305644 2.7619523265 0.0438399456 -0.1508951743 -0.0972093373 
14 26 2.7376682894 2.5679095879 2.5626209308 2.3642971443 0.333788312 0.2905007791 0.6887434125 
15 25 2.7006900096 2.5185685341 2.6015871138 2.1735708803 -0.1003822964 0.1210766386 -0.2719620081 
16 25 2.7046629942 2.2877416935 2.3978165006 2.6296437182 0.1966236015 0.21252024 -0.3276375957 
17 23 2.6427282536 2.1091971581 2.9989989455 1.875816519 0.3948229326 -0.5825635459 -0.0356637339 
18 23 2.6689093441 2.9441847019 2.3167433215 1.8621490638 -0.2873548786 0.6089610323 -0.0358388472 
19 22 2.6027064469 2.2385112753 2.2009557837 2.3346137899 -0.3026989364 -0.2145309409 0.0031859492 
20 22 3.7216405537 10.9088257683 1.4276583268 1.5141243154 -0.3187919525 1.48274199 0.0543781353 
21 22 2.5720640843 1.722733334 2.3325173821 2.5602629374 -0.0167381646 0.2799882432 0.3092292646 
22 21 2.5568276571 1.7686221927 2.1924053054 2.5763401699 0.1450735632 -0.389150423 0.463453439 
23 21 2.5625873916 2.2420539879 1.9224617313 2.4023384203 -0.3929985171 0.0665045534 -0.0271368494 
24 21 2.5385508894 2.7844788754 2.1051119005 1.5546498419 -0.2350968006 -0.0719431796 -0.285199659 
25 20 2.5035976847 2.4676241615 1.6716853599 2.1286918455 0.0255509286 0.5792405764 0.3002334451 
26 18 2.4543286122 1.8797852461 1.4924313094 2.6515123812 -0.1416693284 0.3319941476 -0.3963572657 
27 18 2.4302311319 2.0262697893 2.2235022999 1.6562512654 -0.2008316765 0.4154396496 0.0164396646 
28 17 2.3335099366 1.6947964821 1.7206115127 2.0298606291 0.00513065 -0.1297901802 -0.1091365715 
29 16 2.3143914883 1.6684918316 1.7351412169 1.9527749126 0.125047305 -0.5055111781 -0.3348275773 
30 16 2.3181471313 1.3142899072 2.0365514127 2.0229648026 -0.0869459817 -0.1117140005 -0.4821917429 
31 15 2.269489783 2.0639130225 1.5844159658 1.5022548867 0.0247251996 -0.1661986524 -0.2240752059 
32 14 2.1755044865 1.5215314663 1.4808074471 1.7304808574 -0.1354749331 0.23592196 -0.1955022004 
33 13 2.2216135606 1.6582528332 2.0062929091 1.2710210704 0.1932261689 -0.1543920959 0.7740711982 
34 13 2.0641296233 1.4304586615 1.4511631236 1.3790093167 -0.0685284801 0.0093315205 -0.016868215 
35 12 2.1933312262 1.5443967331 2.2080272361 1.0582778989 0.1279619132 -0.0563853302 -0.5906398168 
36 12 2.0466436036 1.4143505504 1.4785758289 1.2958236607 -0.0855118838 0.2220213319 0.1306200602 
37 12 2.0571340577 1.449422911 1.3650834869 1.4172941335 -0.1309405029 0.1272006197 0.1417736381 
38 11 2.0329743052 1.3054616372 1.3194400177 1.5080828706 0.1836992713 0.159765883 -0.2984871959 
39 9 1.8887769414 1.3465880641 1.1598892598 1.0610010105 0.095466533 -0.2394292724 0.2469812731 
40 8 1.8132217073 0.8852340589 1.4838214942 0.9187174066 -0.2823635766 -0.08547859 0.1082442807 
41 8 1.8228457014 1.2768249296 0.9738498122 1.0720917092 -0.2034554473 -0.2466407294 0.1250003355 
42 7 1.7688707477 0.6591177514 1.1995152141 1.2702707567 0.2963698537 -0.1861153399 0.1297823828 
43 7 1.7377414456 1.3209331974 1.0814868323 0.617325302 0.0633536613 0.0356340299 -0.3351642782 
44 7 1.7423337452 1.2073785133 0.6187615016 1.2095868649 0.0978445047 -0.0477749347 0.3666644526 
45 6 1.5896992214 0.8769084169 0.791455797 0.8587794006 0.0136400218 0.0607584966 0.0203012939 
46 6 1.594499265 0.8490528761 0.7553284308 0.9380465991 -0.0229522197 0.013568524 -0.0257026832 
47 5 1.5532466609 0.5505132683 0.5060284608 1.3560334604 -4.3362406042e-04 0.0685158154 0.0757600173 
48 5 1.5465902669 0.9548777103 0.8801600943 0.5569036492 -0.4409936732 -0.1176102689 0.0621513548 
49 5 1.5594996143 0.4683032655 1.24143991 0.7222958715 -0.0079970587 -7.1930905388e-04 0.3726283594 
50 5 1.5543467042 0.7030203106 0.8713591024 0.8416142639 0.2846410919 0.190937386 0.3707236896 
51 4 1.3920569064 0.6771193647 0.7059783919 0.5547246741 -0.0890855308 0.0205452531 -0.0150116222 
52 4 1.4257192248 0.6529243103 0.7052846452 0.6744663524 2.4982622313e-04 -0.0925844981 -0.0241622397 
53 3 1.3707708486 0.5226030535 0.5886318672 0.7677777986 -0.3837486067 0.3509239627 0.1463982222 
54 3 1.3248529606 0.6195914636 0.5694018065 0.5662420972 0.3241889749 -0.2499801675 0.3005379413 
55 1 0.0 0.0 0.0 0.0 0.0 0.0 0.0 
56 1 0.0 0.0 0.0 0.0 0.0 0.0 0.0 
