# Cluster list (86 data points):
# "Cluster Identifier" "Cluster Size" "Radius of Gyration" "Gyration Tensor.XX" "Gyration Tensor.YY" "Gyration Tensor.ZZ" "Gyration Tensor.XY" "Gyration Tensor.XZ" "Gyration Tensor.YZ"
1 44 3.2783436036 3.6688020376 3.1928650912 3.8858696542 0.0444356372 -0.7209455842 0.574218327 
2 41 3.2001259782 4.0812146556 2.94837606 3.211215561 0.6479306703 -0.1243732334 0.0668125333 
3 35 3.0221156339 3.0124417247 2.523401193 3.597339987 -0.2052626499 -0.4035881974 -0.3681839754 
4 32 2.9319661249 2.3798240638 3.2087344976 3.0078667961 0.0606292199 0.1619653138 -0.4897009631 
5 30 2.903934381 2.865843998 2.2885353874 3.278455504 0.2733458066 -0.1443780661 -0.6618433131 
6 29 2.8847776493 2.9350464033 3.2292859463 2.1576097365 0.6843755585 0.1492808931 0.1863901521 
7 28 2.8114265389 2.404362284 2.7111713538 2.7885855457 -0.161377454 -0.2231366293 -0.3390020366 
8 28 2.8218627538 2.5866468701 2.4357775681 2.9404849632 -0.0677331877 0.0721857075 -0.7229181722 
9 27 2.9701009809 2.3946493771 2.2815715281 4.1452789317 0.222715628 -0.6917161271 -0.0518765361 
10 26 2.7396331261 2.8208375964 2.579043467 2.1057086024 0.6232179848 0.2240416529 0.5058567756 
11 25 2.7037742687 2.5113972124 2.6088555911 2.1901424928 -0.1434784058 -0.0716193557 0.1076551612 
12 24 2.6307144786 2.2346881546 2.2135837524 2.4723867611 0.3570296811 -0.2064894993 0.0712116905 
13 23 2.6127870148 2.4452377697 1.9823184713 2.3990997435 -0.3184728272 0.2000423419 0.424202341 
14 23 2.6829529407 3.1844179515 2.0783813891 1.9354371415 0.0077562938 -0.3655382287 0.355775572 
15 22 2.5910918367 2.5816853191 2.5237452376 1.6083263497 -0.0336242453 -0.1340635198 -0.455414297 
16 22 2.5938864813 2.4495146235 2.2012053239 2.0775271305 -0.148672484 -0.2125369459 -0.0373045541 
17 22 2.6485890974 3.1050804246 2.3007068952 1.6092368873 -0.2700345468 -0.2186909605 -0.1737711157 
18 22 2.5724319949 1.6617877087 2.2032520453 2.7523666143 -8.6252362412e-04 0.1501349695 0.081538798 
19 21 2.5349051947 2.0951624455 1.5266352671 2.8039466334 0.1754040614 -0.039055071 -0.0090212087 
20 21 2.5530845662 2.3516860661 2.3700519913 1.7965027448 -0.1281809063 0.2616465169 0.4727731117 
21 21 2.5784158486 2.6197239843 1.672568322 2.355935982 0.1215139311 0.0744123045 0.0425502953 
22 21 2.5502668575 2.7664552223 2.1177063873 1.6196994348 -0.1435976622 -0.3680842625 -0.2035681626 
23 18 2.420393093 1.6577665711 1.991592086 2.2089440678 0.4141857678 -0.2598268955 0.0156593406 
24 18 2.4609728566 1.7834696296 1.445116313 2.8278014585 0.2062170824 0.3915299317 0.2598233779 
25 18 2.399862339 2.1062995094 1.5722653126 2.0807744242 0.0266573981 -0.0830886466 -0.1363581221 
26 17 2.3477129791 1.8510899676 1.9147670126 1.7458992519 0.1159729455 -0.076793421 -0.1566055834 
27 16 2.3153494957 1.7523491369 2.3136243627 1.2948697875 -0.3357234994 0.108895627 -0.1187372239 
28 14 2.1780548168 1.5913859182 1.5570701365 1.5954667303 0.2253074404 -0.2991855868 -0.2151609553 
29 14 2.1696495917 1.4748112414 1.3769563938 1.8556117156 0.0561703248 -0.2928659068 -0.0752347338 
30 13 2.0748504817 1.4454878862 1.421407065 1.4381095704 -0.0303266877 0.0111058148 -0.0261465798 
31 13 2.0881102342 1.5253995756 1.4139366755 1.4208680992 -0.008287286 -0.0115579964 0.0069253651 
32 13 2.0852609209 1.525821274 1.4628122546 1.3596795797 0.0296355476 0.0446426546 -0.0254291919 
33 12 2.0787183777 1.1696912275 1.6354419278 1.5159369385 0.0765377184 0.0372667068 0.001981165 
34 12 2.1825726799 1.4546262219 1.7698157556 1.5391815258 0.1582480834 0.0094936715 -0.0377662199 
35 11 2.0808005591 1.4170130591 1.5692500547 1.3434678531 0.0209572474 0.5035813914 0.2683591008 
36 11 2.0273121029 1.2563089479 1.565015788 1.2886696266 -0.0741244362 0.252214532 0.2069885643 
37 11 2.0176664997 1.2666269985 1.3913100417 1.4130410638 -0.2670854406 0.2128616074 0.0314780449 
38 11 2.0530104562 1.4269839726 1.5201371968 1.2677307639 0.0227805255 0.0804548972 0.0521748595 
39 11 2.0476623059 1.7343133891 1.4520732423 1.0065342874 -0.0495753228 0.0893787242 0.1526358057 
40 10 1.9818144031 1.5293591824 1.0577143647 1.3405147814 0.151945905 0.1461386107 -0.374284766 
41 10 1.9773842297 1.0290873537 1.4027195938 1.4782414443 0.2968056321 -0.3078839415 0.1638662917 
42 9 1.9937081557 1.9838516244 1.2217545232 0.7692660623 0.5667083322 0.1946636371 -0.2114058968 
43 9 1.9332390877 1.3566968234 1.0703609365 1.3103556105 -0.0904992688 0.115318995 -0.5810664443 
44 8 1.9045229585 1.6504293112 0.8166022253 1.1601761631 0.0183915222 0.1028034627 0.3539141353 
45 8 1.8171800494 1.3872738682 1.0636242449 0.851245219 0.3432063096 0.0829044648 0.0297255786 
46 8 1.8121104515 0.926470573 0.8234099853 1.5338637299 0.0733215251 0.0229983699 0.1538877412 
47 7 1.7279047554 1.0698765211 1.0743678748 0.8414104479 -0.1867035445 0.2919420709 0.3397967208 
48 7 1.758185865 1.3359389239 0.3900895497 1.3651890621 0.020925208 0.0783989425 0.1047003428 
49 6 1.6075789917 0.8089267089 0.9072714454 0.8681120602 0.0533860941 0.0336379965 -0.0463680711 
50 5 1.5772320437 0.5611803791 0.6353653076 1.291115233 -0.0327983566 -0.2408767741 0.1112386359 
51 5 1.5602659948 0.5723113541 0.9185383566 0.9435802639 0.0551751329 -0.0581273177 -0.4448462917 
52 5 1.5478563184 0.6059149704 0.5370285259 1.2529156859 0.0319753851 0.2210998965 0.108544444 
53 5 1.5755586352 0.5570510655 0.6076009393 1.3177330081 -0.0023767535 0.0936272559 0.0777919624 
54 5 1.5810180877 0.6089218409 0.594045251 1.2966511017 0.004421996 0.199460491 0.2238927841 
55 4 1.3688602797 0.589467375 0.6593645044 0.6249465859 0.0194436619 0.0090088537 -0.0026461932 
56 4 1.4068938143 0.7068786256 0.5416521523 0.7308194268 0.083724792 9.2078508244e-04 0.0873376362 
57 4 1.3639329037 0.6337357112 0.6458528078 0.5807244467 0.0146692678 0.0549480284 0.0359205377 
58 4 1.3864562471 0.6828881962 0.6660602091 0.5733125198 -0.0459850411 0.0026412684 -0.0033258786 
59 3 1.31439036 0.7396742731 0.6222487399 0.3656990054 -0.1429376983 0.3639747386 0.2627634344 
60 3 1.7390113082 0.0399925821 0.9609955955 2.0231721526 0.0246542063 0.109834697 -1.2083047377 
61 3 1.3558331837 0.8852227615 0.2850854928 0.6679753677 0.0688841163 -0.0427665366 0.428264059 
62 3 1.3020415987 0.7919571682 0.3210737983 0.5822813582 -0.1480723088 0.1244403557 0.3830559634 
63 3 1.2981595943 0.8057562053 0.6939425757 0.1855195513 -0.1122423539 0.2071028791 0.2707033332 
64 3 1.309265328 0.7823876056 0.7624340471 0.1693540464 -0.061735317 0.0460494666 0.3516733818 
65 3 1.3587184498 0.189522963 0.8353349894 0.8212578734 0.2540217215 -0.2533481285 0.1491207634 
66 3 1.3708794259 0.9142782422 0.3173680433 0.6476641148 -0.190942952 0.262240456 0.3437901087 
67 3 1.3198918864 0.772200953 0.4212452384 0.5486684003 -0.2553324318 0.1605769431 0.3635032443 
68 3 1.3968198348 0.8799656979 0.8323525378 0.2387874152 0.0026641305 0.392457318 -0.2291722095 
69 3 1.318378741 0.9982471912 0.629837098 0.1100382156 -0.0160479967 -0.0692946971 -0.2562755335 
70 2 1.1761863017 0.0306643827 1.3108982924 0.0418515412 -0.200494107 0.0358238981 -0.234228764 
71 2 1.1163122275 1.0159465167 0.1394077991 0.0907986734 -0.3763387674 -0.3037212471 0.1125079696 
72 2 1.1440856752 0.6139749261 0.5332983185 0.1616587877 -0.5722165636 -0.3150467302 0.2936194129 
73 2 1.100689324 0.5469013988 0.5498221029 0.1147934862 -0.5483598063 -0.2505608074 0.2512289713 
74 2 1.1860332247 0.5733767575 0.7108732097 0.1224248429 0.6384341595 -0.264944446 -0.2950060017 
75 2 1.2316248725 0.141225919 0.9914011638 0.3842727438 0.3741811599 0.2329576601 0.6172264134 
76 2 1.1837058848 0.658410096 0.5153931302 0.2273563954 0.5825290039 -0.3869027605 -0.3423126119 
77 1 0.0 0.0 0.0 0.0 0.0 0.0 0.0 
78 1 0.0 0.0 0.0 0.0 0.0 0.0 0.0 
79 1 0.0 0.0 0.0 0.0 0.0 0.0 0.0 
80 1 0.0 0.0 0.0 0.0 0.0 0.0 0.0 
81 1 0.0 0.0 0.0 0.0 0.0 0.0 0.0 
82 1 0.0 0.0 0.0 0.0 0.0 0.0 0.0 
83 1 0.0 0.0 0.0 0.0 0.0 0.0 0.0 
84 1 0.0 0.0 0.0 0.0 0.0 0.0 0.0 
85 1 0.0 0.0 0.0 0.0 0.0 0.0 0.0 
86 1 0.0 0.0 0.0 0.0 0.0 0.0 0.0 
