# Cluster list (70 data points):
# "Cluster Identifier" "Cluster Size" "Radius of Gyration" "Gyration Tensor.XX" "Gyration Tensor.YY" "Gyration Tensor.ZZ" "Gyration Tensor.XY" "Gyration Tensor.XZ" "Gyration Tensor.YZ"
1 44 3.2736202457 4.0411236698 3.0111749412 3.6642909022 -0.2909492456 -0.5897169063 0.5723487829 
2 42 3.2332643157 3.8937105505 3.3500281457 3.2102594392 0.5834297057 0.0327732201 -0.1434658807 
3 35 3.0170571837 2.7049701691 2.7266707142 3.6709931664 -0.3419149493 -0.151117103 -0.1960238379 
4 33 3.0071821242 3.0510369117 2.744022688 3.2480847284 0.4288037292 -0.5865148743 -0.5643196839 
5 32 2.9628695291 3.7368151229 2.5268960299 2.5148846939 0.3947001533 0.0901910727 0.3702512758 
6 32 2.9337185903 2.4357970332 3.1308030479 3.040104686 -0.1320947206 0.294658017 -0.4252130138 
7 30 2.8454042139 2.7896016618 2.5886361425 2.7180873362 -0.1231244892 -0.1337914336 -0.1053227378 
8 29 2.8562297662 2.8859956081 3.1743900501 2.0976628191 0.6283356107 0.1536213806 0.1875606603 
9 29 2.8842830053 1.9974678669 2.2168969364 4.1047236513 0.3899266199 -0.1877914692 0.1718256461 
10 29 2.8866077938 2.9789102502 2.9586668238 2.3949274813 -0.3679881502 0.1919437947 -0.7011715224 
11 27 2.7395269972 2.4339211129 2.4068527956 2.66423426 0.0967927724 -0.1743820807 -0.127197242 
12 26 2.7490746033 2.8366343814 2.4051821052 2.3155946879 0.4658666257 0.3067199434 0.6082510019 
13 25 2.6900519813 2.479593961 2.5899053252 2.1668803757 -0.1418693188 0.072265042 -0.1837555721 
14 24 2.645018635 1.9712856275 2.3843719159 2.6404660362 0.317731368 -0.0543207144 0.033965294 
15 23 2.6074296795 2.2353163799 1.9900725682 2.5733005856 -0.4677501155 0.2391229285 0.2517240567 
16 23 2.6727896808 3.2163145483 2.3400987962 1.5873913332 -0.3245489069 0.1422191325 0.0101708625 
17 22 2.5963350088 2.1892770533 2.7646051928 1.787073232 0.0468917144 -0.5806345241 -0.0093985171 
18 22 2.567106284 1.796084731 2.3769025175 2.4170474248 0.2178134453 0.3543481299 0.1986962118 
19 22 2.5943050333 2.2268220684 2.2690481421 2.2345483955 -0.2490427552 -0.2200599418 0.0195235466 
20 22 2.6137467082 2.9025863595 2.2052944642 1.7237910312 -0.4572039063 -0.2421296929 -0.2938078184 
21 21 2.549574947 1.9036492003 1.676548919 2.9201342911 0.3315178129 -0.0331372833 0.3172582576 
22 21 2.5764658082 2.3551624518 1.8106410878 2.4723725213 -0.2802888624 0.1659686051 -0.0200238765 
23 21 2.5467550109 2.8333456257 2.1737263088 1.4788891508 -0.1491949976 0.3621354246 -0.1691860428 
24 20 2.4854268357 2.4115561831 1.7902999774 1.9754903953 0.4953135172 0.1183722291 0.3000145031 
25 18 2.4786736903 1.8614778734 1.404004444 2.8783409455 0.1182193829 0.4237043646 -0.1225674553 
26 18 2.4222227388 1.3387514507 2.364464407 2.1639471385 -0.1561846604 0.1050188992 -0.0178461607 
27 17 2.3507343345 1.8545235325 1.7657842349 1.9056441439 0.0705766096 -0.1923588683 -0.1398676773 
28 16 2.2935150716 2.3954388203 1.5811374924 1.2836350708 0.0670519579 -0.2704367373 -0.0389961938 
29 16 2.3165904641 1.5808309435 2.4385412252 1.3472192098 -0.2144134706 -0.1177458207 -0.1310698649 
30 15 2.2936820638 2.083293227 1.2568991386 1.9207850442 -0.0431986062 -0.2914449065 -0.1173852409 
31 14 2.1879344351 1.3135208407 1.3778878878 2.0956483637 -0.0232045476 -0.071249769 -0.1969558374 
32 13 2.0700309032 1.422583786 1.4440379515 1.4184062027 -0.0071945117 0.002077809 0.006405808 
33 13 2.0636423544 1.408916819 1.4517099694 1.3979929784 0.0275372252 -0.0120719799 -0.0420529627 
34 12 2.386556204 2.7645809622 1.511127781 1.4199417715 -0.8597984505 -0.2685882031 0.207938672 
35 12 2.0437379899 1.5469219086 1.4913943137 1.1385487492 0.0662045705 -0.0721986166 0.0258669154 
36 11 2.0489416962 1.354739239 1.3850100714 1.458412764 -0.3900145825 0.0031915412 -0.0595841587 
37 11 2.0466293395 1.428692105 1.0821613662 1.6778381822 0.3257488369 -0.2168823924 -0.0675131858 
38 11 2.033817547 1.2411551982 1.5197578852 1.3755007311 0.3397939333 0.1090227958 -0.1343645303 
39 11 2.0317405571 1.6741391008 1.5151662969 0.9386642937 0.0963347034 0.1159365256 -0.0113517037 
40 10 1.9960416389 1.6110794635 1.6271316027 0.7459711582 -0.0451252565 0.1639990889 0.0841918708 
41 9 1.8685602906 1.2556945722 0.9624105302 1.2734124572 0.2146965203 -0.0247728167 0.0787483545 
42 9 1.9248088805 1.1690540673 1.7407221886 0.7951129706 -0.1265942815 0.3548923093 -0.2119162673 
43 8 1.7895445308 1.5059511854 0.8346131238 0.8619053185 0.0836743723 -0.1804394501 -0.0356559568 
44 8 1.8278337437 1.0533421022 1.5270889893 0.760545103 -0.2302092305 -0.1069502534 0.1649591649 
45 7 1.7256240196 0.4300501131 1.2118272028 1.3359009411 0.0048788282 0.0481785955 0.004242781 
46 7 1.745725598 0.8391150896 0.9576894866 1.2507532875 -0.3698957787 0.1766659017 0.1612439781 
47 7 1.7704822153 0.8432465598 1.2303122211 1.0610484936 -0.0779461793 -0.4436909492 0.0137803504 
48 6 1.6044676673 0.8323751127 0.8722728507 0.869668532 0.0122691462 -0.0056369662 0.0315227995 
49 6 1.7022429339 0.9453548995 0.7994851727 1.152790934 0.2389966604 0.0184350876 0.1327980836 
50 5 1.551986747 0.8654738167 0.6591721125 0.8840169336 -0.1150981983 -0.3051153693 0.194504253 
51 5 1.5495376494 0.4967169523 0.6037895205 1.3005604542 2.1665413453e-04 -0.0720867853 -0.237596124 
52 5 1.5572606908 0.5272385743 0.4943183892 1.4035038955 -0.015185178 0.1325771611 -0.0069904365 
53 5 1.7065750654 0.9156344026 0.6560518275 1.3407122238 0.1536420327 0.1968018625 0.2181633821 
54 4 1.3948969302 0.6142102194 0.6660369307 0.6654902958 -0.0012813043 0.0103277365 0.0224771332 
55 4 1.3890351711 0.6216079889 0.677057909 0.6307528085 -0.0574737849 0.0350841497 -0.0017736824 
56 3 1.3271787657 0.9482242651 0.6763092885 0.1368699226 -0.081298861 -0.1168428606 -0.2762956202 
57 3 1.3313255574 0.5401881495 0.6468616143 0.585377976 0.292143668 0.3553146757 -0.2224681853 
58 3 1.3184028981 0.2825043945 0.8901472646 0.5655345426 -0.0264613922 0.3958379345 0.0612719742 
59 3 1.2944504823 0.692383807 0.2781512087 0.7050670354 0.3111207987 -0.1544401455 0.2352008045 
60 3 1.3304852403 0.4260425934 0.4522342598 0.8919141215 -0.3490476705 0.2725315998 0.1221333056 
61 3 1.3550586749 0.6305692546 0.2880094946 0.9176052633 -0.4228948135 -0.0797351793 -0.0096637797 
62 3 1.307984222 0.7568327398 0.3978378534 0.5561521317 -0.1244342492 -0.0983006983 -0.4366755531 
63 3 1.3332514073 0.6131369175 0.8972165012 0.2672058965 -0.1413977806 0.3591304482 0.1388915769 
64 2 1.1084958079 0.7463021083 0.4421589956 0.0403018521 0.5744425042 -0.173428248 -0.1334909227 
65 2 1.146058406 0.3785013082 0.3134135775 0.6215349842 -0.3444233574 0.4850276329 -0.441358701 
66 1 0.0 0.0 0.0 0.0 0.0 0.0 0.0 
67 1 0.0 0.0 0.0 0.0 0.0 0.0 0.0 
68 1 0.0 0.0 0.0 0.0 0.0 0.0 0.0 
69 1 0.0 0.0 0.0 0.0 0.0 0.0 0.0 
70 1 0.0 0.0 0.0 0.0 0.0 0.0 0.0 
