# Cluster list (48 data points):
# "Cluster Identifier" "Cluster Size" "Radius of Gyration" "Gyration Tensor.XX" "Gyration Tensor.YY" "Gyration Tensor.ZZ" "Gyration Tensor.XY" "Gyration Tensor.XZ" "Gyration Tensor.YZ"
1 54 3.5104144108 4.1736709634 3.2189793932 4.9303589788 -0.3517884321 0.4334346622 -0.3526657001 
2 48 3.3677925583 3.8448819132 3.2484349842 4.248709818 -0.0371631557 -0.5349701185 0.4541606394 
3 45 3.334529056 4.2291366639 2.7418236217 4.1481237395 -0.4377572137 -0.7889618438 0.3920954714 
4 37 3.1217783908 2.6826828368 4.3298926001 2.7329248842 -0.393458785 0.0729663279 0.3168521807 
5 37 3.2353069827 2.4980822226 3.494871389 4.4742576606 -0.4511540325 -0.7659750446 1.3048089032 
6 36 3.0423345268 3.0766105322 3.0602714527 3.118917388 -0.2073162537 -0.042649626 -0.2354044339 
7 36 3.0815230207 3.8967984149 2.5889357482 3.010049964 0.0396585444 0.392937402 -0.4782653842 
8 35 3.0048179654 2.8443530104 2.4993982381 3.6851797569 -0.3784349228 -0.1014705563 0.0065432144 
9 34 2.9789703258 2.8931824143 2.61510572 3.3659760679 -0.161160111 -0.2610047963 -0.4844219514 
10 32 2.9564482253 3.466263523 2.4023778691 2.8719447169 0.3223540073 0.4845910177 0.493890504 
11 31 2.986269641 3.3930184228 3.0564713322 2.4683166138 -0.9680219934 1.0020950587 -0.3080331285 
12 31 2.8966873194 2.6439762922 3.4646722013 2.2821489328 0.445074891 0.0881594441 0.3393084269 
13 30 2.8461950474 2.9369651779 2.6297575728 2.5341034969 0.0825077127 -0.2602376768 -0.0511154053 
14 29 2.8120967599 2.6344230745 2.7488952225 2.5245698901 -0.142653317 -0.1030536021 0.0732858246 
15 29 2.8588659997 2.4078446223 3.1949316455 2.5703385367 0.1534770868 0.1888169433 0.6570779454 
16 27 2.748586822 2.3212878376 2.5213907029 2.7120509777 0.0470758228 -0.0439407299 -0.2487763252 
17 26 2.7410780889 3.0921489061 1.8122946231 2.6090655602 0.2058532086 0.4234514294 0.1778553457 
18 25 2.6938372351 2.3948967738 2.1299911237 2.731871152 0.1430887921 -0.1189133933 0.1818103373 
19 23 2.6529425887 2.0649357922 2.8275364605 2.1456321263 0.6271127044 -0.6141209572 0.053507281 
20 22 2.6236790214 2.4460823689 2.3986880394 2.0389211993 -0.9989306919 0.2026174539 -0.2928148373 
21 22 2.5736454099 1.9170330203 2.2313268054 2.4752908704 0.035825639 -0.4624962014 0.0368092149 
22 21 2.5458517704 1.869391718 2.3285593039 2.2834102147 0.1925759852 -0.220248432 0.6198511081 
23 21 2.5716824084 2.4687735885 1.8384622741 2.306314547 -0.2036519916 -0.0025437225 -0.257737397 
24 21 2.5618272021 1.4770213933 2.5337865914 2.5521506288 -0.1404969679 -0.2993785395 0.380761802 
25 20 2.4927290466 1.9261580097 1.4577552418 2.8297848481 -0.1920829094 0.1669468894 0.0776098104 
26 18 2.4675622242 1.6522475072 2.3056976221 2.1309182008 0.1244730257 0.0828669408 -0.7745045164 
27 18 2.420459194 1.7789107455 2.1335383405 1.946173624 0.1438943907 0.3905330429 -0.214672249 
28 17 2.3511971652 1.8540985776 1.8300625726 1.8439669594 0.2966191493 -0.1308075654 -0.1805218156 
29 16 2.3068751744 1.2428211999 2.4201679967 1.6586838736 0.1449932573 -0.0801302051 -0.2158228796 
30 16 2.3223757924 1.6857191399 2.0880513836 1.6196587977 -0.5008516457 -0.3812055352 0.2696392053 
31 15 2.2740344427 1.6157000256 1.7732920955 1.7822405256 -0.122895865 -0.2089170215 -0.3965793377 
32 14 2.1855754548 1.3501997569 1.4302773327 1.9962629788 0.0547472385 0.0887287803 0.2607178911 
33 13 2.0864247873 1.4429839014 1.4314407716 1.4787437201 -0.0094565742 0.0162426423 0.0073174023 
34 12 2.1768824391 1.1825427242 1.4991341168 2.0571403128 0.0261442012 0.6398352079 -0.2820164849 
35 12 2.064412964 1.5565872175 1.3027110124 1.402502656 -0.1219339021 0.0436338355 0.1802359394 
36 11 2.026689649 1.5521397764 1.4533418315 1.1019893253 -0.0236321832 -0.2164707631 -0.1928434474 
37 9 1.8855064051 1.0021802502 1.2798328659 1.2731212874 -0.0047130462 -0.2420546509 0.0062056557 
38 8 1.8090515454 0.8586513255 1.1406335695 1.2733825991 0.1126742556 0.1573676325 0.3592686889 
39 7 1.7576088539 1.0315167684 0.8629032431 1.1947688718 -0.33368181 -0.261414984 -0.2598439844 
40 7 1.7044183467 0.75714179 1.0873618658 1.0605382447 0.2574216113 0.3063704678 -0.1732460925 
41 6 1.6060568092 0.8182094756 0.8585940043 0.9026149943 -0.0138092572 -0.0289322232 0.0176490836 
42 6 1.6186699809 0.908892659 0.8962122397 0.8149876085 0.0315985548 -0.0123696278 0.0080503657 
43 5 1.5825009561 0.5367155533 1.3653561592 0.6022375634 -0.124938083 0.0309665614 0.0621351996 
44 5 1.5465489134 0.5175993991 0.646756816 1.2274573263 0.0798371841 -0.1858853992 -0.2628054201 
45 5 1.5513623317 0.9328867428 0.5002628386 0.973575503 -0.0092063362 0.4465120903 0.0056877721 
46 4 1.4106022024 0.6439691731 0.6288111947 0.7170182058 -1.9907349701e-04 -0.0301919557 -0.0244231208 
47 3 1.2928884867 0.123374053 0.8284375445 0.7197490414 0.2223483508 -0.2030118884 0.0402868981 
48 1 0.0 0.0 0.0 0.0 0.0 0.0 0.0 
