# Cluster list (48 data points):
# "Cluster Identifier" "Cluster Size" "Radius of Gyration" "Gyration Tensor.XX" "Gyration Tensor.YY" "Gyration Tensor.ZZ" "Gyration Tensor.XY" "Gyration Tensor.XZ" "Gyration Tensor.YZ"
1 54 3.5131579089 4.161674157 3.1914828711 4.989121465 -0.3293263362 0.3387166409 -0.2131028522 
2 48 3.3602264868 3.90446954 3.3205819585 4.0660705438 -0.0570214172 -0.5047260655 0.5588075432 
3 45 3.3194813396 4.0798325692 2.9222959943 4.0168278004 -0.4600639936 -0.6679743725 0.5704697653 
4 37 3.1008142518 2.6748063782 4.166958328 2.7732843179 -0.4239553616 0.0070578336 0.3293335918 
5 37 3.2432946437 2.6102862169 3.8828201582 4.0258537711 -0.752927263 -0.8299637078 1.2807870815 
6 36 3.0286556553 3.0701938371 2.9752568964 3.127304345 -0.2057056915 -0.0549997021 -0.1968420017 
7 36 3.0833865451 3.9778819187 2.3906872354 3.1387034326 0.1745943406 0.4300069098 -0.3668048936 
8 35 3.0062218762 2.8063741322 2.5963530001 3.6346428366 -0.4253734543 -0.1911200795 0.1800891219 
9 34 2.9738378697 2.7294288764 2.6792590965 3.4350237025 -0.0609422474 -0.4364844763 -0.3854034852 
10 32 2.9595363389 3.4300719414 2.4033627446 2.9254206554 0.4020480165 0.4401690154 0.4969024826 
11 31 3.0622955063 3.6142396695 3.3850744491 2.3783396495 -1.3484114657 0.6040495892 -0.1075179754 
12 31 2.8987989379 2.5701963397 3.5179407777 2.3148981651 0.2747975301 0.0484068411 0.2884520139 
13 30 2.8490777454 2.8435977609 2.6920208088 2.5816254296 0.050719578 -0.295817818 -0.1067627544 
14 29 2.815495229 2.5504744934 2.7671973059 2.609341585 -0.165779869 -0.0951644704 0.0459593967 
15 29 2.8419808518 2.4282382642 3.2213672852 2.4272496128 0.2915833737 0.1447326878 0.6064366845 
16 27 2.7417199433 2.2818956272 2.3846394482 2.850493172 0.0735637841 -0.1049096029 -0.1734089518 
17 26 2.7304788757 3.0883995514 1.8286658947 2.5384494444 0.2361166629 0.456670057 0.2535957464 
18 25 2.6734555253 2.3862618955 2.1105121377 2.6505904127 0.1944441427 -0.1272948194 0.2040350654 
19 23 2.648465041 2.0148327285 2.9863582871 2.0131760579 0.5202890553 -0.5833958858 0.0658620714 
20 22 2.6031327662 2.7249904785 1.9141420094 2.1371677105 -0.8506804147 0.2593727111 -0.1544558646 
21 22 2.5600906296 1.8515049713 2.2734445193 2.4291145411 0.081832123 -0.4266628527 -0.035613392 
22 21 2.5406629252 1.9769948922 2.3259459381 2.1520272692 0.2166198037 -0.2719448352 0.6064910102 
23 21 2.5832417706 2.5709219067 1.7255874475 2.3766286912 -0.1459260636 0.0118249634 -0.1354092836 
24 21 2.5392367735 1.9089140142 2.4630745493 2.0757348284 -0.4268679454 -0.5167753861 0.1607449101 
25 20 2.4801522224 1.8721402255 1.4474976776 2.8315171432 -0.0557322749 0.1404385654 0.0833808307 
26 18 2.4502416393 1.7024462869 2.0543965081 2.2468412959 0.1204738918 -0.0157934001 -0.7625203998 
27 18 2.4166377242 2.0490538854 2.2063677489 1.5847162559 -0.0544826739 0.3924759393 0.0310679468 
28 17 2.3493585417 1.7170823126 1.9483648947 1.8540383502 0.2636349475 -0.1264664 -0.1123462977 
29 16 2.3018180693 1.2759523442 2.2891989246 1.7332151555 -0.1068374659 0.0492964028 -0.3449533944 
30 16 2.3010924642 1.9182274078 1.8350534076 1.5417457134 -0.4822965048 -0.3115409046 0.0510397076 
31 15 2.2609335075 1.6070254641 1.8397524426 1.6650424188 -0.036869391 -0.297640956 -0.3514791994 
32 14 2.1845619738 1.4430576163 1.3062327971 2.0230206038 0.0060944552 0.256848112 0.0074453478 
33 13 2.0705260373 1.4436649409 1.4416594847 1.4017536455 -0.0224866777 -6.2680814119e-04 0.0043418665 
34 12 2.1707774755 1.6695626673 1.4851739754 1.5575382056 -0.0250166737 0.6893601069 -0.4046626627 
35 12 2.0552188969 1.5217214376 1.4549002447 1.2473030319 -0.0149775279 -0.0079296226 0.1549883396 
36 11 2.0357206037 1.647089534 1.2485067194 1.248562123 -0.0388182092 -0.1870390817 -0.2695658457 
37 9 1.9022197833 0.9513509827 1.4072986529 1.2597904683 -0.0958966094 -0.197259411 -0.0294955374 
38 8 1.8167054718 0.7954818173 1.4753038343 1.0296331196 0.237888939 0.1276538671 0.2426181605 
39 7 1.7179482794 1.0978834389 0.6345721035 1.2188907482 -0.3570239192 0.0600255099 0.1266151116 
40 7 1.7058357571 0.5239007452 1.1325566425 1.2534182426 0.2117560489 0.1380648139 -0.0178710089 
41 6 1.6093730996 0.9031164066 0.8754038758 0.8115614912 0.0312020941 0.0148138073 -0.0039897986 
42 6 1.6115343152 0.8367092348 0.8345940239 0.9257395903 -0.0274388249 0.0645201774 -0.0046796282 
43 5 1.5349822848 0.7640676855 1.1017702719 0.4903326572 0.2736022181 0.0540672049 0.0261962496 
44 5 1.5976918538 0.56068322 0.6644255007 1.327510539 -0.0278187306 0.1052413963 -0.1883236748 
45 5 1.5615762012 1.3679972635 0.5303360168 0.5401869521 0.1902306809 0.1132503543 0.0228202571 
46 4 1.4079906069 0.6211661822 0.6398993288 0.7213720381 -0.0176344929 0.0307886147 -0.0374835715 
47 3 1.3104193715 0.7637718838 0.3411360767 0.6122909687 -0.2745636919 0.1732158653 0.3104473252 
48 1 0.0 0.0 0.0 0.0 0.0 0.0 0.0 
