# Cluster list (71 data points):
# "Cluster Identifier" "Cluster Size" "Radius of Gyration" "Gyration Tensor.XX" "Gyration Tensor.YY" "Gyration Tensor.ZZ" "Gyration Tensor.XY" "Gyration Tensor.XZ" "Gyration Tensor.YZ"
1 44 3.266089237 3.9919560132 3.1342337484 3.5411491424 -0.2679067654 -0.5049870576 0.5703237923 
2 42 3.2147413712 3.8887906698 3.2819597829 3.1638116312 0.5971754662 -0.0357349797 -0.0734105789 
3 35 3.0024597437 2.7101531935 2.7034076068 3.6012037121 -0.3460885519 -0.1460276139 -0.2358126579 
4 33 3.0005500406 2.9316299627 2.7785006389 3.2931699445 0.4164425202 -0.4409331598 -0.7109004486 
5 32 2.9853630165 3.7579932164 2.6960556442 2.4583434794 0.3939109604 0.1438813824 0.4067749107 
6 32 2.94111835 2.4360388043 3.0843527396 3.1297856046 -0.1319555006 0.3128455147 -0.5440779114 
7 30 2.8474521378 2.9289140895 2.5210731931 2.6579963946 -0.0512057819 0.0836869674 -0.1568567457 
8 29 2.8612435906 2.8839055031 3.1692245646 2.133584817 0.6275767786 0.1114225575 0.1616294406 
9 29 2.9056867259 2.0354270504 2.2664546808 4.1411336181 0.3676276779 -0.2875440312 0.0472158354 
10 29 2.8670937588 2.7810525015 2.9311537835 2.5080203366 -0.3468318331 0.223481966 -0.7291116845 
11 27 2.7438270044 2.4087941895 2.4193747946 2.7004176458 0.0957574635 -0.1942339351 -0.1443207396 
12 26 2.7449855804 2.8027387185 2.40343686 2.3287702583 0.438744528 0.3478948722 0.611337378 
13 25 2.6972227196 2.48315544 2.6693505255 2.1225044337 -0.1372790647 0.0226241762 -0.1619478486 
14 24 2.6425314733 2.0273723285 2.3118453528 2.6437549063 0.3149495411 -0.0478623749 0.0254933874 
15 23 2.6051874063 2.327851813 1.9624281845 2.4967214246 -0.4744442475 0.2073738295 0.2592077031 
16 23 2.6768063127 3.1964170343 2.3960722657 1.5728027358 -0.2390674762 0.0848886643 0.0202213423 
17 22 2.5809004719 2.2263009949 2.756222571 1.6785236801 0.0305061798 -0.5014627363 -0.0270528331 
18 22 2.5679503932 1.800462018 2.3118571908 2.4820500131 0.2370474872 0.3192010043 0.1806568656 
19 22 2.5923795862 2.1872493029 2.2376475208 2.295535095 -0.2264797216 -0.1922450132 0.0375346241 
20 22 2.6172902816 3.0183654697 2.1553430535 1.6764998951 -0.4213338899 -0.2873392566 -0.318282591 
21 21 2.546721462 1.9656796253 1.7093014448 2.8108091347 0.2983246625 -0.0070954965 0.3547630618 
22 21 2.5703426506 2.3889203607 1.8247736377 2.392967343 -0.3221657729 0.0925364991 -0.024669685 
23 21 2.5506277722 2.8246712959 2.1626163172 1.518414419 -0.0994693824 0.2573193191 -0.1051628872 
24 20 2.5258046869 2.6544793228 1.7658371529 1.9593728405 0.5506662619 0.103852468 0.3308050245 
25 18 2.4556906969 1.839326246 1.3675785364 2.8235120163 0.0386121937 0.3861079236 -0.1308595997 
26 18 2.4153069832 1.3481149967 2.3664204797 2.1191723468 -0.0364816984 0.0435079314 -0.0627850219 
27 17 2.3280058009 1.8203044434 1.7241821219 1.8751244436 0.1167047337 -0.212829647 -0.0795750755 
28 16 2.3142546808 2.4332339386 1.5708062343 1.3517345547 -0.0513649415 -0.3305070196 0.1312385024 
29 16 2.3050551269 1.663381061 2.3447017503 1.3051963269 -0.3170448273 -0.1046264082 -0.0017324134 
30 15 2.2669784213 1.9509009798 1.3448081867 1.8434819962 0.0144484993 -0.1397358763 -0.2284892188 
31 14 2.1793765043 1.3446865138 1.3891554513 2.0158399823 0.0472540076 -0.0757035349 -0.2030050918 
32 13 2.0654139409 1.4371883273 1.4235265238 1.4052198961 -6.8240608373e-04 0.0104762789 0.0020348862 
33 13 2.061929855 1.3918093448 1.4274674866 1.4322778955 0.0217125232 -0.0137000164 -0.0019913341 
34 12 2.0708300531 1.4979412736 1.6135349411 1.1768608942 -0.0395137598 -0.077332073 0.0860283568 
35 11 2.0346657246 1.2655226811 1.3381314089 1.5362105208 -0.3615478995 0.0693779813 -0.0932504821 
36 11 2.0453531408 1.3824772753 1.3590387796 1.4419534157 0.2426055472 -0.1236458172 0.055687943 
37 11 2.0281024832 1.2152424001 1.4353052218 1.4626520605 0.146405717 0.109679248 -0.0024717103 
38 11 2.0231497936 1.5530007509 1.582369999 0.9577643373 0.1307062981 0.0949672102 0.0081873037 
39 10 1.9784665246 1.6351987989 1.5719880073 0.7071429828 -0.0102179851 0.16470847 0.0611739947 
40 9 1.915514893 1.2628128357 1.6281516614 0.7782328083 -0.0890144604 0.2768405122 -0.3130164431 
41 9 1.9020921172 1.117184671 1.0881109535 1.4126587978 0.2879662079 -0.0124517561 -0.0868642547 
42 8 1.823200622 1.6336822982 0.7915288181 0.8988493919 0.1430919878 -0.2271507302 -0.0361272937 
43 8 1.9947268386 1.3584515262 1.2017378174 1.4187458169 -0.3181528941 -0.3222490996 0.4740171364 
44 8 1.8294069579 0.8831449757 1.4921465247 0.9714383174 -0.3282651043 0.0486155076 0.205170222 
45 7 1.7621893383 0.7736796168 1.2292395768 1.1023920703 -0.3703119974 0.1008204012 0.0890477622 
46 7 1.7347671283 0.4463797845 1.3041304065 1.2589067987 0.0371005303 0.1867028478 0.059899213 
47 7 1.7583245852 0.8802197368 1.3001496637 0.9113359462 -0.0057488183 -0.3972243451 -0.0430367199 
48 6 1.6670085336 0.8273596104 0.933656528 1.0179013128 -0.1027953315 -0.0483425917 0.2459070896 
49 6 1.5710271763 0.7845467646 0.8284142697 0.8551653542 -0.0364803238 5.4126470089e-04 0.0109234397 
50 5 1.5324747474 0.5045616892 0.5107953319 1.3331218303 -0.0130366027 -0.0733070577 -0.0758985061 
51 5 1.5530406852 0.8362178204 0.6563347128 0.9193828369 -0.2204370158 -0.3719904529 0.2001361525 
52 5 1.5488676091 0.653913119 0.5553736972 1.1897040545 -0.0079617126 0.241147124 -0.1350702337 
53 5 1.7183363277 0.7173680876 0.6794058488 1.5559057986 -0.0240112553 0.1698757106 0.4843856844 
54 4 1.3935825478 0.5616191225 0.5955939982 0.7848591968 -0.0615602874 0.0322710454 0.0072132876 
55 4 1.3785747735 0.589744928 0.655054821 0.655668657 0.0959887935 0.0031922513 0.0255677952 
56 4 1.4684803787 0.8032671243 0.7595634319 0.5936040665 -0.1507797078 -0.0053578588 -0.022675737 
57 3 1.3316545562 0.6729597093 0.516672261 0.5836718869 0.3406961036 0.1507574897 -0.358727917 
58 3 1.3248474522 0.4868478911 0.852722521 0.4156503595 0.1329953325 0.4133732515 -0.1168376679 
59 3 1.2815723928 0.729530328 0.1137001376 0.7991973324 0.210119613 -0.0338689391 0.1962033374 
60 3 1.3548538542 0.7666380411 0.4093743697 0.6596165555 0.1636546457 0.2695051987 -0.402371726 
61 3 1.3406303726 0.187770798 0.6828608889 0.9266581091 -0.3579110991 -0.0204810221 0.0146341078 
62 3 1.3029136132 0.725609026 0.2167314355 0.7552434219 0.2419451475 0.1091691185 -0.2806511703 
63 3 1.3104515262 0.6361795456 0.356468232 0.7246354249 -0.3361247635 -0.1419663544 -0.2770629171 
64 3 1.3180595248 0.594979999 0.6735249451 0.4687759667 -0.2397319771 0.2877806771 0.3201034799 
65 2 1.1185911751 0.9631366261 0.0240420673 0.2640675235 0.1521702849 -0.5043144888 -0.079678913 
66 2 1.1610914637 0.1589250941 0.7269090384 0.4622992548 -0.3398883453 0.2710552574 -0.5796977719 
67 1 0.0 0.0 0.0 0.0 0.0 0.0 0.0 
68 1 0.0 0.0 0.0 0.0 0.0 0.0 0.0 
69 1 0.0 0.0 0.0 0.0 0.0 0.0 0.0 
70 1 0.0 0.0 0.0 0.0 0.0 0.0 0.0 
71 1 0.0 0.0 0.0 0.0 0.0 0.0 0.0 
