# Cluster list (46 data points):
# "Cluster Identifier" "Cluster Size" "Radius of Gyration" "Gyration Tensor.XX" "Gyration Tensor.YY" "Gyration Tensor.ZZ" "Gyration Tensor.XY" "Gyration Tensor.XZ" "Gyration Tensor.YZ"
1 73 6.8650158979 13.3187578623 4.4721625335 29.337522883 -0.8943067893 17.3460300679 -0.6641189081 
2 54 3.5048133788 4.2332533727 3.1294224589 4.9210409884 -0.2406486568 0.4920624012 0.0907825297 
3 48 3.3639629207 3.6939547047 3.1055079338 4.5167838934 0.1420176499 -0.3937746862 0.2338427619 
4 45 3.3196287722 3.8937440878 2.8847910567 4.241400041 -0.6238857988 -0.7831323659 0.3448000728 
5 37 3.2320926216 2.9555408237 3.0664133005 4.4244685905 -0.6962300545 -1.1212514522 0.9468082294 
6 36 3.0364866602 3.0995468151 2.9225736218 3.1981308008 -0.1648464707 -0.0733765322 -0.2093153221 
7 36 3.0829542188 3.802467737 2.7139746059 2.9881643725 -0.196422943 0.3522176412 -0.5591415841 
8 35 3.0050428813 2.8174723694 2.5242355916 3.6885747577 -0.3720183132 0.0712145036 0.0887736758 
9 34 2.9785232017 2.8253819824 2.6211880711 3.4250304099 -0.076896462 -0.1735526073 -0.5245716721 
10 32 2.9602300304 3.582548588 2.4419350943 2.7384781508 0.2728794767 0.5327711667 0.51264145 
11 31 2.9012978673 2.5653460156 3.5996794308 2.2525038684 0.2766241595 0.0576902111 0.2613760111 
12 30 2.8500317424 2.9711235479 2.6354269533 2.5161304314 8.1387167089e-04 -0.2129320881 0.0014399346 
13 29 2.8175069569 2.6943404137 2.7351043368 2.5089007016 -0.2029266296 -0.0125225829 -0.0799527848 
14 29 2.8534022503 2.3338829028 3.0223759342 2.7856455653 0.0758456507 0.1726327609 0.6537932526 
15 27 2.7342394589 2.3580802878 2.5527287052 2.5652564254 -0.0444152688 -3.2562765661e-04 -0.2301607032 
16 26 2.7244699629 2.9069904652 1.9960773171 2.5196687963 0.5711164695 0.4273535773 0.149825993 
17 25 2.6896793808 2.0929002303 2.2897081172 2.851766824 0.2162997819 -0.10512068 -0.0531294891 
18 23 2.6468637263 2.0643024093 2.6498724197 2.2917127568 0.6619009146 -0.5201105666 0.0745844777 
19 22 2.5688120689 2.1137205196 2.1421693849 2.3429055409 -0.0158428148 -0.591843455 0.0703432083 
20 22 2.614024511 2.9904379463 1.9230549737 1.9196312239 -0.7487130548 0.0392000813 -0.2886415778 
21 21 2.5433100252 1.6959855908 2.2677340843 2.5047062092 0.2872307656 -0.1653494586 0.4993597328 
22 21 2.5813988971 2.5452683207 1.7770880008 2.3412639444 -0.2167057813 -0.0771304052 -0.1705478064 
23 21 2.5465271677 1.7081266802 2.3089336825 2.4677402529 -0.1729565037 -0.586555698 0.2672059545 
24 20 2.4841019461 2.2854859698 1.5206696642 2.3646068444 0.0274435516 0.5087857582 0.2923047109 
25 18 2.4656521032 1.5923530798 1.9825625215 2.5045246929 -0.0055577751 0.3279862685 -0.7318249017 
26 18 2.4241266193 1.7555857741 1.8614004773 2.2594036152 0.3853405586 0.2566758742 -0.2032837072 
27 17 2.3275969662 2.0335503497 1.6899443687 1.6942129185 0.0598576254 -0.0890278235 -0.0106127182 
28 16 2.3141694669 1.2532943151 2.4565784985 1.6455075082 0.1418882342 -0.0279628471 0.1107896937 
29 16 2.3057489838 1.5579506602 1.6642368515 2.0942908644 -0.2992687759 -0.4303049435 0.2343774152 
30 15 2.2679875695 1.3680446181 2.0049775098 1.7707454876 -0.28657645 -0.0981729313 -0.1201328597 
31 14 2.1904774447 1.3926047278 1.5702490242 1.8353376839 -0.1486636967 -0.193180184 0.3523477901 
32 13 2.0738192898 1.3802040191 1.4826230044 1.4378994231 -0.0250484902 -0.0259047132 -0.032713165 
33 12 2.1820569897 2.0609005644 1.3993364501 1.3011356919 -0.1611955649 0.5220368493 -0.449732847 
34 12 2.083378479 1.6150849517 1.3719471022 1.3534338327 0.0700629428 -0.0069469147 0.2430872643 
35 11 2.0458339716 1.1620035682 1.4257352931 1.5976977783 -0.1672244635 -0.2552244683 -0.0282847351 
36 9 1.8902730973 1.3242353396 0.945042847 1.3038541957 -0.21652624 0.04365333 0.0976614681 
37 8 1.8171650381 1.2190284625 0.8845024155 1.1985578978 -0.1454271454 0.4243931626 -0.1364745537 
38 7 1.7271895518 1.3385570574 0.5938347069 1.0507919837 0.0346273881 0.0154375774 -0.4138288332 
39 7 1.727292802 1.0716087271 1.1474753619 0.7644563347 0.118948016 0.3536471088 -0.2487545672 
40 6 1.5933475375 0.8726567096 0.843886725 0.8222129405 0.0137015239 0.0106992967 0.0158948741 
41 6 1.581023923 0.8439815511 0.8424618444 0.8131932497 -0.0379974176 -0.0123489732 0.0403177151 
42 5 1.5802359904 0.7409751114 1.0652120745 0.6909585994 0.3568858845 0.1696618635 0.3404394818 
43 5 1.5311026895 1.1596769971 0.589809761 0.5947886875 0.1957235528 0.0680059565 0.0534155029 
44 4 1.4195698824 0.6579171429 0.6936518685 0.6636096397 0.1747154904 -0.0238429607 0.0073732179 
45 3 1.34636577 0.1160841889 1.0267644205 0.6698521771 -0.1210854755 0.265040192 -0.0350512121 
46 1 0.0 0.0 0.0 0.0 0.0 0.0 0.0 
