# Cluster list (48 data points):
# "Cluster Identifier" "Cluster Size" "Radius of Gyration" "Gyration Tensor.XX" "Gyration Tensor.YY" "Gyration Tensor.ZZ" "Gyration Tensor.XY" "Gyration Tensor.XZ" "Gyration Tensor.YZ"
1 54 3.5013629467 4.187076961 3.154657111 4.9178084124 -0.2724079412 0.4122968945 -0.1452425436 
2 48 3.3727500824 3.9184426865 3.3445137474 4.1124866845 -0.1893943747 -0.4745549381 0.5496091772 
3 45 3.3136522757 4.1662217015 2.950010824 3.8640588785 -0.4879194742 -0.6840291681 0.6317388254 
4 37 3.1091454561 2.9477560335 3.8319316613 2.8870977723 -0.7338359863 -0.1249871277 0.4217748013 
5 37 3.2325607724 2.3972702795 4.0571649446 3.9950139232 -0.616966539 -0.6004033433 1.3836880975 
6 36 3.027612897 3.0213619608 2.9383733803 3.2067045127 -0.2197765573 0.0036341278 -0.1146255788 
7 36 3.1473645405 3.9894217087 2.4668431585 3.4496386834 0.1106609532 0.5468397441 -0.5492238951 
8 35 3.0049393136 2.6260134477 2.8125071214 3.5911397094 -0.416069498 -0.124264038 0.226613511 
9 34 3.0079690822 2.3790950864 2.8269845783 3.8417983345 -0.1402857589 -0.4359874322 -0.3989907092 
10 32 2.958330646 3.5884357107 2.3609210629 2.8023634374 0.2873989468 0.3974509187 0.4563855837 
11 31 3.1256880939 3.3460474134 4.2547048103 2.1691738369 -1.5177620587 0.3765619347 -0.0595610582 
12 31 2.9016139208 2.574226111 3.4606827688 2.3844544655 0.2697796345 0.0138188772 0.3804179723 
13 30 2.8517512384 2.8359923242 2.7627953967 2.5336974049 0.1228290895 -0.2925050226 -0.1306445467 
14 29 2.833094631 2.6561580773 2.8694492116 2.5008178995 -0.179867271 -0.1448435476 0.0964395528 
15 29 2.8490447614 2.4676649704 3.1884065945 2.4609844874 0.3327561958 0.1012366707 0.6647322813 
16 27 2.7435908272 2.362090737 2.3686975318 2.7965023582 0.0084972385 -0.1555670025 -0.144452782 
17 26 2.7504108751 3.0337878779 1.951692859 2.579279245 0.2952223789 0.4250811424 0.3877052586 
18 25 2.7018735073 2.2643854586 2.2346261485 2.8011088422 0.2470090081 -0.1954005933 0.0546641256 
19 23 2.6611019374 2.0700316511 3.0228955686 1.9885363014 0.4751211316 -0.600106268 0.0408594343 
20 22 2.6095713539 3.0073511973 1.682485593 2.120025861 -0.6340925334 0.2182464161 -0.0760847905 
21 22 2.5730435941 1.7971037968 2.2269740552 2.596475485 0.1157281121 -0.337267717 2.8929946809e-04 
22 21 2.5522580718 1.9281703623 2.1478709588 2.4379799441 0.1927798109 -0.3105669344 0.6457064135 
23 21 2.5799034658 2.5725886874 1.7142181689 2.3690950364 -0.0124347587 0.0212775011 0.0111100964 
24 21 2.5493975303 2.0580187113 2.4521011699 1.989307886 -0.3559136936 -0.5685614958 0.1631003756 
25 20 2.4892906241 1.9350855994 1.4989074115 2.7625748002 -0.0471627939 0.256529642 0.2298169199 
26 18 2.4587293309 1.7010691047 1.9474716774 2.3968091405 0.1534586906 -0.0114132919 -0.7444417592 
27 18 2.4155468946 1.8130931155 2.2030222668 1.8187514176 -0.0240432124 0.4608866832 -0.1015082736 
28 17 2.3518600587 1.7482128497 1.926172662 1.856860224 0.2302564955 -0.1013401189 -0.1260864031 
29 16 2.3166366279 1.2654854147 2.0880890955 2.0132307556 0.0551592696 -0.1091669492 -0.4278469255 
30 16 2.3165034101 1.8889741858 1.790033463 1.6871804004 -0.527733869 -0.3306257673 0.0933053844 
31 15 2.2490849454 1.7836902732 1.7712671896 1.5034256288 0.0434472573 -0.3157320368 -0.1434940418 
32 14 2.1856689526 1.402533209 1.3320899496 2.0425256118 -0.0060242407 0.1650793213 0.0387390774 
33 13 2.064402294 1.4822483267 1.407806916 1.3717015886 -0.0211876099 -0.0232934292 0.0083803623 
34 12 2.1702030933 1.9546812115 1.3803075363 1.3747927185 -0.2521279283 0.417328046 -0.6317465282 
35 12 2.0624920842 1.4683656457 1.5618377896 1.2236701622 0.0026750318 -0.157787751 0.0998328656 
36 11 2.0337304691 1.7547599061 1.3536787987 1.0276209163 -0.1163066779 -0.0975078026 -0.1897120584 
37 9 1.908158841 0.9164618382 1.3081050908 1.4165032334 -0.1650576286 -0.183598825 0.0267265659 
38 8 1.8080324309 1.3820750154 1.1406505315 0.7462557241 0.3206642911 -0.0776559087 0.0375704377 
39 7 1.726276798 1.2741740441 0.4534535871 1.252403952 0.1011636208 0.0065286324 -0.064737567 
40 7 1.7330047666 0.5960067869 1.0578813451 1.3494173892 0.2753353341 -0.019203812 0.023189023 
41 6 1.5918437538 0.8511431964 0.8432982944 0.8395250458 0.0501918788 -0.0209357556 -0.044532524 
42 6 1.5775513552 0.8377645859 0.8441089341 0.8067947583 -0.0411633695 0.0170037226 -0.0614051933 
43 5 1.5709592964 0.5384274027 1.3954765107 0.5340091974 -0.0260585524 0.0148794969 0.0463482741 
44 5 1.5829025742 0.7067073335 0.8016616041 0.9972116217 -0.2007101129 0.1607837199 -0.4001323737 
45 5 1.5357716181 0.9213138291 0.8205369812 0.6167436526 0.277669263 0.05466603 0.068229252 
46 4 1.3735859902 0.6449441567 0.5576500061 0.6841443097 -0.03374052 -0.0050524491 -0.0544339593 
47 3 1.2938639286 0.0458576311 0.7877256241 0.8405006104 -0.1699176662 0.0817484713 0.0285468266 
48 1 0.0 0.0 0.0 0.0 0.0 0.0 0.0 
