# Cluster list (53 data points):
# "Cluster Identifier" "Cluster Size" "Radius of Gyration" "Gyration Tensor.XX" "Gyration Tensor.YY" "Gyration Tensor.ZZ" "Gyration Tensor.XY" "Gyration Tensor.XZ" "Gyration Tensor.YZ"
1 54 3.567519373 4.8402509065 3.2208528737 4.6660906966 -0.0146114774 0.3429504133 -0.5537785093 
2 48 3.3584501537 3.6242594751 3.3944841961 4.2604437634 0.0685091401 -0.5016765751 0.4417417708 
3 37 3.109553098 3.3143800832 3.601909342 2.7530310442 -0.9135924396 -0.0063357358 0.0673422346 
4 36 3.0286842382 2.9410579877 3.0833623292 3.1485078977 -0.1821021371 -0.0112589518 0.0223151574 
5 35 3.0022081757 2.889599412 2.5671478895 3.5565066286 -0.2394646146 0.1622745568 0.3441500652 
6 33 3.4554551608 6.7175975202 2.0082370852 3.2143357626 -0.2245353557 -0.1703134861 0.0075953298 
7 32 2.9355780973 2.6186301051 2.9228135494 3.0761751107 -0.2831172397 0.4364178725 -0.3490267549 
8 32 2.9528443272 3.5631160822 2.5946658479 2.5615076907 0.6172356383 0.1242718648 0.4118378434 
9 31 2.9059169797 2.4205256054 3.458582422 2.5652454658 0.1728446694 -0.2044898637 -0.4923922011 
10 30 2.8471293176 2.8545932476 2.6854918817 2.5660602218 0.1081947006 -0.1785610374 -0.224545382 
11 29 3.9851163408 12.0383446522 1.8001327781 2.0426748194 -0.4312273952 -0.2843318718 -0.0286827135 
12 29 2.8423207583 2.3713703839 3.2255675483 2.4818493609 0.1964753396 -0.0671930537 0.5560011761 
13 29 2.8699292364 2.6953557401 2.4601090901 3.0810289918 -0.1721221785 0.1396205954 -0.742605503 
14 27 2.7368734446 2.3403500353 2.2972214095 2.8529048067 0.0092379523 -0.1342094163 -0.0564326483 
15 26 2.7422735613 2.7043880615 2.4261339374 2.3895422864 0.269672048 0.4995613733 0.6338124564 
16 25 2.6946737298 2.4330604008 2.5329729319 2.2952331776 0.0208488909 0.0800030047 -0.2975666267 
17 25 2.6789688745 2.247775716 2.2134362283 2.7156622864 0.1846141662 0.0875525656 -0.1933627372 
18 23 2.6461872154 2.0787425746 3.1279452172 1.7956189871 0.1912212033 -0.610608477 -0.15195408 
19 23 2.6659129488 2.8419838446 2.2600324766 2.0050755294 -0.2520732483 0.6517295807 0.0116663304 
20 22 2.6334061163 3.2961483453 1.6034702337 2.0352091942 -0.4567519014 0.0965847549 0.1376377435 
21 22 2.5751626889 1.6353211311 2.2005995632 2.7955421801 -0.1002743939 -0.0641611207 0.1093183518 
22 21 2.5344201826 1.7069585472 2.5159013466 2.2004257683 -0.0884884013 -0.4470165158 0.430047404 
23 21 2.5635683681 2.1734882272 1.9956760794 2.4027184711 -0.4334074674 0.0294569847 -0.1021705813 
24 21 2.5515133922 2.6183502981 2.2151641167 1.6767061759 -0.4931476826 -0.2727461947 -0.2519652403 
25 20 2.4981379344 2.368867984 1.65907501 2.2127501452 0.1994633968 0.4493109952 0.43986672 
26 18 2.4628895923 1.8932604743 1.3699848211 2.8025798486 -0.0403283877 0.3758379005 -0.2266870674 
27 18 2.4262976508 2.0638799452 2.2289728732 1.594067472 -0.052272595 0.4534621927 0.0490908075 
28 17 2.3443469333 1.5973052348 1.8678958147 2.0307614943 0.0457113722 -0.1033722891 -0.2425627472 
29 16 2.3150068563 1.5455955121 1.6152590771 2.1984021554 0.0271838138 -0.5564588435 -0.0916926942 
30 16 2.3192371914 1.2557175814 1.8337448587 2.28939871 0.0425239025 -0.0933531616 -0.4265175101 
31 15 2.252519333 1.9974379199 1.7992733886 1.2771320371 0.1365697159 -0.1883919184 -0.1257480913 
32 14 2.1816090845 1.4303531802 1.3323129354 1.9967520819 -0.0684744395 0.2525051825 -0.1596786264 
33 13 2.2344240724 1.7479487985 2.1368107246 1.1078914124 0.0332324849 -0.1277707137 0.6935477365 
34 13 2.0565983888 1.4382289937 1.3889585283 1.402409411 0.0043163278 -0.0560293233 0.002054628 
35 12 2.0340851908 1.2945752496 1.5137601357 1.3291671781 -0.0018076291 0.1823824529 0.0077418977 
36 12 2.1853612958 1.403607103 2.3895962137 0.9826006767 -0.2286162556 -0.1221318746 -0.5556337988 
37 12 2.0348870044 1.4395680954 1.4828699819 1.2183270433 -0.0472002343 0.174350409 -0.0302993496 
38 11 2.0310916014 1.4360340043 1.3346862316 1.3546128573 0.1137511139 0.2344428534 -0.3442424912 
39 9 1.9072947241 1.1643841218 1.3179444932 1.1554445496 0.0919015928 -0.2178457477 0.0758179051 
40 8 1.8094578227 0.8323625395 1.4102792091 1.0314958635 -0.0096422618 0.0326090209 0.327547898 
41 8 1.8079997319 1.1022295972 1.2502842978 0.9163491357 -0.3960870593 -0.1588811742 0.1569593305 
42 7 1.7687755503 0.5716965066 1.206691498 1.3501789428 0.1936207324 0.3199985598 -0.1115916813 
43 7 1.7405639966 1.2804810477 0.6652982212 1.0837837576 -0.2343110841 0.0696068796 0.3868267503 
44 6 1.6034837304 0.9172709276 0.8155282839 0.8383608623 -0.0682300606 0.0156016467 0.0346449702 
45 6 1.5888644651 0.8127866072 0.8484322649 0.8632714165 0.0186186185 0.0040357152 -0.0222419687 
46 5 1.5125889664 0.5898701456 0.6418905793 1.0561646565 0.0809688141 -0.1856765306 -0.2690240111 
47 5 1.5482777779 1.0488997722 0.7878073367 0.5604569687 -0.4293225391 0.0158340348 -0.0126444189 
48 5 1.5734915131 1.0252567918 0.5949547164 0.8556640336 0.1532295526 -0.3392536308 -0.0633771875 
49 5 1.5182195011 0.5556236149 1.2258412459 0.5235255927 0.2261517227 0.0259620457 0.0223357572 
50 4 1.4342467027 0.7808956307 0.5218729839 0.7542949896 0.0091825007 -0.0226330553 -0.0237181311 
51 3 1.3293448233 0.5518285833 0.7115069053 0.5038221705 0.1663737393 0.4044174528 -0.2484590514 
52 3 1.3207933002 0.4279141406 0.6325456475 0.6840351538 -0.3638579124 -0.308219391 -0.1243222978 
53 1 0.0 0.0 0.0 0.0 0.0 0.0 0.0 
