# Cluster list (74 data points):
# "Cluster Identifier" "Cluster Size" "Radius of Gyration" "Gyration Tensor.XX" "Gyration Tensor.YY" "Gyration Tensor.ZZ" "Gyration Tensor.XY" "Gyration Tensor.XZ" "Gyration Tensor.YZ"
1 44 3.2693188349 3.7991859851 3.0922605463 3.7969991125 -0.0543874711 -0.6985239543 0.5791623739 
2 42 3.2412524251 4.0155201779 3.2785957085 3.2116013965 0.6771551621 0.0866179316 -0.1093067485 
3 35 3.0097738524 2.7686743487 2.6907139061 3.5993503879 -0.3317218275 -0.2786642035 -0.2385327697 
4 33 3.1364971923 2.48363893 2.8570151877 4.4969605194 0.6191036489 -0.3133946785 -1.2368401026 
5 32 3.0079711957 3.9640739399 2.626837697 2.4569790772 0.4690531573 -0.0899372656 0.1907194863 
6 32 2.9424807224 2.405093376 3.0046914149 3.2484080109 0.0051852228 0.176040867 -0.4663891127 
7 30 2.8694347687 3.2495060676 2.5661887524 2.4179610715 0.0903454309 0.0672691817 0.0487401223 
8 29 3.0352356712 2.6386952076 1.8753430795 4.6986172924 0.3075772629 -0.4875455309 -0.183387539 
9 29 2.8917247673 2.8085129492 2.7184416011 2.8351175796 -0.2106308835 0.2998610797 -0.8278729341 
10 29 2.8603236376 2.8408240293 3.2257052915 2.1149219912 0.7230003809 0.0266990254 0.0014715799 
11 27 2.740228334 2.3938932944 2.3131749818 2.8017830464 0.0326358099 -0.1797353177 -0.0465372896 
12 26 2.7351764694 2.8844242443 2.5375726538 2.0591934204 0.4560104705 0.2002817015 0.422457425 
13 25 2.6853319101 2.4779874098 2.6270219227 2.1059981347 -0.1347410793 -0.0279892655 -0.1473038101 
14 24 2.6458911379 2.0434174732 2.3626346161 2.5946878244 0.2892655405 -0.2882853973 0.0532478492 
15 23 2.5890763997 2.3501566264 1.7971253538 2.5560346232 -0.4207031332 0.0714055655 0.1717926983 
16 23 2.6639606787 3.2258629643 2.2107717843 1.660051749 -0.1063213208 -0.236731553 0.2650450649 
17 22 2.5887258951 2.4345500293 2.7336931866 1.5332585439 -0.0139208367 -0.4018845749 -0.0865902869 
18 22 2.5794657997 2.3422213581 2.2308676799 2.0805547739 -0.1484105043 -0.2426494396 1.4683194029e-04 
19 22 2.6362289399 3.1807432949 2.261694454 1.5072652747 -0.3701812256 -0.3103968308 -0.2027730412 
20 22 2.5696443687 1.6859205145 2.3157358372 2.6014158298 0.1038863035 0.2306163971 0.2076774694 
21 21 2.5651447991 2.0092537406 1.7301333681 2.8405807318 0.250304746 -0.0870809149 0.3209103675 
22 21 2.5610727362 2.3928792409 1.7552766614 2.4109376578 -0.2989058621 0.0393130778 0.0049741847 
23 21 2.5314692694 2.8117794445 2.1112678007 1.485289417 -0.2494597902 -0.1552600708 -0.1935321972 
24 20 2.5617989681 2.6593086895 2.0224500791 1.8810551846 0.7901881531 0.0550535551 0.1226612647 
25 18 2.4616576187 1.7424733768 1.4145866892 2.9026981658 0.1200410573 0.2613187851 -0.1208140357 
26 18 2.4176802916 1.3577069683 2.2334588714 2.2540121529 0.1749702456 0.0218850324 -0.0866591676 
27 17 2.3523254797 1.8147119994 1.89918492 1.819538243 0.127719194 -0.1117793366 -0.2252226132 
28 16 2.3295711733 2.4123401377 1.6741429075 1.3404188062 -0.2320432455 -0.3644236706 0.0704177972 
29 16 2.2949552881 1.6375321378 2.3063062909 1.3229813458 -0.2762118348 -0.1308262087 -0.0587495925 
30 15 2.3061498636 1.9184645407 1.5418073117 1.8580553408 -0.4012825016 -0.2196069821 -0.1056837418 
31 14 2.1813088901 1.4971946122 1.4410577903 1.8198560716 0.1305153043 -0.2807297658 -0.2156146388 
32 13 2.0623651487 1.4204553436 1.3855826891 1.447311974 -0.0064606964 0.0433796648 0.0203642572 
33 13 2.0703100799 1.4423283876 1.3862615212 1.4575939181 -0.0306418802 0.0091965467 0.0011825764 
34 12 2.0544837006 1.5486237738 1.5528777591 1.1194017432 0.0041386157 -0.1389163235 0.0199015869 
35 11 2.0187667153 1.6367900516 1.4339883632 1.0046406359 0.0728334511 0.0232456306 0.0498753388 
36 11 2.0437637134 1.4054270689 1.2490655094 1.5224775378 -0.3561868109 0.0993354954 -0.0240105504 
37 11 2.0265801264 1.3212358274 1.6198797135 1.1659114677 0.0822865326 0.2344899738 0.0065532424 
38 11 2.1223556431 1.379400353 1.4139766706 1.7110164524 0.1715215906 0.025263855 -0.1060759668 
39 10 1.9803041548 1.697902786 1.4649283691 0.7587733904 0.0092982029 0.0293011652 0.2265413826 
40 9 1.9110546225 0.8967587666 1.3650676335 1.39030337 0.20605053 -0.0265830653 0.007414771 
41 9 1.9209940972 1.4393776638 1.1321859114 1.1186547463 -0.178359363 0.1144928994 -0.5282168157 
42 8 1.8337739673 0.91720248 1.3980794448 1.0474450383 -0.0935356728 0.0792112808 0.337681671 
43 8 1.8310025997 1.5896158245 0.789584171 0.9733705247 0.1899010595 -0.1624582262 -0.0909564982 
44 7 1.7357124117 0.7030280515 1.2344861205 1.075183404 0.2777665768 0.2951726165 -0.0451129225 
45 7 1.7186370673 0.493029915 1.2211567164 1.2395267376 -0.1799372378 0.0770471673 0.0104130571 
46 7 1.9672230975 1.4710566159 1.6366297094 0.7622803902 -0.407381238 0.1786113895 -0.3498762706 
47 6 1.6213725726 0.9021616457 0.8448590558 0.8818283176 -0.0905269479 -0.0081072753 -0.0284552754 
48 5 1.5692821328 0.8594364334 0.8331529308 0.7700570481 -0.3603315561 -0.296911471 0.3087567478 
49 5 1.5331149951 0.5180930336 0.5650480268 1.2673005277 0.0628901749 0.0825374726 0.0898008275 
50 5 1.5265490784 0.5773570401 0.5782481639 1.1747468847 -0.0678859137 0.1980377305 -0.2122299704 
51 5 1.5658150165 1.0067794867 0.5216319588 0.9233652204 -0.1247674756 -0.4110210957 0.1220465196 
52 4 1.3795873086 0.6274199603 0.6642061585 0.6116350233 0.0167228572 -0.0226993721 0.0054275866 
53 4 1.3892443319 0.6223194 0.6354284638 0.6722519499 -0.0286704038 -0.0398186688 0.0021217908 
54 4 1.4074035376 0.6255821848 0.7223584576 0.6328440753 -0.0481667748 -0.0204452694 0.0749062817 
55 4 1.4134979771 0.5455695231 0.653530025 0.7988769832 -0.0281819274 0.0248275185 0.0329220418 
56 3 1.3193647482 0.8118210383 0.1547383926 0.7741639078 -0.2585349724 0.0995539772 0.2031766939 
57 3 1.2925030537 0.144958208 0.7245743795 0.8010315564 -0.208818495 -0.2519006316 -0.0294904038 
58 3 1.316318482 0.8147278489 0.1783590589 0.7396074382 0.1424959445 -0.0898575085 0.3188913732 
59 3 1.3322146002 0.0839924838 0.8999051499 0.7908981071 -0.2324959824 -0.1313994774 -0.0236369087 
60 3 1.3092401304 0.3248010782 0.7984050256 0.5909036152 -0.1340708958 0.4145654633 0.0431096517 
61 3 1.3483288082 0.9170330543 0.2077181169 0.6932394037 -0.1047479048 0.165379639 0.3414782235 
62 3 1.3825066055 0.2714932645 0.8050057205 0.8348255295 0.0158672123 0.475982037 0.044199937 
63 3 1.342879944 0.2052157311 0.7811148375 0.8169959755 0.3610032765 -0.1049974728 0.1491860558 
64 3 1.3366835283 0.739537083 0.2668492943 0.7803364775 -0.3979981376 -0.0320340196 -0.1852886347 
65 3 1.3164375081 0.6226953095 0.7721556515 0.3381567517 -0.1144210482 -0.3934725338 -0.1870180475 
66 2 1.0735551683 0.9685764316 0.0879669542 0.0959773135 0.2918950472 -0.3048956606 -0.0918848842 
67 2 1.2208144178 1.3044389198e-04 1.4677280352 0.0225293637 -0.0138367683 0.0017142981 -0.1818432805 
68 2 1.1080121099 1.0159522842 0.1259684813 0.0857700701 -0.3577400821 -0.2951919691 0.1039438573 
69 2 1.1792781212 1.1691934923 0.0351469523 0.1863564426 0.2027155344 -0.4667833973 -0.0809312115 
70 1 0.0 0.0 0.0 0.0 0.0 0.0 0.0 
71 1 0.0 0.0 0.0 0.0 0.0 0.0 0.0 
72 1 0.0 0.0 0.0 0.0 0.0 0.0 0.0 
73 1 0.0 0.0 0.0 0.0 0.0 0.0 0.0 
74 1 0.0 0.0 0.0 0.0 0.0 0.0 0.0 
