# Cluster list (52 data points):
# "Cluster Identifier" "Cluster Size" "Radius of Gyration" "Gyration Tensor.XX" "Gyration Tensor.YY" "Gyration Tensor.ZZ" "Gyration Tensor.XY" "Gyration Tensor.XZ" "Gyration Tensor.YZ"
1 54 3.5083750172 4.2765634238 3.255091729 4.7770401085 -0.2626321193 0.4975435943 -0.3985273513 
2 48 3.3704009969 3.6203978135 3.2497294914 4.4894755753 0.099978628 -0.3692365873 0.5750046038 
3 45 4.5781293207 9.5764602802 2.6970443746 8.685763422 0.1742562922 -6.6523594048 -0.3245124371 
4 37 3.1115858113 3.2176823176 3.6105782852 2.8537056584 -0.9292033735 -0.0268068469 0.1732781824 
5 36 3.0353654207 2.9352831751 3.1530984548 3.1250616071 -0.1783280718 -0.0343537803 -0.1236465465 
6 35 3.0171826357 2.7230696184 2.6383782414 3.7419431975 -0.3478149019 0.1155788148 0.2569966864 
7 33 2.9814757963 3.1144115375 2.4720303438 3.3027560425 0.4259893249 -0.2570187998 -0.161011824 
8 32 2.9599870382 3.4866531769 2.7172319483 2.557638141 0.5225111178 0.2803638437 0.515343692 
9 31 2.9079574611 2.4258326153 3.6159713988 2.4144125816 0.2432405904 -0.203805254 -0.3399372577 
10 30 2.8669630267 2.9556131125 2.8198179384 2.4440459457 0.2101556878 -0.0343373064 -0.1426810438 
11 29 2.9336198555 3.4741911105 2.5486842166 2.5832501297 -0.6321548997 0.6122232874 -0.1861956391 
12 29 2.8468413689 2.2939944329 3.0894219834 2.7210893635 0.14876985 0.0049960382 0.7904727781 
13 29 2.8770392706 2.6691178376 2.43008756 3.1781495672 -0.1525445278 0.0108918912 -0.7639370713 
14 27 2.7394839814 2.3475130141 2.3088028781 2.8484565923 0.0215788593 -0.1282403274 -0.0425201017 
15 26 2.7564135226 2.9042473588 2.3918228525 2.3017452965 0.2862708616 0.4926520971 0.5401903776 
16 25 2.6824265085 2.347010337 2.6705477091 2.1778539275 0.0012216269 0.1353186749 -0.2168573222 
17 25 2.683256446 2.2395220518 2.3027406497 2.6576024536 0.227527465 0.0637270185 -0.1824511511 
18 23 2.6426152351 1.8809295252 3.0501968179 2.0522889378 0.1748364689 -0.6341122264 -0.2390130849 
19 23 2.6747205806 2.4285065053 2.387577526 2.3380461527 -0.357127454 0.7733621092 -0.0991711789 
20 22 2.6203570396 3.2385799189 1.547959582 2.0797315138 -0.5374302296 0.0317149947 2.5964344804e-04 
21 22 2.5813014196 1.7119594135 2.2092860934 2.7418715121 -0.0262137396 -0.285578993 0.0136247456 
22 21 2.541857761 1.6752438148 2.5644962413 2.2213008209 0.075897835 -0.4322730538 0.4088528353 
23 21 2.5878179688 2.259351582 1.9982274814 2.4392227761 -0.4409720377 0.0076091818 -0.094297365 
24 21 2.5445280966 2.5867435474 2.1175782896 1.7703013973 -0.4861504816 -0.3224302687 -0.1625010489 
25 20 2.4986268643 2.451908721 1.6564740099 2.1347534761 0.1743018684 0.4496475964 0.3845616458 
26 18 2.4536527479 1.7948988987 1.3914805642 2.8340323445 -0.0760508543 0.2233672774 -0.3226188654 
27 18 2.4319682002 2.0929609848 2.2894772335 1.5320311085 -0.0433181928 0.4208388438 0.0308459493 
28 17 2.3490112945 1.6427048993 1.8844925181 1.9906566442 -0.0082194122 0.0453498975 -0.3320388541 
29 16 2.3099096971 1.2627909993 1.7032053084 2.3696865012 0.0617518261 -0.1856458895 -0.2356081475 
30 16 2.300189992 1.6307645118 1.6681798985 1.9919295889 -0.1523098524 -0.5555206541 0.1278862749 
31 15 2.2793223081 2.0112629236 1.7402392483 1.4438080123 0.1337980129 -0.4124087188 -0.0834914724 
32 14 2.1792854415 1.4282604939 1.3529931733 1.9680313681 -0.0039627685 0.2540879295 -0.0311662783 
33 13 2.0749165072 1.3722537653 1.5007059794 1.4323187671 0.0023030991 -0.0150862424 0.0045462169 
34 12 2.1830712439 1.6509893453 1.7437771336 1.3710335768 -0.3939485349 0.1417314731 -0.7380926941 
35 12 2.0547471755 1.5376673242 1.4080066974 1.2763119335 0.023866094 0.0037803343 -0.1796062115 
36 12 2.0390218914 1.4758935756 1.5013943472 1.1803223509 0.0574614487 0.0617631074 -0.1142942138 
37 11 2.0215354562 1.3844914659 1.3871043941 1.3150097407 0.1130154261 0.3053142874 -0.2379895533 
38 9 1.89974097 0.8914518474 1.4033841544 1.3141797515 -0.0309497047 -0.1239561076 -0.0047168205 
39 8 1.8136619771 0.8634387761 1.460173963 0.9657570279 -0.1619436336 -0.0569149906 0.2513895268 
40 8 1.8398195719 0.9586720074 1.3662730733 1.0599909765 -0.3002487352 -0.196062827 0.3635653085 
41 7 1.7261643426 1.0664822649 1.2738283556 0.6393327172 0.0754409994 0.3404241902 -0.1999886689 
42 7 1.720358623 0.9581032126 0.7612585263 1.2402720529 -0.4266346273 0.0441029221 0.1390896453 
43 6 1.5969160312 0.851291931 0.851551694 0.8472971858 -0.0560395701 -0.0304820423 -0.0026104474 
44 6 1.6285278376 0.9932171354 0.8531977696 0.8056880127 -0.0513623659 -0.0107742856 0.0233432803 
45 5 1.5505271604 0.5488236445 0.5021594549 1.3531513758 0.0217743 -0.150822204 -0.1268062463 
46 5 1.551213611 1.1226992792 0.6540312983 0.6295330895 -0.2512911038 0.1716831642 -0.0103737006 
47 5 1.5590081944 1.0784627216 0.5471076441 0.8049361845 0.0325933977 -0.3204114692 -0.0397086832 
48 5 1.5488904887 0.5695657622 1.0619321778 0.767563806 0.0147003584 0.0740709949 0.3070308173 
49 4 1.3529312249 0.6374376306 0.5959747949 0.5970104738 0.0419171177 0.0209426884 -0.0055383698 
50 3 1.3626351603 0.9957299107 0.2298455191 0.6311991501 -0.136442004 -0.0187621172 -0.3623983799 
51 3 1.3275273226 0.2787111886 0.8166249484 0.6669926551 -0.1031590634 -0.4150044699 -0.0417901693 
52 1 0.0 0.0 0.0 0.0 0.0 0.0 0.0 
