# Cluster list (58 data points):
# "Cluster Identifier" "Cluster Size" "Radius of Gyration" "Gyration Tensor.XX" "Gyration Tensor.YY" "Gyration Tensor.ZZ" "Gyration Tensor.XY" "Gyration Tensor.XZ" "Gyration Tensor.YZ"
1 53 3.5051604766 4.2076792804 3.441675184 4.6367955022 0.0272112786 0.6279328466 -0.5245973137 
2 44 3.2545787187 3.677689384 3.4550885981 3.4595046542 -0.076131049 -0.3381585313 0.5562284374 
3 37 3.1023650283 2.7695162159 4.1573251864 2.6978273665 -0.353479788 0.1158922284 0.0922920682 
4 36 3.1073221623 3.191839875 3.4486124766 3.014998669 -0.2990291091 -0.5506313368 -0.1620302946 
5 35 3.0087645428 2.799492573 2.5434070243 3.7097644766 -0.3791168834 0.0720904163 -0.0712575846 
6 32 2.9557446039 3.8218372375 2.3671492444 2.5474396814 0.3350078553 0.2458387766 0.3623165329 
7 32 2.9306944156 2.6845903626 3.0961983435 2.8081810513 -0.2772134723 0.4324649856 -0.3801719671 
8 31 2.9679572134 2.7449356035 3.5453534543 2.518480963 0.5173215282 -0.0739282962 -0.3845541371 
9 30 2.8505167004 2.6632855505 2.7635474782 2.6986124306 -0.0430013381 -0.1955335378 -0.214135786 
10 29 2.8708828067 2.9262831298 2.6400513676 2.6756335924 -0.2894722266 0.4111929481 -0.7217047482 
11 29 2.8551923369 2.3806637539 3.578106311 2.1933532156 0.3697083736 0.0599431512 0.3416149059 
12 29 2.9020492233 2.5931762364 2.2427920981 3.5859213602 0.1228898378 -1.0346527104 0.5018001959 
13 27 2.7311675064 2.4540730236 2.3027806262 2.7024222979 0.0264279086 -0.191480537 -0.0978955541 
14 26 2.7443720047 2.6225222466 2.5605101542 2.3485452992 0.3747658341 0.2842284885 0.6897631487 
15 25 2.6962249451 2.5052692584 2.4729258197 2.2914338766 -0.0797312702 0.0479333859 -0.2885805038 
16 25 2.6879442593 2.3357984099 2.2991679454 2.5900779855 0.0781945144 0.2139652105 -0.2280294786 
17 23 2.6444766264 1.8965685556 3.011064118 2.0856239538 0.4084850748 -0.5804265421 0.0182625657 
18 23 2.6684505711 2.7861690152 2.2663517965 2.0681076388 -0.0958098867 0.6951078055 0.0171599148 
19 22 2.5966244865 2.2144848051 2.2655550862 2.2624188324 -0.2201894486 -0.1677586499 0.0609362126 
20 22 2.5874804498 1.8097308929 2.4399841328 2.4453400525 0.0143898635 0.3713116483 0.3081798084 
21 21 2.5565720477 1.8130579313 2.0719707435 2.6510319603 0.2809863769 -0.2520963651 0.5194549745 
22 21 2.5786304227 2.2987860161 1.9092361123 2.4413127285 -0.369007009 0.0981900556 0.0537482709 
23 21 2.5464094448 2.839054639 2.0433323049 1.6018141166 -0.2378546242 -0.0372485774 -0.3290598369 
24 20 2.4925162215 2.2959021547 1.6149018185 2.3018331415 0.0039838108 0.4628506868 0.3637937094 
25 18 2.4588670172 1.8120401106 1.5005530854 2.7334338121 -0.1116339208 0.3166299601 -0.5126345743 
26 18 2.4284002833 1.6998775579 2.2499670568 1.9472833212 -0.1523528131 0.4978339616 -0.0304720652 
27 17 2.3307709865 1.8680849994 1.626945905 1.937462487 -0.0527476583 -0.2062202933 0.029624691 
28 16 2.3271440182 1.3804110252 2.1255369038 1.9096513522 -0.287308385 -0.0067078101 -0.4525410386 
29 16 2.2994582724 1.8216792542 1.6714295596 1.7943995326 0.1028732259 -0.587124901 -0.238799913 
30 15 2.2688420877 2.0111947477 1.5184243994 1.6180252719 -0.048164251 -0.2069279382 -0.2758051629 
31 14 2.1818150269 1.4673713619 1.508938542 1.7840069079 -0.1379515355 0.2404738675 -0.2290312141 
32 13 2.2644291401 1.6583638514 2.0017703288 1.4675051503 0.3582719443 -0.1950339402 0.7812819467 
33 13 2.0687503536 1.4497707637 1.4305700778 1.3993871842 0.0027480956 -0.0205081439 -0.0082967341 
34 12 2.1658810601 1.4463895447 1.8212365083 1.4234147135 0.0522003601 -0.1671942537 -0.7111827377 
35 12 2.0624414367 1.3507632658 1.4759363239 1.42696509 -0.1332332921 0.2006586898 0.164871831 
36 12 2.0577511315 1.4455295176 1.4087942891 1.3800159127 -0.1313731718 0.070369222 0.1806490604 
37 11 2.0400384279 1.3527079016 1.3679304631 1.4411184224 0.1722353328 0.1221107751 -0.3426608355 
38 11 2.0283945495 1.0800518734 1.4145561352 1.6197764398 -0.2230472175 -0.0849586292 0.0752622031 
39 11 2.02312467 1.4218979713 1.5794280065 1.0917074525 0.0148528597 0.1548555958 0.1595750143 
40 9 1.8882018334 1.2932321531 1.0997093174 1.172364693 0.1071318869 -0.1586879227 0.2585223255 
41 8 1.8154552495 0.9021328037 1.5206081981 0.8731367612 -0.1008442703 -0.0765140352 0.1208353504 
42 8 1.8179711008 1.5446123111 0.8830551451 0.877351467 -0.186753223 -0.197509319 0.0913765201 
43 7 1.7297785845 0.4749775744 1.2988588898 1.2182974871 0.107208973 -0.2119481079 0.0636829623 
44 7 1.7361175657 1.1719261183 1.168888067 0.6732900166 -0.1623645742 -0.2907084206 -0.2694829687 
45 7 1.7594841572 1.366734957 0.7055980013 1.023451541 -0.1220188611 0.0888814458 0.3784662379 
46 6 1.5721130327 0.8051101765 0.8086499706 0.8577792406 -0.0305193529 4.5462418772e-04 0.0210727869 
47 6 1.6043143822 0.848426969 0.9582099009 0.7671877672 -0.0205205847 0.0377715843 0.0771054904 
48 5 1.5134173065 0.8451508359 0.8221739403 0.6231071675 -0.2868184166 -0.0791066525 0.1439044085 
49 5 1.5738745879 0.5357437752 0.6279642702 1.3133731729 0.0048154573 0.045911064 0.2967322315 
50 5 1.5923715873 0.7180893449 0.9407235902 0.8768343368 0.153072032 0.1819907396 0.3783208925 
51 5 1.5500399805 0.5663713889 1.0225047935 0.8137477587 0.0385617123 0.0745098895 0.4110384667 
52 4 1.4066607939 0.5855735506 0.6601632613 0.7329577772 -0.0124048963 -0.0154014081 0.0240722674 
53 4 1.4205995967 0.6352131287 0.6894282772 0.6934618081 -0.0038331735 -0.0663981231 -0.0717892363 
54 4 1.5603641195 0.8545196129 0.6511126675 0.929103905 0.0398939271 0.3450799233 -0.0495162158 
55 3 1.340190246 0.852476229 0.1734347145 0.770198952 0.2690134765 -0.0826992274 0.2336821689 
56 3 1.3876916973 0.3082155251 0.7690663207 0.8484064008 -0.3701625321 0.2250025945 0.2009556792 
57 1 0.0 0.0 0.0 0.0 0.0 0.0 0.0 
58 1 0.0 0.0 0.0 0.0 0.0 0.0 0.0 
