# Cluster list (46 data points):
# "Cluster Identifier" "Cluster Size" "Radius of Gyration" "Gyration Tensor.XX" "Gyration Tensor.YY" "Gyration Tensor.ZZ" "Gyration Tensor.XY" "Gyration Tensor.XZ" "Gyration Tensor.YZ"
1 73 4.0213599883 4.6083635729 4.6107657844 6.9522067985 -0.6970847003 2.176451204 -0.1335662708 
2 54 3.5049875538 4.211172428 3.2864734478 4.7872918767 -0.3738739685 0.5341852359 0.0720969593 
3 48 3.3676427427 3.6261593302 3.3431557416 4.3717025708 0.0769626296 -0.4612881206 0.5509975166 
4 45 3.329529054 4.0032897974 2.8313231029 4.2511508209 -0.4495822993 -0.7468223034 0.4727721905 
5 37 3.2535099856 2.899892298 3.2170815683 4.4683533601 -0.7459761104 -1.1857951719 0.9447164531 
6 36 3.036553063 3.2242618918 2.8812381717 3.1151544408 -0.1404223116 -0.026925696 -0.1378954169 
7 36 3.0780300499 3.8488643376 3.1184817754 2.5069228751 -0.3286002488 0.1279195757 -0.4868622554 
8 35 3.0182192749 2.8816260427 2.4901574529 3.7378640957 -0.337049215 0.0418515641 0.0591086257 
9 34 2.9796197636 2.699834634 2.6783931024 3.4999061992 -0.2365403311 -0.1530373267 -0.4265552661 
10 32 2.9510249916 3.6088602666 2.6793905228 2.4202977115 0.1869046641 0.5721774945 0.3841341891 
11 31 2.9022941224 2.4379412701 3.3255149897 2.6598549134 0.255836032 0.258936433 0.5797361736 
12 30 2.8540396057 3.06214672 2.6441154281 2.439279923 0.0577198186 -0.2075975886 -0.0149901395 
13 29 2.8205360734 2.8875887381 2.5163524643 2.551482539 -0.0679335315 -0.0512012826 -0.0553402236 
14 29 2.8445321257 2.245898594 2.9792196045 2.8662448159 0.0626295996 0.1854419912 0.645751801 
15 27 2.7348576724 2.3723707505 2.332553248 2.7745224895 -0.0312647793 0.1477674744 -0.0336517183 
16 26 2.7321614274 2.7814402579 2.2192743378 2.4639914695 0.7197292474 0.2526018502 0.3064775894 
17 25 2.6812370051 2.0510457674 2.4457821459 2.6922039643 0.1649530958 0.0525210149 -0.1468212145 
18 23 2.657934978 2.5813436059 2.8633084402 1.6199663009 0.4113530932 -0.5894280777 -0.0166876845 
19 22 2.5599923268 1.7254674284 2.2443411737 2.5837521112 0.0174783422 -0.3239939939 -0.1817381883 
20 22 2.6184275023 3.1130678222 1.8438239713 1.8992707916 -0.6416707942 0.1084401706 -0.4167452979 
21 21 2.5373975166 1.7586997891 2.1474753325 2.5322110358 0.2131397033 -0.2603080802 0.5371253378 
22 21 2.5620618086 2.2913158197 1.962729677 2.3101152142 -0.3393525964 -0.0347636329 -0.1399433981 
23 21 2.5420531291 1.8754813828 2.8345791133 1.7519736148 -0.1541894542 -0.3025005338 -0.0842857292 
24 20 2.4867045199 2.5078563337 1.5260894228 2.1497536129 -0.1533080201 0.4414766327 -0.2923508604 
25 18 2.4742691066 2.157893425 1.7160305536 2.2480836336 -0.1784656979 0.6934219276 -0.48961385 
26 18 2.4121731034 1.612614838 1.9723971707 2.2335670722 0.2208089287 0.3350108413 -0.1611700613 
27 17 2.3378743906 1.9974585609 1.6787638929 1.7894342123 0.106047135 0.1496833427 0.0745437816 
28 16 2.3013846974 1.6099575989 1.7781782055 1.908235721 0.4270153886 0.2807321083 0.3119339892 
29 16 2.3133480446 1.7698400133 1.4872473557 2.0944918065 -0.3635979577 -0.3294699987 0.2194652502 
30 15 2.267005016 1.3105771681 2.0371986535 1.7915359211 0.0230546959 -0.0762960587 -0.1733543258 
31 14 2.1723545177 1.4538119198 1.7431616302 1.5221506006 -0.2016563629 -0.1351470696 0.288952087 
32 13 2.0730261319 1.4109245501 1.4455935719 1.4409192216 0.0069250498 0.0079110069 0.0047285836 
33 12 2.1740967994 1.824094191 1.1405997394 1.7620029629 -0.4915528697 0.3411995021 -0.4788500994 
34 12 2.0652644827 1.382250554 1.4272958857 1.4557709439 0.138028412 -0.2135414186 0.0944410627 
35 11 2.035988751 1.7377766037 1.453015113 0.9544584775 0.1136497796 0.1242660729 -0.0619144789 
36 9 1.880603 1.3204235781 1.3847317195 0.831512346 0.016090223 -0.1150738944 -0.0146049688 
37 8 1.8327436817 0.9410029851 1.1003172022 1.3176292155 -0.1308358187 -0.0764443411 0.3475660393 
38 7 1.7680819166 1.0176489832 0.7984140904 1.3100505901 -0.4338694237 0.1129196602 0.2295071999 
39 7 1.7280093482 0.703953906 1.0340396942 1.2480227072 0.3933012969 0.1217637252 -0.1301571004 
40 6 1.5893749822 0.9077426994 0.7983996544 0.8199704803 0.0329765034 -0.0203030207 0.0432962594 
41 6 1.568067149 0.8246374444 0.8264126975 0.807784442 9.6480133686e-04 -0.0192376085 -0.0058828686 
42 5 1.5392938722 0.518094716 0.5525383573 1.2987925515 -0.0143710522 -0.0427843086 0.184374007 
43 5 1.5799022006 0.7137073875 1.0176251396 0.7647584365 0.2235430557 -0.2100637701 -0.3650304327 
44 4 1.4193786908 0.7360816166 0.6645903551 0.6139638963 -2.3173209058e-05 0.1654385637 -0.0080303684 
45 3 1.3295285479 0.8332864458 0.3040109234 0.6303487905 0.1349606548 -0.0976575451 0.402065004 
46 1 0.0 0.0 0.0 0.0 0.0 0.0 0.0 
