# Cluster list (46 data points):
# "Cluster Identifier" "Cluster Size" "Radius of Gyration" "Gyration Tensor.XX" "Gyration Tensor.YY" "Gyration Tensor.ZZ" "Gyration Tensor.XY" "Gyration Tensor.XZ" "Gyration Tensor.YZ"
1 73 5.6976227354 9.5198955272 3.5459748448 19.3970344625 -1.0431800518 11.1075429219 -0.9833876747 
2 54 3.51097607 4.1386699184 3.174511373 5.0137716725 -0.2578366052 0.4550091988 0.0797556089 
3 48 3.3590705658 3.5548053146 3.1144766347 4.6140731166 0.125615689 -0.4498083834 0.2905053215 
4 45 3.3198988756 3.8647749301 2.9626210253 4.1943325891 -0.6618456336 -0.7524051868 0.3534597609 
5 37 3.2475475096 3.1390073813 3.17525484 4.2323026059 -0.8661644655 -1.2104284352 0.9283973834 
6 36 3.0196723438 3.0828040018 2.9325972047 3.1030198577 -0.1717000833 -0.0424346192 -0.1742546122 
7 36 3.0761767561 3.8031070294 2.7163487069 2.9434076986 -0.1575270194 0.2605522772 -0.5765946393 
8 35 3.0071192841 2.8189377255 2.5280674952 3.6957611682 -0.349581446 0.0415145393 0.1203719074 
9 34 2.9738672646 2.8026257662 2.6914963561 3.3497643853 -0.0921982579 -0.1280062661 -0.6018274498 
10 32 2.9628499996 3.5901603641 2.5056062536 2.6827135023 0.2379908619 0.5208713957 0.5079199966 
11 31 2.9113308833 2.5478835653 3.5114024739 2.4165614726 0.2863702901 0.1872955821 0.4824253713 
12 30 2.8582974898 3.047949051 2.6479135824 2.4740019067 -0.0129948177 -0.2630145991 0.0184399881 
13 29 2.7990332547 2.7588194273 2.6070038169 2.4687639168 -0.2239079998 -0.0535666415 -0.001220173 
14 29 2.8435825997 2.3412028304 2.9892664136 2.7554927573 0.1173328892 0.2685778225 0.5946592029 
15 27 2.7385421251 2.4055352808 2.4833413238 2.6107363665 -0.1033346295 0.1426649805 -0.1496499905 
16 26 2.7464732399 2.9133752785 2.0719648764 2.5577751026 0.6338369969 0.4421634219 0.1834831659 
17 25 2.6840067149 2.0687567874 2.4103612847 2.7247739736 0.1337931655 -0.0070200107 -0.1069732898 
18 23 2.647465552 2.3477890052 2.605275925 2.0560089186 0.7090800693 -0.5054258431 0.1940666729 
19 22 2.577761139 1.9519957908 2.1927085028 2.5001481964 0.0752041413 -0.5196493202 -0.0836222419 
20 22 2.615987001 3.1053050386 1.8307037482 1.9073792025 -0.6153565381 0.1246259509 -0.3840562992 
21 21 2.5555684884 1.6668096541 2.2736395952 2.5904810494 0.3028378791 -0.1168550965 0.4470751271 
22 21 2.5772867278 2.530758338 1.7027679238 2.4088806154 -0.2735724903 -0.087571744 -0.1305952568 
23 21 2.5361074533 1.8059768906 2.4925486623 2.1333154617 -0.2917252384 -0.5198634615 0.283372487 
24 20 2.4998212524 2.3668656236 1.4844121369 2.3978285333 -0.0925057894 0.5458216779 0.1529061946 
25 18 2.4572580822 1.7484545616 1.6689520415 2.6207106792 0.0345756719 0.4810528942 -0.4105792735 
26 18 2.4201827928 1.6902147218 1.901051979 2.2660180499 0.3698669617 0.3161816022 -0.2019018369 
27 17 2.3318644441 1.9743501299 1.8353852779 1.627856378 0.2125670954 -0.0650161319 -0.0030558102 
28 16 2.2974447887 1.2756692544 2.3602799815 1.6423033212 0.1200448563 -7.5573956291e-05 0.2166534212 
29 16 2.2931164903 1.4728779565 1.5926011334 2.1929041481 -0.2142971732 -0.329353929 0.2112416169 
30 15 2.2803340791 1.3754991016 2.0227052409 1.8017191698 -0.2006472877 -0.0182178106 -0.1683833129 
31 14 2.1918599593 1.3583686436 1.5464922459 1.8993891917 -0.0078468267 -0.033193585 0.3094220944 
32 13 2.0724136351 1.4120990734 1.4569889014 1.4258103001 0.01262206 -0.0323602557 -0.0255473005 
33 12 2.191364936 1.9268080454 1.4479350409 1.4273371964 -0.2491599225 0.4101957319 -0.6197266466 
34 12 2.0685439889 1.5460160503 1.335465174 1.3973930098 0.1177688644 -0.0903481548 0.1504184693 
35 11 2.0393235707 1.1961500008 1.4146241992 1.5480664262 -0.0625030285 -0.2215058839 2.3582595248e-04 
36 9 1.8793146018 1.3722002313 0.902598904 1.2570242373 -0.0106016141 -0.0261816024 0.16077561 
37 8 1.8122381406 1.2108885185 1.0088736238 1.064444936 -0.3664132005 0.1812416476 -0.1247015612 
38 7 1.7254225841 1.179864952 0.5617573181 1.2354608236 -0.2305777114 -0.0815004583 -0.2157709231 
39 7 1.7265706579 0.9553302343 1.1719924313 0.8537235712 0.2086290286 0.3619610297 -0.1946986936 
40 6 1.5821522556 0.8824010921 0.8097990989 0.8110055689 0.0482795925 -0.0082017091 0.0377270298 
41 6 1.6130270284 0.8447270119 0.8420569604 0.915072222 0.018588778 -0.0191414457 -2.1391752009e-04 
42 5 1.564651148 0.6125383039 1.122477382 0.7131175289 0.2838475909 0.161942118 0.2767088855 
43 5 1.6058121381 1.2749479419 0.8109553345 0.4927293463 0.379359192 -0.0390730573 -0.0564918857 
44 4 1.4332231912 0.67448291 0.6878678156 0.6917779903 -0.0246022495 0.0091822749 -0.0107457943 
45 3 1.3169800261 0.9265679868 0.0476871819 0.7601812205 -0.0746855551 -0.0318092543 0.1804097276 
46 1 0.0 0.0 0.0 0.0 0.0 0.0 0.0 
