# Cluster list (46 data points):
# "Cluster Identifier" "Cluster Size" "Radius of Gyration" "Gyration Tensor.XX" "Gyration Tensor.YY" "Gyration Tensor.ZZ" "Gyration Tensor.XY" "Gyration Tensor.XZ" "Gyration Tensor.YZ"
1 73 4.1054573625 4.811075564 4.5756977595 7.4680068318 -0.8202716913 2.6382510971 -0.5432667053 
2 54 3.5157142213 4.1873986795 3.2734505276 4.899397279 -0.39070593 0.4907933085 -0.0368830034 
3 48 3.3618348932 3.5129776594 3.2962470075 4.4927091825 0.0802491234 -0.4314081485 0.508910208 
4 45 3.3275581293 3.9678024895 2.7751481537 4.3296924608 -0.4935124198 -0.7692486298 0.4606425638 
5 37 3.2327666887 2.7621968256 3.3208321848 4.3677514535 -0.6722350851 -1.0377196359 1.0547007447 
6 36 3.0416009313 3.1396638009 2.9957554026 3.1159170215 -0.2345004202 0.0449401642 -0.1860128572 
7 36 3.0661094463 3.8511505935 2.9763201999 2.5735563435 -0.2745026996 0.1358908487 -0.5092987857 
8 35 2.994968891 2.8685646276 2.4111045276 3.6901695029 -0.2947849853 -0.0088717606 0.0803700967 
9 34 2.9818409964 2.7319119703 2.6196599115 3.5398038459 -0.216185182 -0.1022516615 -0.4749462581 
10 32 2.967410936 3.6212258424 2.7623291872 2.4219726336 0.2560608335 0.6037687077 0.3799133277 
11 31 2.8979706939 2.4524350398 3.2486400344 2.6971590687 0.1597456676 0.2376593934 0.5326408444 
12 30 2.8559865488 3.0111905957 2.6691491427 2.4763194288 0.0173831743 -0.2390071283 0.0148833103 
13 29 2.8054308999 2.8744275765 2.5426240362 2.4533909216 -0.0275651825 -0.0698700469 -0.0854743272 
14 29 2.8542709226 2.3599652587 2.9537700624 2.8331271787 0.1261176681 0.3020677059 0.6960874353 
15 27 2.7362001893 2.3992207809 2.3460000514 2.7415706436 -0.0463548988 0.2115821546 -0.0654933652 
16 26 2.7364413274 2.8508621739 2.1651332566 2.4721157079 0.672614666 0.2776354595 0.1620124369 
17 25 2.6772897337 2.0322604993 2.4598027693 2.6758170498 0.1144405447 0.0418501109 -0.1854448362 
18 23 2.6498383295 2.7086576704 2.6782530565 1.6347324458 0.4235588023 -0.5953944689 0.0245398302 
19 22 2.5676759183 1.7152560844 2.2793535293 2.5983500077 -0.0063980304 -0.2998624827 -0.2172140088 
20 22 2.6071490748 3.1138584149 1.75191349 1.9314543932 -0.5023065735 0.1729234217 -0.4171128925 
21 21 2.5485789729 1.6992076194 2.2595602088 2.5364869531 0.2777547244 -0.2599928344 0.5174774933 
22 21 2.5664933687 2.3256541436 1.9098030067 2.3514310614 -0.4346112103 -0.0652520786 -0.0850575783 
23 21 2.5545136365 1.8961663705 2.8676942496 1.7616792988 -0.2099840511 -0.359387785 0.1259975526 
24 20 2.4767061502 2.3917234374 1.509611049 2.2327388679 -0.0106453146 0.4775913113 -0.1658619708 
25 18 2.4702421889 1.8824332237 1.6809267521 2.5387364958 -0.063777488 0.651826649 -0.4503606409 
26 18 2.4223497784 1.7326552117 1.9889212873 2.14620195 0.3432242865 0.3783603015 -0.1764073083 
27 17 2.3443405071 2.1191441145 1.7082694987 1.6685188 0.0527046078 -0.0222363738 -0.0607941086 
28 16 2.305002494 1.4867119875 2.0087006335 1.8176238766 0.4264598863 0.2617670329 0.3066490583 
29 16 2.3166010528 1.6115401988 1.5517611647 2.2033390745 -0.3839315744 -0.3574433555 0.2988547317 
30 15 2.2691688945 1.3089274183 2.0229622235 1.81723783 0.035811663 -0.065377609 -0.2164422043 
31 14 2.1614702845 1.4304017165 1.6343121305 1.6072399438 -0.1051725161 -0.1388551386 0.2856047666 
32 13 2.0645489352 1.3847815039 1.4408855995 1.4366952024 -0.0104173714 -0.013249088 0.0115598032 
33 12 2.1686076013 1.5554701327 0.9584969796 2.1888918162 -0.2430872333 0.3656741208 -0.3933430205 
34 12 2.0571965058 1.2774922189 1.3491792131 1.6053860314 0.1827449662 -0.0305615903 0.0808569489 
35 11 2.0375552329 1.7059787323 1.460517556 0.9851350387 0.0797118619 0.096503014 -0.1780427238 
36 9 1.8864881735 1.2526590238 1.3716959155 0.9344826894 0.0625427068 -0.1559615512 0.0747579093 
37 8 1.8156091183 1.0680214358 1.202367994 1.0260470406 -0.253931742 -0.3058681918 0.2603476788 
38 7 1.7483758308 1.010105658 0.717942635 1.3287697528 -0.4243532694 0.1306440596 0.1783538545 
39 7 1.7365037874 0.6461275127 1.1012410893 1.2680768018 0.4183063353 0.137534181 -0.1041663297 
40 6 1.5818727844 0.833975951 0.8310285108 0.8373170442 -0.0442646651 -0.0270849387 -0.0502192697 
41 6 1.5946563912 0.8642218268 0.8155118213 0.8631953579 -0.1003619093 -0.012634993 0.002109949 
42 5 1.5568878992 0.6196133375 0.7403242382 1.063962355 -0.133713652 -0.1204877573 0.3642991606 
43 5 1.5716026479 0.7763826637 0.9859367361 0.7076154829 0.2812624645 -0.2502573295 -0.3017893016 
44 4 1.3689904979 0.6478413796 0.6047221914 0.6215714123 -0.0295225209 0.0241394912 0.0117541553 
45 3 1.3330394202 0.6527345303 0.5229255559 0.6013340097 0.3016530295 -0.2053987036 0.3587685945 
46 1 0.0 0.0 0.0 0.0 0.0 0.0 0.0 
