# Cluster list (53 data points):
# "Cluster Identifier" "Cluster Size" "Radius of Gyration" "Gyration Tensor.XX" "Gyration Tensor.YY" "Gyration Tensor.ZZ" "Gyration Tensor.XY" "Gyration Tensor.XZ" "Gyration Tensor.YZ"
1 54 3.5439670971 4.2881466002 3.3484299507 4.9231262347 -0.2366096082 0.5059340507 -0.5157410302 
2 48 3.3805991107 3.6418529621 3.401795496 4.3848018889 0.0472505076 -0.4590246589 0.5518428566 
3 37 3.1137973365 3.3362111264 3.6218515786 2.737671148 -1.0124970076 0.021864517 0.0650097902 
4 36 3.051257464 2.9053759562 3.1147324398 3.2900637159 -0.1811235065 0.0698212209 -0.0668745705 
5 35 3.0259146131 2.8320976951 2.6547317566 3.6693297942 -0.3045558538 0.2262910926 0.4153660961 
6 33 3.1065938656 4.256915215 2.1137621578 3.2802480732 0.354746527 -0.7362603327 -0.0651975286 
7 32 2.9431231877 2.5546803662 3.0087761429 3.0985175891 -0.2821211318 0.4136532871 -0.4595978666 
8 32 2.9545748592 3.5926812141 2.5961530379 2.5406783465 0.5926524501 0.1441972727 0.428306055 
9 31 2.9053041914 2.4104285613 3.5272701271 2.5030937562 0.2245820636 -0.1785672105 -0.4371344328 
10 30 2.847304595 2.9403267708 2.7012875165 2.4655291696 0.1402464199 -0.1890809037 -0.1744576111 
11 29 3.2251996385 6.2094434332 1.9962401959 2.1962290793 -0.6352357406 0.3174864529 -0.1081842524 
12 29 2.8503466302 2.3076334992 3.3028833264 2.5139590864 0.1153551813 -0.0086121896 0.6321377411 
13 29 2.8799643465 2.8230619022 2.4486968261 3.0224359089 -0.2493202921 0.216697809 -0.7391007058 
14 27 2.7577402539 2.3807820064 2.304141725 2.9202075768 0.025109133 -0.1513120022 -0.1016301087 
15 26 2.7437898039 2.7639328186 2.3773522568 2.3870974126 0.2684095835 0.5009559164 0.6089155195 
16 25 2.7057881994 2.4623736977 2.5965507698 2.2623653123 0.1075085799 0.0681039014 -0.2775713613 
17 25 2.7086365849 2.2152581662 2.2782254379 2.8432285448 0.2333217315 0.0779502576 -0.2209072277 
18 23 2.6510792525 2.0945114793 3.0864608882 1.8472488358 0.2473132593 -0.5387899345 -0.1688873707 
19 23 2.6726635166 2.7261150713 2.3240264079 2.0929887935 -0.3531402635 0.7040757501 -0.0252946811 
20 22 2.6246262099 3.2434310167 1.5782141216 2.0670176033 -0.4710230689 -0.0374861975 0.1330987393 
21 22 2.5888260238 1.6192231251 2.2992553434 2.783541713 -0.0801328581 -0.1186082073 0.0451166883 
22 21 2.5485951223 1.6881647282 2.4536538112 2.3535185577 -0.0242927305 -0.4165 0.3507219097 
23 21 2.5649685018 2.1485924851 1.976558503 2.453912427 -0.3945185732 -0.0044177543 -0.0922250521 
24 21 2.5463526581 2.5553490365 2.224081651 1.7044811718 -0.4717086867 -0.3300327369 -0.1915517984 
25 20 2.4833465679 2.3565808911 1.6628685228 2.1475607623 0.2071506349 0.4458472109 0.4581828255 
26 18 2.4589188713 1.8397109682 1.3891394307 2.8174316167 -0.0845531903 0.3808139424 -0.2974832934 
27 18 2.4167256897 1.9956444509 2.1958493572 1.6490692513 -0.1279424683 0.4439850768 -0.0206384047 
28 17 2.3449418395 1.735041359 1.7214164036 2.0422944682 0.0134217989 -0.1062280328 -0.2645444455 
29 16 2.3255401286 1.6103866681 1.6024628887 2.195287333 -0.0393322425 -0.5638446521 -0.003639271 
30 16 2.2935585992 1.2611807965 1.7932370118 2.2059932399 0.0180665013 -0.1138438233 -0.3365914332 
31 15 2.2812428311 2.0038260064 1.8459554633 1.3542873846 0.1471171663 -0.2742093966 -0.1095087965 
32 14 2.1650703721 1.474576988 1.321762557 1.8911901711 0.0099691652 0.2064366422 -0.0846251163 
33 13 2.2530729859 1.7473396547 2.2346783522 1.094319873 -0.0021471968 -0.1907769357 0.6678644546 
34 13 2.0731236369 1.4135974974 1.4588641277 1.4253799889 9.9881437141e-04 0.0199542207 -0.0245679981 
35 12 2.0662724549 1.3875457089 1.5120188525 1.3699172962 0.0468350132 0.2212897897 -0.0112396597 
36 12 2.1671682774 1.400462991 2.1721251387 1.1240302129 -0.3140404489 -0.0918479366 -0.5937405979 
37 12 2.0783916011 1.4454215847 1.5659647368 1.3083253258 0.048934294 0.209870688 -0.0569157669 
38 11 2.0252243434 1.3835187154 1.3596848775 1.3583300484 0.1118174938 0.1923431619 -0.2974134325 
39 9 1.8956907325 1.1432853832 1.3013927974 1.1489651724 -0.0475379224 -0.21333999 0.0020082475 
40 8 1.8127471806 0.8427283593 1.4255449156 1.0177790658 -0.0168681764 0.0369713949 0.3289013639 
41 8 1.8431004373 1.0655206764 1.303070632 1.0284279135 -0.4394136244 -0.2031911123 0.1553181894 
42 7 1.735034184 0.7319459141 1.2170119694 1.0613857363 0.0995700803 0.4133868608 -0.0982389103 
43 7 1.7241701515 1.158273656 0.6713324585 1.1431565968 -0.3208374179 0.1588480532 0.2691625423 
44 6 1.6316609894 0.9076614887 0.9574159884 0.7972401074 -0.1236146962 -0.0489789395 -0.0557905608 
45 6 1.575598826 0.868306377 0.8157946293 0.7984106542 0.0259559892 -0.0056701869 0.0136472577 
46 5 1.5468428813 0.5933924094 0.7810422003 1.0182882897 0.1590455438 -0.2723332872 -0.1753667532 
47 5 1.5442986132 1.0313498512 0.785224142 0.5682842135 -0.3522106343 0.0921158392 -0.0657100061 
48 5 1.5197686514 0.8871212806 0.6230318058 0.7995436675 0.2117560732 -0.3036719284 -0.1669071787 
49 5 1.5009744586 0.5910578625 1.162773098 0.4990933648 0.2084458303 0.0419882409 0.1749666472 
50 4 1.4444315094 0.7071436107 0.6997582888 0.6794804858 0.0736021886 0.056300389 0.0212947991 
51 3 1.3730294266 0.5912512654 0.563765505 0.7301930361 0.3455897256 0.276432659 -0.3046890677 
52 3 1.2906930276 0.6067943062 0.3919448248 0.6671493605 -0.2992302353 -0.2230149145 -0.2681907912 
53 1 0.0 0.0 0.0 0.0 0.0 0.0 0.0 
