# Cluster list (50 data points):
# "Cluster Identifier" "Cluster Size" "Radius of Gyration" "Gyration Tensor.XX" "Gyration Tensor.YY" "Gyration Tensor.ZZ" "Gyration Tensor.XY" "Gyration Tensor.XZ" "Gyration Tensor.YZ"
1 54 3.5116017739 4.2344615791 3.2184484391 4.8784370001 -0.3045959446 0.385270142 -0.4121521535 
2 48 3.366925658 3.8660626336 3.2599003709 4.210225382 -0.1773350984 -0.442474576 0.6359664238 
3 45 3.3773652632 4.3520434055 2.9597113596 4.0948413558 -0.3127875492 -1.0061958304 0.0733994871 
4 37 3.1058255457 3.1052513218 3.661721233 2.8791797657 -0.7733130841 -0.1573593068 0.3923274389 
5 37 3.4456263704 3.340572411 3.6139917444 4.917776929 -1.0786632617 -1.6971734186 1.591780813 
6 36 3.0250003604 2.8851754561 3.0882614241 3.1771903001 -0.2253559918 -0.1581689179 -0.1359701821 
7 35 3.018026527 2.6674176094 2.815919669 3.6251468396 -0.4299502788 0.0360223406 0.2918400516 
8 34 3.6841157929 2.3053365643 2.4334070269 8.8339655846 -0.2593961534 0.3390082006 -2.1147452918 
9 33 2.9591219372 2.9199935154 2.4759859222 3.3604232017 0.4099267024 -0.1458477804 -0.2392006324 
10 32 2.9638789156 3.6678775729 2.5399416662 2.5767589874 0.2700304572 0.505137461 0.4358566695 
11 31 2.9111659186 2.4732925105 3.6744421702 2.327152325 0.2877777299 -0.0816846615 0.0951697929 
12 30 2.8552834046 2.9131774722 2.811915954 2.4275498942 0.1771895682 -0.0137858631 -0.0273036526 
13 29 2.8500059334 2.7195522851 2.66033698 2.7426445552 -0.616749294 0.4153094415 -0.0473749076 
14 29 2.8543758696 2.4599270046 3.1625458054 2.5249887951 0.3549406032 0.136805779 0.627966369 
15 27 2.7468273876 2.4007708494 2.3093129725 2.8349768752 0.0393973834 -0.1068583809 -0.0793498694 
16 26 2.7495276923 2.9549976095 2.2184090977 2.3864958233 0.2897058494 0.4671859202 0.5495623388 
17 25 2.6962061516 2.1989161295 2.2426160375 2.8279954448 0.2206105853 -0.0596368235 -0.0510774574 
18 23 2.6467810987 1.7136382858 3.0941617474 2.1976501513 0.195708379 -0.5523225884 -0.1194013269 
19 23 2.6750814224 2.8598071197 2.2563837538 2.0398697431 -0.2300629513 0.6179167667 0.2174484121 
20 22 2.5725418113 1.6554385392 2.2853146147 2.677218217 -0.0303635717 -0.2322889425 0.0244709904 
21 22 2.6048624863 3.1748417932 1.5060486395 2.1044181398 -0.4187659182 0.2854475147 -0.1288282735 
22 21 2.5493286995 1.9253103163 2.0728660355 2.5009004663 0.2545525629 -0.2263376533 0.5498584297 
23 21 2.5820928096 2.4557607137 1.8526220656 2.358820498 -0.3571155273 0.0837950839 -0.0250530761 
24 21 2.5444354075 2.4115899087 2.3702077595 1.6923538749 -0.4232757738 -0.4448826391 0.0171532146 
25 20 2.4941869851 2.0886157602 1.6870422575 2.4453106988 -0.0728273072 0.468233221 0.3611388603 
26 18 2.4576882611 1.8335206033 1.667293562 2.5394174234 -0.0472287023 0.2497086962 -0.6053052179 
27 18 2.4295504659 1.8622874658 2.2628868327 1.7775411678 -0.0392488575 0.4850098077 -0.0418482153 
28 17 2.3250324639 1.678818509 1.9544076747 1.7725497747 0.1169262609 -0.1182721224 -0.137275544 
29 16 2.3122101847 1.3433265587 1.9864550525 2.0165343271 0.1832266022 -0.2130438549 -0.4044632568 
30 16 2.3221074422 1.6651502175 1.6422793533 2.0847534023 -0.316460221 -0.5030082501 0.1468895117 
31 15 2.2676517915 1.8833967473 1.7714543426 1.4873935577 0.0211247486 -0.382813305 -0.1309528234 
32 14 2.1993614126 1.3523988304 1.3768046322 2.1079871605 0.0326241064 0.0515722789 0.188600296 
33 13 2.0668618784 1.3738876787 1.4789106453 1.4191197002 -0.0120608051 0.0258720214 0.0018833933 
34 12 2.179966025 1.6574130287 1.6801370237 1.4147018177 -0.4499129819 0.1011941153 -0.7215042002 
35 12 2.0469305421 1.5125618452 1.5307573413 1.1466054578 -0.0149639901 0.1194026252 0.0272988878 
36 11 2.0361094073 1.6892464201 1.4240115102 1.0324835883 -0.0354208201 0.1293718248 -0.0441923323 
37 9 1.8807178838 0.8545118185 1.3389919894 1.3435959506 0.0232337393 0.0350727154 -0.0152691876 
38 8 1.8148795813 1.403539924 0.9920360153 0.8982119553 -0.3109079405 0.1077201854 -0.027700854 
39 8 1.839524331 1.0002411518 1.409100184 0.9745084286 -0.2697681135 -0.1309874457 0.2828141469 
40 7 1.7376575533 1.2765026488 0.5196948356 1.2232562881 0.0949875478 0.0625689283 -0.2367176037 
41 7 1.7418954808 1.0578220216 0.6361476743 1.3402301699 -0.3955040174 0.1079738874 0.1600402338 
42 6 1.6117822014 0.8182004836 0.9769693317 0.8026720495 -0.0458412181 -0.0216710328 0.0444913668 
43 6 1.5972631868 0.820446199 0.8569926789 0.8738108099 0.0083209395 0.0279570247 -0.0383564333 
44 5 1.5697330741 0.8692159172 0.9132965179 0.6815494889 -0.4093759122 0.1546443531 -0.1166173659 
45 5 1.5513799363 0.8325895868 0.5895074951 0.984682625 0.0238316755 0.4061006855 0.0753144262 
46 5 1.5724146546 0.7051553076 0.9504688825 0.816863656 0.2439140517 0.2433009871 0.3376408058 
47 4 1.4179018398 0.6708269997 0.6770316234 0.6625870043 0.0298589336 -0.0420423832 0.0025030387 
48 3 1.3109436258 0.461165168 0.8397289858 0.4176790362 0.203339672 -0.3285922372 0.226160229 
49 3 1.3500414223 0.5144690644 0.5615906317 0.7465521457 -0.3563675144 -0.225724929 -0.2950822729 
50 1 0.0 0.0 0.0 0.0 0.0 0.0 0.0 
