# Cluster list (50 data points):
# "Cluster Identifier" "Cluster Size" "Radius of Gyration" "Gyration Tensor.XX" "Gyration Tensor.YY" "Gyration Tensor.ZZ" "Gyration Tensor.XY" "Gyration Tensor.XZ" "Gyration Tensor.YZ"
1 54 3.5085505355 4.2190266374 3.2263404966 4.8645597261 -0.3497059557 0.3683831321 -0.4211507896 
2 48 3.3656820316 3.6776628422 3.2331930245 4.416959671 -0.1650458869 -0.4569399073 0.5855638697 
3 45 3.4999264311 4.7319204815 2.9037993435 4.6137651978 -0.3496286196 -1.6708411418 0.027719202 
4 37 3.1024569175 3.0991198286 3.6040086273 2.9221104693 -0.8503980769 -0.1312245245 0.3607392076 
5 37 4.3372400945 5.5393804643 4.5962320152 8.6760391579 -2.9070196264 -4.77898027 3.8887273119 
6 36 3.028573875 2.8455374067 3.0704088023 3.2563135072 -0.1288848371 0.0274347537 -0.148209939 
7 35 3.007118444 2.616782998 2.8044054935 3.6215728446 -0.3955356195 -0.013416181 0.24011701 
8 34 4.1049223476 2.3451792375 2.6485670716 11.8566411706 -0.2701778832 0.5696626867 -3.0304415617 
9 33 2.9589168785 2.9453123409 2.4421517125 3.3677250405 0.3555869631 -0.1725126013 -0.202157454 
10 32 2.9532972775 3.6117177988 2.5571682772 2.5530787332 0.354043762 0.3612466825 0.4891648037 
11 31 2.899242799 2.396740022 3.7030077153 2.3058610701 0.2802305382 -0.0731197755 0.0039781639 
12 30 2.8509948972 2.9225924412 2.7751657647 2.4304136981 0.2077535989 -0.0357207505 -0.0119378254 
13 29 2.8676649111 3.0127814537 2.6608926406 2.5498279483 -0.5762721153 0.3865185732 0.0820682393 
14 29 2.8414989502 2.4121362883 3.1805460654 2.4814339304 0.2563268148 0.0696990282 0.6782423787 
15 27 2.731592491 2.373687281 2.295613136 2.7922971199 0.0458699239 -0.1556704198 -0.0473157648 
16 26 2.734627521 2.8912949519 2.2240623712 2.3628303553 0.3277869417 0.4371272775 0.5745418701 
17 25 2.6721073368 2.1085169661 2.3157643751 2.715876278 0.2152653329 0.0956363447 -0.06085868 
18 23 2.6510359142 1.7441717062 3.1493355545 2.1344841576 0.3051588622 -0.5494019818 -0.051563445 
19 23 2.6581503931 2.7083080803 2.2333078684 2.1241475638 -0.3903500637 0.648389693 0.0613439827 
20 22 2.577436799 1.6201618303 2.2927219892 2.7302966333 0.0184466478 -0.1688077686 0.0233656884 
21 22 2.6244680226 3.2995738998 1.5372864561 2.0509720456 -0.4575519566 0.2846410173 -0.0968444119 
22 21 2.546802828 1.9094819487 2.0951249425 2.4815977536 0.2523111159 -0.2424740987 0.5862262658 
23 21 2.5526882444 2.271717521 1.829148243 2.4153515091 -0.3263998389 0.098247461 -0.0852010669 
24 21 2.5461517057 2.4524571643 2.345744227 1.6846871168 -0.4429708706 -0.4390156674 -0.0878467345 
25 20 2.4916179728 2.1401526454 1.6329361926 2.4350712844 -0.023854741 0.4540373661 0.347586891 
26 18 2.4686978511 1.8539406376 1.5301338751 2.7103945672 -0.1113125643 0.288409737 -0.5979470948 
27 18 2.4230956847 1.9167144193 2.2104390577 1.74423922 -0.0201640644 0.458605288 -0.0445344241 
28 17 2.3413070107 1.7175790532 2.1173507179 1.6467887472 0.1076025809 -0.0387480632 -0.093874404 
29 16 2.3094531893 1.2901860816 1.9786488123 2.0647391396 0.1244107607 -0.1987954651 -0.3910262474 
30 16 2.3053413332 1.7020045796 1.6343308726 1.9782632105 -0.2579683132 -0.5448995299 0.120405965 
31 15 2.2667503938 1.8163238248 1.8015697153 1.5202638078 0.0391829989 -0.3780494034 -0.0810106419 
32 14 2.1848530931 1.3054830984 1.3394767311 2.128623209 0.0075114765 0.0969430118 0.1162212205 
33 13 2.0652565413 1.4378372887 1.413757943 1.4136893496 0.0127315032 0.0144457794 -0.0186051379 
34 12 2.1752914794 1.5588740403 1.7132414958 1.4597774844 -0.3001719591 0.1147021842 -0.7054573461 
35 12 2.0537125187 1.4973226294 1.5459383018 1.1744741785 -0.0177377856 0.0941703758 0.0174871018 
36 11 2.0253689579 1.6408456697 1.479390404 0.9818833421 -0.0800125731 0.1215181806 -0.0202717229 
37 9 1.8699592656 0.8422038263 1.3780481249 1.2764957038 0.1164857361 0.1116046886 -0.0059256007 
38 8 1.8226327998 1.2941067442 1.1737165695 0.8541670092 -0.4196930462 0.0527874713 -0.0817358287 
39 8 1.8094252601 0.9022451115 1.4252712509 0.9465034094 -0.2662919471 -0.1533506243 0.3007873683 
40 7 1.7382590666 1.2436274891 0.662767218 1.1151498755 0.2151900513 0.1005069217 -0.332333475 
41 7 1.7440671659 0.8500083049 0.8986268949 1.2931350794 -0.4306851866 0.1296303096 0.2033499401 
42 6 1.5998881665 0.9721285453 0.8600621762 0.7274514237 -0.0406907691 6.9632519207e-04 -0.0446715858 
43 6 1.5706789983 0.8486778448 0.7824502755 0.8359043953 -0.0128154761 -0.040164594 -0.0221528174 
44 5 1.554663823 0.8673016717 0.9149923747 0.634685556 -0.3205747177 0.1863846575 -0.3083797619 
45 5 1.5363192623 0.754747755 0.5498347817 1.055694339 0.0961999269 0.4053151988 0.1710397156 
46 5 1.5677686471 0.6467840627 1.0048088822 0.806305586 0.1557039911 0.1150278344 0.2886273156 
47 4 1.3790625742 0.6199903566 0.6479489071 0.6338743198 -0.0072057993 0.009407771 -0.0178297731 
48 3 1.3268445274 0.7557273926 0.7046756888 0.3001133186 0.1198777792 -0.204704969 0.3771096849 
49 3 1.2894692295 0.2982351169 0.6313251705 0.7331706065 -0.3615970518 -0.187871223 -0.116600802 
50 1 0.0 0.0 0.0 0.0 0.0 0.0 0.0 
