# Cluster list (134 data points):
# "Cluster Identifier" "Cluster Size" "Radius of Gyration" "Gyration Tensor.XX" "Gyration Tensor.YY" "Gyration Tensor.ZZ" "Gyration Tensor.XY" "Gyration Tensor.XZ" "Gyration Tensor.YZ"
1 39 5.2160986851 7.4919407122 4.6798553859 15.0358893942 -2.0942305538 -6.9051622898 5.0481572276 
2 35 3.7453722327 2.8688981146 3.0316912143 8.1272238326 0.6199664356 -1.0672779519 -0.6870519572 
3 33 3.3744765424 5.9776466094 3.0762636155 2.33318171 -0.3762497743 0.1237178502 0.0713812891 
4 32 6.0725467635 4.1538893414 1.719165643 31.0027692107 0.7596796101 8.3861669568 1.9403457603 
5 30 3.4132320776 2.7199455164 4.8508321537 4.0793755454 -0.2530051123 -0.309687449 -1.4498151869 
6 28 3.3847843577 3.3543107195 3.4732472675 4.6292071612 0.3270030094 -1.0003973934 -1.9379147522 
7 26 5.6316607127 8.8293593984 4.0905642894 18.7956786955 3.6359538793 9.4763672371 2.1916280505 
8 24 3.2931801487 2.4905909391 5.0222619725 3.3321825804 1.5120954968 -0.1275265819 1.5558789522 
9 24 3.0573844405 1.7310898533 3.990107496 3.6264022676 0.4809115588 -0.0367123741 1.1667663397 
10 23 3.3061488757 4.5417209722 2.317212881 4.0716865348 0.1780960883 -1.4750197726 -0.2518311272 
11 22 2.8866133467 3.3196477186 2.443585722 2.5693031726 0.2575600658 0.3266411533 -0.3647321205 
12 22 6.3106951512 27.9758224386 7.2533154181 4.5957354353 10.4883434788 6.0112497096 4.2496608147 
13 21 3.5726200699 4.3669920175 2.4586459751 5.9379761716 1.1078533375 -3.2028344313 -1.3535632775 
14 21 3.2978639063 2.1710656937 2.5061011965 6.1987394543 0.6086798072 1.5566179155 0.5992045551 
15 20 2.7541486479 2.6363696634 3.0355016414 1.9134634699 -0.3711709026 -0.0777946243 0.7945991626 
16 19 2.9020740738 3.8489338319 1.443273763 3.1298263349 -0.3754710777 -0.5888393157 0.2401052029 
17 19 2.9196548644 3.8680828826 2.7245556491 1.9317459954 1.321918593 -0.1328803659 0.2186295585 
18 18 2.9010880458 1.7433015831 4.9674178351 1.705592431 0.8707242236 0.1117309376 0.4290390077 
19 17 2.6205382743 2.4362545872 2.5478986842 1.8830675755 -0.3188103756 -0.9549927671 0.4207572046 
20 17 2.987418217 1.7466106795 5.2265116579 1.9515452658 1.0906824837 -0.3103344697 0.050371295 
21 15 2.5470641978 1.932118138 2.4112666948 2.1441511949 -0.2030888768 0.3417592925 -0.1605382406 
22 14 2.3723371168 1.5617417692 2.0479042962 2.0183373301 0.429203496 -0.0153841872 -0.230504064 
23 14 2.5549423027 1.4908145763 2.4429106583 2.5940049354 0.5601155808 -0.561376106 -0.8543802253 
24 14 2.6067879306 1.6212698632 2.5544128057 2.6196606461 0.5981087404 0.5179384553 -0.7030297338 
25 14 3.5576244485 5.1024939019 3.536295088 4.0179027264 -0.3694962431 0.1599914232 -2.6757001506 
26 13 3.4912795831 4.7848457599 5.5371171787 1.8670701889 -2.722256972 1.9551811993 -0.7049640358 
27 13 3.6617446085 1.4519894579 1.8490297765 10.1073543431 0.2923469793 0.8050745102 2.0343344346 
28 13 2.4444891179 2.0025168534 2.2280804287 1.7449297656 0.7354279167 0.0384122127 -5.8164512665e-04 
29 13 2.477582929 1.5189693212 3.1073149137 1.5121329352 0.7325336843 0.0480563518 0.1584755056 
30 12 2.7326837375 2.0503106897 3.3879097806 2.0293399391 -1.6428855099 0.1990362705 0.084711712 
31 12 2.5126732371 2.8681193826 1.9777737678 1.4676336463 -0.6990020499 0.9426093795 -0.253791444 
32 11 2.4335998538 2.1193946719 1.1996180062 2.6033955703 -0.3636720271 -0.2400456517 0.6732616896 
33 11 2.3879535759 1.3902644297 2.4452830295 1.8667748212 -0.324925524 0.5715534146 0.467446857 
34 11 2.6336896265 2.6288827033 1.4440382335 2.8634001121 0.762363854 1.4845914389 0.0582605894 
35 11 2.4844708722 2.0519245485 2.4489579086 1.6717130578 -0.53316881 -0.2059829937 1.2465985791 
36 11 2.4303830827 1.9508134946 1.0492463212 2.9067021127 -0.0092432571 0.5682310789 -0.8936167992 
37 11 4.0252474725 10.8661004457 3.1104777409 2.2260390285 4.255447745 3.4151155781 1.5987528236 
38 10 2.3312736065 2.8589376465 1.2973316107 1.2785673713 -0.0215434782 0.2852638286 0.0156592537 
39 10 2.0783760904 1.3410682292 1.5771804057 1.401398538 0.0119553768 0.1459114934 0.0478583837 
40 9 2.3089318046 1.5328378899 1.8674399032 1.9308882851 0.9512320861 -0.0958246556 0.2584557902 
41 8 2.4598298003 4.378176264 0.675539624 0.9970467584 0.3279908499 -0.6497235126 -0.1458471637 
42 8 2.0333983188 1.4728767566 1.5698511199 1.0919808464 -0.1715313823 -0.2451169677 -0.1336019126 
43 8 2.2992462597 1.0262539671 1.3398149145 2.9204644813 0.4390011202 0.0115093598 -0.8348781497 
44 8 2.0431060202 1.6688418794 1.4820262215 1.0234141087 -0.5234353847 0.1148169356 0.6413206944 
45 8 1.9907606519 1.5646689766 1.4879645509 0.9104944456 0.2123983494 -0.342654928 0.2578901394 
46 7 1.8761397343 1.9457646019 0.7705741408 0.8035615599 0.2238277751 -0.3825746576 -0.0632616848 
47 7 2.2010078972 1.3707822778 1.6579238722 1.8157296135 0.017033561 -0.1195362111 1.3051188943 
48 7 1.9268958725 0.8201279436 1.5696986631 1.3231010966 0.0227479395 -0.0898603104 -0.6936126126 
49 7 1.9242607374 1.3557940788 1.0428230087 1.3041622978 -0.1716786398 0.3040941945 0.0864622706 
50 7 2.6222545196 0.2602807202 2.2288193365 4.387118709 -0.0168060264 0.3567506353 1.2010343027 
51 6 1.9993967898 0.720823496 1.9311119792 1.3456520478 0.1081589327 0.1370186387 -0.3743203965 
52 6 1.8945083547 1.1165939414 0.6817713132 1.7907966513 -0.0220520466 -0.2423544831 -0.5377506283 
53 6 1.7291602268 0.78539205 1.3325958676 0.8720071722 -0.1507234666 -0.0919158605 0.267608655 
54 5 1.6655623636 0.9606980419 1.1922087431 0.621191202 0.0651499204 0.1334454993 0.3035820619 
55 5 1.9122676956 1.4203725455 1.8402555305 0.3961396637 -0.0357619187 -0.4576365113 -0.2739876355 
56 5 1.6976655228 1.7243799582 0.7206659606 0.4370223084 -0.1384329382 0.0880580644 -0.0878047632 
57 5 1.6021138268 0.8538051622 0.8952348612 0.8177286906 -0.1716276554 -0.1751899875 -0.0251091261 
58 5 1.7231617233 0.6970333021 0.8509245749 1.4213284479 -0.0622673063 0.2326359784 0.2848994983 
59 4 1.6844154196 1.4350729601 0.5279148374 0.8742675082 0.2876039689 -0.3845162047 -0.6230938319 
60 4 1.6405543348 0.043808902 2.1030533654 0.544556258 -0.0058184814 -0.1429823697 0.0754043251 
61 4 1.9587001013 1.0392715348 2.0322144382 0.7650201138 0.8589498328 0.4978748239 -0.1813532475 
62 4 1.801028367 0.5019749436 1.9581616955 0.7835665397 -0.2547904791 0.4097202556 0.3579468922 
63 4 1.6269279215 0.9843322839 1.3492838031 0.3132783748 -0.4626969243 -0.0199507304 0.6037030939 
64 4 1.5743613514 0.6302809007 0.9427990956 0.9055336685 0.0049631352 0.2149440236 0.0169513327 
65 3 1.4220347735 0.673239935 0.6956991753 0.6532437866 0.1234164355 0.5628825127 -0.2474176356 
66 3 1.722530204 0.1352613274 1.2152843179 1.6165646583 -0.0555929453 0.2414292062 -1.2882589108 
67 3 1.3673847341 0.7901295038 0.2806132672 0.7989982401 -0.0881871511 0.001158121 -0.4652580385 
68 3 1.7580731917 0.5869882391 2.0336533346 0.4701797737 -0.49484687 0.4103682888 0.198366459 
69 3 1.5871474204 0.8733582215 0.4747573098 1.1709214027 0.6389145005 -0.3000060535 -0.3080819082 
70 3 1.7907589455 1.4270956632 0.2765292348 1.5031927028 0.5329693622 -1.3166477369 -0.6412198895 
71 3 1.7653626641 1.7303756301 1.0613090171 0.3248206886 -0.1567412223 -0.7320712239 -0.0594423609 
72 3 1.5218300709 0.4323745974 0.8563691993 1.0272229678 0.2708378623 0.1896067258 -0.6864100641 
73 3 1.3933663546 0.9727852223 0.119479083 0.8492054927 0.3364247587 -0.0870609214 0.0212188548 
74 3 1.3677926592 0.4128323448 0.4120014074 1.0460230064 0.1947732102 -0.4065206752 0.2628465523 
75 3 1.3089504194 0.9155189182 0.6118482515 0.1859840308 0.0817227213 -0.0917291508 -0.3351147207 
76 3 1.8227529703 0.4026488479 0.8367464997 2.0830330432 0.5630939663 0.828989627 1.0231562712 
77 3 1.5702752594 0.3259588272 0.90650936 1.2332962029 0.1454970265 0.4387887808 -0.5395356226 
78 3 1.3658691291 1.0404907282 0.4226466675 0.4024610821 0.092807382 0.2797838107 -0.3432742279 
79 3 1.3820016864 0.386333927 0.4023083286 1.1212864055 -0.391768941 0.1305331144 -0.2059628132 
80 3 1.566184579 1.3286383057 1.0443333698 0.0799624598 -0.7975049977 0.28276849 -0.0639494206 
81 3 1.2565195056 0.6874021447 0.5640962546 0.3273428686 0.2027049224 -0.1827847869 0.3210316328 
82 3 2.1223709738 0.2529215707 1.2502952539 3.0012417258 -0.1453871113 0.0436330409 -1.8939939071 
83 3 1.7368302409 0.559451243 1.3468253353 1.1103027074 -0.5922775078 -0.6789308557 1.1727850585 
84 2 1.2488763083 1.2877909644 0.0099161388 0.2619849304 -0.1130040438 0.5808457852 -0.0509693921 
85 2 1.1323577109 1.2226115414 0.0197324986 0.0398899455 -0.1553228267 -0.2208390992 0.0280558067 
86 2 1.0810570345 0.2862110611 0.0037127281 0.8787605227 -0.0325979115 0.5015087054 -0.0571191635 
87 2 1.296314642 0.0843064223 0.703990991 0.8921342379 0.2436205282 0.2742492403 0.7924988746 
88 2 1.3084748077 1.0482453151 0.3994022637 0.2644587436 0.6470483381 0.5265146143 0.3250006475 
89 2 1.1309238626 1.2726042021 0.0062642635 1.2031728426e-04 0.0892856543 -0.0123740164 -8.6815849551e-04 
90 2 1.0993793415 0.0556292039 0.5808040129 0.5722017197 0.1797488939 0.178412797 0.5764868212 
91 2 1.1463569784 0.731646493 0.009767307 0.5727205221 -0.0845352937 -0.6473244638 0.0747926276 
92 2 1.2284458418 1.0708910863 0.0045122125 0.4336758874 -0.0695132227 0.681483413 -0.0442361589 
93 2 1.3188019402 1.0758688549 0.0441947954 0.6191749071 0.2180545893 -0.8161807387 -0.1654216078 
94 2 1.5614717692 0.5820307715 0.2893163088 1.5668470057 -0.4103547178 -0.9549623928 0.6732862631 
95 2 1.1064053866 0.6192619594 0.5909145407 0.0139563794 -0.6049222234 -0.0929658801 0.0908131462 
96 2 1.1139291037 0.6871682608 0.0083613103 0.5453084769 -0.0757999147 -0.6121426938 0.0675240209 
97 2 1.6996820016 0.0079805655 2.8156807099 0.0652576312 0.149902383 0.0228208852 0.4286544684 
98 2 1.1912806061 0.0666747144 1.2681373296 0.0843374385 0.2907794599 0.0749878299 0.3270343315 
99 2 1.1068910926 0.0332507978 1.1787600973 0.0131969957 0.1979765483 -0.0209478074 -0.1247240632 
100 2 1.0689196551 0.4033482335 0.1235405418 0.6157004538 0.2232260274 0.4983389312 0.2757969682 
101 2 1.1978804054 1.3623059563 0.0725366074 7.4902004599e-05 -0.3143517971 -0.0101014577 0.0023309091 
102 1 0.0 0.0 0.0 0.0 0.0 0.0 0.0 
103 1 0.0 0.0 0.0 0.0 0.0 0.0 0.0 
104 1 0.0 0.0 0.0 0.0 0.0 0.0 0.0 
105 1 0.0 0.0 0.0 0.0 0.0 0.0 0.0 
106 1 0.0 0.0 0.0 0.0 0.0 0.0 0.0 
107 1 0.0 0.0 0.0 0.0 0.0 0.0 0.0 
108 1 0.0 0.0 0.0 0.0 0.0 0.0 0.0 
109 1 0.0 0.0 0.0 0.0 0.0 0.0 0.0 
110 1 0.0 0.0 0.0 0.0 0.0 0.0 0.0 
111 1 0.0 0.0 0.0 0.0 0.0 0.0 0.0 
112 1 0.0 0.0 0.0 0.0 0.0 0.0 0.0 
113 1 0.0 0.0 0.0 0.0 0.0 0.0 0.0 
114 1 0.0 0.0 0.0 0.0 0.0 0.0 0.0 
115 1 0.0 0.0 0.0 0.0 0.0 0.0 0.0 
116 1 0.0 0.0 0.0 0.0 0.0 0.0 0.0 
117 1 0.0 0.0 0.0 0.0 0.0 0.0 0.0 
118 1 0.0 0.0 0.0 0.0 0.0 0.0 0.0 
119 1 0.0 0.0 0.0 0.0 0.0 0.0 0.0 
120 1 0.0 0.0 0.0 0.0 0.0 0.0 0.0 
121 1 0.0 0.0 0.0 0.0 0.0 0.0 0.0 
122 1 0.0 0.0 0.0 0.0 0.0 0.0 0.0 
123 1 0.0 0.0 0.0 0.0 0.0 0.0 0.0 
124 1 0.0 0.0 0.0 0.0 0.0 0.0 0.0 
125 1 0.0 0.0 0.0 0.0 0.0 0.0 0.0 
126 1 0.0 0.0 0.0 0.0 0.0 0.0 0.0 
127 1 0.0 0.0 0.0 0.0 0.0 0.0 0.0 
128 1 0.0 0.0 0.0 0.0 0.0 0.0 0.0 
129 1 0.0 0.0 0.0 0.0 0.0 0.0 0.0 
130 1 0.0 0.0 0.0 0.0 0.0 0.0 0.0 
131 1 0.0 0.0 0.0 0.0 0.0 0.0 0.0 
132 1 0.0 0.0 0.0 0.0 0.0 0.0 0.0 
133 1 0.0 0.0 0.0 0.0 0.0 0.0 0.0 
134 1 0.0 0.0 0.0 0.0 0.0 0.0 0.0 
