# Cluster list (61 data points):
# "Cluster Identifier" "Cluster Size" "Radius of Gyration" "Gyration Tensor.XX" "Gyration Tensor.YY" "Gyration Tensor.ZZ" "Gyration Tensor.XY" "Gyration Tensor.XZ" "Gyration Tensor.YZ"
1 53 3.5832365603 4.2618110438 3.6947810697 4.8829921336 0.1320913439 0.6476207586 -0.8702980726 
2 44 3.2449144555 3.7156858455 3.5340801628 3.2797038153 -0.1641216254 -0.3176903892 0.3626958798 
3 37 3.1489036726 2.3590219439 4.8369299271 2.7196424684 0.197830824 0.0928852529 0.372294768 
4 36 3.438480668 3.6196124305 5.1332648767 3.0702719971 -1.366028375 -0.9615475057 0.3391357798 
5 35 3.0234442509 2.902823244 2.4608413613 3.777550533 -0.3442250513 0.0399021154 -0.1173428354 
6 32 2.9773301441 3.8446162356 2.3062824786 2.7135960726 0.2598027703 0.3013007947 0.3278798855 
7 32 2.9362350846 2.4859451558 3.2534656327 2.8820656838 -0.198070276 0.3821536652 -0.4373331124 
8 30 2.8421682507 2.5968136111 2.840605554 2.6405012002 -0.039207253 -0.0851875054 -0.2200945239 
9 29 2.8702233478 2.9347821662 2.9079687693 2.3954311305 -0.3323838638 0.2649844788 -0.6509619276 
10 29 2.8475648545 2.7452455727 3.1908505354 2.1725294928 0.5902174063 0.150585154 0.2756854864 
11 29 2.8947904993 2.4578346018 1.9613150707 3.9606623625 0.3070237828 -0.8604943385 0.2565410156 
12 27 2.7447513136 2.5314434582 2.3515194098 2.6506969054 0.0359092996 -0.2607002899 -0.0888470723 
13 26 2.7601668545 2.4018426534 2.9174645586 2.2992138528 -0.3039520814 -0.013222103 -0.3737953782 
14 26 2.7396311727 2.5351517682 2.6510978985 2.3193292958 0.3803040437 0.1524357854 0.7122461334 
15 25 2.6946575086 2.4702874829 2.4185896029 2.3723020026 -0.0374794509 0.0196515157 -0.292931085 
16 25 2.7415346777 2.9914075162 2.1540112132 2.3705936595 -0.0357436805 0.3657777952 -0.4464728546 
17 23 2.6570535426 1.5995986081 3.0574611571 2.4028737633 0.2005019718 -0.492067467 -0.2415011594 
18 23 2.6691941657 2.9186628645 2.3029642744 1.9029703552 -0.06932177 0.6830981811 0.1382219489 
19 22 2.6097225824 2.0356029053 2.39496594 2.3800831119 -0.1988027169 -0.1720931582 0.0874956763 
20 22 2.5794002438 2.0420330583 2.3225232108 2.2887493483 0.0803586918 0.4959329334 0.3123243124 
21 21 2.5464269114 1.8877063352 1.8696814171 2.7269022628 0.3699726987 -0.1054864233 0.4770074927 
22 21 2.5750918541 2.4068509517 1.877322323 2.3469247824 -0.3880949856 0.1338479034 -0.0346737051 
23 21 2.5429361137 2.7971289589 2.1983375736 1.471057546 -0.1593434404 0.1001767329 -0.2046671237 
24 20 2.4919407533 2.4500648541 1.5999893809 2.1597144829 0.2241045114 0.3848886256 0.3114996563 
25 18 2.4817294426 1.816099219 1.4340476983 2.9088341089 0.0307381386 0.4408212119 -0.3584223977 
26 18 2.4245933811 1.5310289643 2.2633762216 2.084247878 -0.164001698 0.3370077078 0.0330860263 
27 17 2.3387699806 1.7685835032 1.8362337489 1.8650277699 0.0603110002 -0.1925221667 -0.2206121511 
28 16 2.311757535 1.7760222208 2.0925481672 1.4756525126 -0.3721281795 -0.0017187634 -0.393589754 
29 16 2.3068533605 2.0272187097 1.6532607597 1.6410929576 0.1027473386 -0.5952289682 -0.141013196 
30 15 2.2681802799 1.8819323248 1.4559769809 1.8067324762 -0.1171932871 -0.2934287932 -0.2188961988 
31 14 2.1938324276 1.2930357725 1.4446641182 2.0752008299 0.0134820691 0.062315041 -0.1979359687 
32 13 2.2811122718 1.5715371874 2.2964112317 1.3355247773 0.5676736869 -0.2296761056 0.5783260004 
33 13 2.0827929546 1.4184702404 1.4443986333 1.4751576182 -0.0320038268 -0.0329236798 0.0045747884 
34 12 2.4107968881 1.3663278513 2.4750417504 1.9705720341 0.038304099 -0.4694578417 -1.4043941587 
35 12 2.0663050377 1.3071583028 1.4117148279 1.5507433782 -0.1982777258 -0.0616635327 -0.0541130556 
36 12 2.0790694637 1.5157379768 1.6293191643 1.1774726939 -0.0266003205 0.1929772872 -0.0080816843 
37 11 2.033637328 1.2389180345 1.4143646308 1.4823981164 -0.3177528123 0.0047833364 0.1475146165 
38 11 2.0476274059 1.3526167527 1.3224921901 1.5176690505 0.1362103926 0.1784182079 -0.3250255965 
39 11 2.0356132051 1.4575414509 1.7228570146 0.9633226552 0.0345329375 0.0034796437 0.0962041296 
40 9 1.8853119006 1.1733654168 1.0895870873 1.2914484584 0.2124972632 -0.0648452138 0.1859200455 
41 8 1.8012708641 1.5401055192 0.8675247379 0.8369464688 0.1299055015 -0.1730712751 -0.0116694155 
42 8 1.7902670953 1.0194581478 1.1236261664 1.0619719582 -0.2505261241 -0.1212551628 0.3265898809 
43 7 1.7313588729 0.4405293983 1.2668851306 1.2901890178 0.1483128806 -0.0371333865 -0.0058220029 
44 7 1.7174059444 0.7966496904 1.2153233437 0.9375101437 0.0478775826 -0.4055557089 0.0143072307 
45 7 1.7521259212 1.2082154792 1.0721538445 0.78957592 -0.0343084606 0.0305358901 0.4350218659 
46 6 1.6238038424 0.8255786889 0.8748285361 0.9363316937 0.0386674423 -0.0307383873 -0.0687178815 
47 6 1.6005289068 0.8759523962 0.8653627636 0.8203776215 0.0246732743 0.0104941113 0.0119313248 
48 5 1.5720172315 0.9780638512 0.5848378423 0.9083364826 0.2259649469 -0.3645163888 -0.148079314 
49 5 1.5400905318 0.8447740624 0.8164357286 0.7106690553 -0.3485163668 -0.2653350189 0.2476581868 
50 5 1.5421702087 0.5982709033 1.2092892235 0.5707288259 0.1942981 0.1210965813 0.2219837903 
51 5 1.6078298783 0.7863981959 1.0767898679 0.7219288536 0.3112649146 0.2241300089 0.3443481905 
52 5 1.5181754089 0.6380752332 0.6090222994 1.0577590395 0.0830290497 0.2702959509 0.2193305916 
53 4 1.3900977157 0.630245531 0.6314916135 0.6706345147 0.0154884894 0.0256066537 -0.0386345696 
54 4 1.4532264245 0.6403746011 0.6899047967 0.7815876431 0.0046520941 0.0912980322 0.0485537539 
55 3 1.2681194823 0.6209336495 0.3534676561 0.6337257159 0.2727106288 -0.1957909414 0.2796199966 
56 3 1.3242405504 0.0998459317 0.6853869075 0.9683801961 0.2615943803 0.0036204366 0.0057040742 
57 2 1.1167255961 0.0471786541 0.118854814 1.0810425889 -0.0748826426 -0.2258365214 0.358450995 
58 1 0.0 0.0 0.0 0.0 0.0 0.0 0.0 
59 1 0.0 0.0 0.0 0.0 0.0 0.0 0.0 
60 1 0.0 0.0 0.0 0.0 0.0 0.0 0.0 
61 1 0.0 0.0 0.0 0.0 0.0 0.0 0.0 
