# Cluster list (48 data points):
# "Cluster Identifier" "Cluster Size" "Radius of Gyration" "Gyration Tensor.XX" "Gyration Tensor.YY" "Gyration Tensor.ZZ" "Gyration Tensor.XY" "Gyration Tensor.XZ" "Gyration Tensor.YZ"
1 54 3.5133350561 4.2095702034 3.1281255905 5.0058274222 -0.3669324008 0.3498318072 -0.2190933987 
2 48 3.3571838224 3.8698886328 3.3207547502 4.0800398347 -0.0948747876 -0.5028935077 0.5282308396 
3 45 3.3315414695 4.1784194933 2.9412852514 3.9794638182 -0.4641861713 -0.7034496648 0.6129560568 
4 37 3.1171799053 2.7163248581 4.1218310812 2.8786546227 -0.5631457482 0.0439293641 0.4083086292 
5 37 3.2522578566 2.5351666984 4.0388216185 4.0031928487 -0.779141715 -0.795090023 1.3913168891 
6 36 3.0360411172 3.0126515123 3.0396197783 3.1652743749 -0.1452380657 -0.1081637909 -0.1942195005 
7 36 3.0829040887 3.8126726777 2.4444032552 3.2472216873 0.2322061928 0.323453812 -0.4005884532 
8 35 3.0062333755 2.6895017672 2.6714104423 3.6765268983 -0.4226973718 -0.1185779031 0.1929702909 
9 34 2.996102376 2.6845045459 2.7363042198 3.5558206816 -0.0798699044 -0.5400851549 -0.4705403893 
10 32 2.9527736232 3.457611252 2.4147482492 2.8465125689 0.4345832492 0.4151315846 0.4604277054 
11 31 3.0565962614 3.6072008854 3.4396740417 2.2959057782 -1.3834251058 0.4374490021 0.1568571001 
12 31 2.8991158182 2.4948989121 3.5570451425 2.3529284728 0.3645413604 0.037705945 0.3391846049 
13 30 2.8628343483 2.9069540518 2.6982822726 2.5905841815 0.0788711882 -0.3129864141 -0.1555510471 
14 29 2.8244535148 2.7650052766 2.6642069568 2.5483254238 -0.1298120644 -0.1953541809 0.0895899025 
15 29 2.8309587711 2.4335993527 3.1561277522 2.4246004588 0.2649536406 0.0953710072 0.5593103169 
16 27 2.7401239934 2.3674164992 2.361646491 2.7792165088 0.0567749652 -0.1182243794 -0.1485407564 
17 26 2.7578253983 3.0837867331 1.8523499228 2.6694642714 0.18203384 0.4442257386 0.2177067896 
18 25 2.6953483919 2.333859988 2.2008557573 2.7301872084 0.2050268617 -0.1451799753 0.1253604269 
19 23 2.6724237136 2.0771449543 3.0780129846 1.9866905662 0.499593844 -0.6105021787 0.1063198143 
20 22 2.6221116841 2.9194708099 1.8424270943 2.1135717796 -0.855661555 0.3417437701 -0.1221779668 
21 22 2.5868814813 1.8402655113 2.2105583028 2.6411319842 0.1003215711 -0.4586350384 0.0524867894 
22 21 2.5514694509 2.0408669173 2.2202662688 2.2488631731 0.2028809098 -0.3102692615 0.6197152181 
23 21 2.5684824093 2.5383962496 1.7148655986 2.3438400389 -0.2374720914 0.0437158556 -0.1133285566 
24 21 2.5419079087 1.9364422277 2.4458826566 2.0789709321 -0.4057291609 -0.5226630902 0.2052260122 
25 20 2.4964040155 1.9262877702 1.466226467 2.8395187715 -0.0070149479 0.2181077438 0.2094442115 
26 18 2.4499983783 1.7510152123 1.9398008969 2.3116759446 0.1592467129 -0.056866447 -0.7384009519 
27 18 2.4108525618 1.911107902 2.2664097994 1.6346923734 -0.0773263147 0.4209283344 -0.0966439574 
28 17 2.3584328728 1.7082729106 1.9898242702 1.8641084346 0.2554651064 -0.103307114 -0.1840391529 
29 16 2.3069518959 1.237414747 2.2368101182 1.847802185 -0.058150497 0.0503836164 -0.3568839257 
30 16 2.3067841448 1.9058153874 1.823252913 1.5921847902 -0.526409819 -0.2972269648 0.0660890749 
31 15 2.2668606105 1.7106280239 1.8409867665 1.5870422373 0.0338409832 -0.3028820947 -0.2614084998 
32 14 2.1661276234 1.4369440517 1.3851683966 1.8699964326 -0.02497535 0.1587847091 0.0231883442 
33 13 2.0677478557 1.4531601448 1.3561202584 1.4663007915 -0.0249772839 -0.0172959346 -0.002481365 
34 12 2.1893045976 1.8852039447 1.4482065209 1.4596441553 -0.1327117063 0.6411492346 -0.5293312831 
35 12 2.0714618726 1.4960954922 1.4711003863 1.3237584109 0.0409669144 -0.0506557092 0.1930354419 
36 11 2.029384057 1.6508144523 1.2740445221 1.1935406765 -0.1158910261 -0.1284609741 -0.1819121729 
37 9 1.8559953499 0.8770630759 1.3130776773 1.2545779857 -0.1392725744 -0.1789428518 -0.0259548605 
38 8 1.8434359125 1.0040700246 1.4178138477 0.9763720911 0.3267800159 0.1875014586 0.1562050366 
39 7 1.7498088345 1.293079016 0.5069076403 1.2618443011 -0.2392436603 0.0246011415 0.0928927826 
40 7 1.7172782845 0.4798611934 1.2261000904 1.2430834226 0.244017068 0.0510447668 -0.0524899656 
41 6 1.6007036777 0.8053887293 0.8951576845 0.8617058501 0.0497886491 -0.0503768785 -0.0072410476 
42 6 1.5840560276 0.7851086759 0.8919956254 0.8321291973 -0.035467862 0.0354563372 -0.0165248039 
43 5 1.5577317216 0.7526107897 1.1339931527 0.5399241742 0.3781881445 0.0483347675 0.0438888363 
44 5 1.5916437287 0.6943754474 0.6761481539 1.1628061579 0.0199158233 0.0440685732 -0.3339337297 
45 5 1.5769878951 1.1373062072 0.7564519376 0.5931326767 0.2818910833 0.1877476793 0.0322495217 
46 4 1.441675166 0.7384249648 0.5645640096 0.7754383098 0.012890914 0.049827463 -0.0287119553 
47 3 1.2919630389 0.3742056811 0.6317731261 0.6631896867 -0.3397814763 0.2509022964 0.1721736824 
48 1 0.0 0.0 0.0 0.0 0.0 0.0 0.0 
