# Cluster list (52 data points):
# "Cluster Identifier" "Cluster Size" "Radius of Gyration" "Gyration Tensor.XX" "Gyration Tensor.YY" "Gyration Tensor.ZZ" "Gyration Tensor.XY" "Gyration Tensor.XZ" "Gyration Tensor.YZ"
1 54 3.5102751024 4.2909219673 3.2388646812 4.7922446461 -0.2869796532 0.4689147653 -0.481495039 
2 48 3.365052734 3.6157137608 3.1932325606 4.5146335813 0.0798186375 -0.403321434 0.4910025654 
3 45 4.9216197059 11.1303414083 2.77874268 10.3132564412 0.293865861 -8.1707922007 -0.4537130469 
4 37 3.1072825221 3.1708504107 3.6887080254 2.7956462362 -0.8631489731 0.0278200664 0.1353699752 
5 36 3.0237039615 2.9384371427 3.0240964952 3.1802520092 -0.1692168789 -0.00747693 -0.1103887142 
6 35 3.0105401458 2.7056345632 2.686525558 3.6711918484 -0.3485353929 0.1511421129 0.3309937449 
7 33 2.9858290461 2.9264186796 2.5087324991 3.4800239137 0.4704635576 -0.2301031368 -0.0994061655 
8 32 2.9530838826 3.460867118 2.7234780178 2.5363592819 0.550423876 0.1763329264 0.5357275333 
9 31 2.8979502413 2.4888791967 3.5322117853 2.3770246191 0.2382522336 -0.2117715632 -0.312917689 
10 30 2.8524450727 2.9109820375 2.7929196491 2.4325412062 0.2477095318 -0.0720495442 -0.0790923797 
11 29 2.9678621022 3.6825962111 2.6761218579 2.4494873889 -0.6867670872 0.7822111986 -0.1532614929 
12 29 2.8508200126 2.3780859419 3.0313481219 2.7177406805 0.2175166526 -0.0085223314 0.7039176746 
13 29 2.8816673371 2.762910397 2.4211852533 3.1199109915 -0.1786540124 0.0770696121 -0.8036272291 
14 27 2.7439562607 2.3965089428 2.297592594 2.8351944241 -0.0089508227 -0.1134354463 -0.0722216111 
15 26 2.7383332816 2.8783418951 2.3480274597 2.2720998061 0.2250572564 0.4633144106 0.5383137245 
16 25 2.7015213877 2.3554087988 2.6797036583 2.263105351 0.0226860265 0.1469935318 -0.264872865 
17 25 2.7007353101 2.2891775201 2.2864683153 2.71832538 0.2204213316 0.1244880299 -0.2075006543 
18 23 2.6563497784 1.9547994213 3.1398046763 1.9615900477 0.1727619777 -0.6170883224 -0.2085454386 
19 23 2.6651859985 2.4932318552 2.3328155092 2.2771690422 -0.3433673244 0.7654884274 -0.1067430116 
20 22 2.6330929115 3.2886811453 1.5743982893 2.0700988462 -0.5371694851 -0.027384187 0.037363573 
21 22 2.5882642652 1.7153240068 2.1944724418 2.789315458 -0.096820337 -0.2524944822 0.0232538158 
22 21 2.5519130083 1.6604445236 2.6543056272 2.197509851 0.0033272346 -0.3793965007 0.3863631386 
23 21 2.5744206097 2.2627669993 1.9898082425 2.375066234 -0.4329763697 0.0916578071 -0.0676601876 
24 21 2.5421978041 2.5309017897 2.2509358872 1.6809319981 -0.4416524829 -0.3585838684 -0.1643048141 
25 20 2.4897710782 2.4156481029 1.6805346679 2.102777251 0.1820180672 0.4648431545 0.4469872697 
26 18 2.4590868963 1.7722312546 1.455421364 2.8194557451 -0.0746237856 0.2900066277 -0.3052561233 
27 18 2.4221610975 2.112233928 2.1943282025 1.560302252 -0.0777137905 0.4257607138 0.0268057789 
28 17 2.352169881 1.6666855544 1.8085455497 2.0574720452 -0.014271217 0.0104139657 -0.3152346842 
29 16 2.3051757019 1.274269563 1.7258335949 2.3137318587 0.0999606135 -0.1858748128 -0.2866423249 
30 16 2.3284970993 1.6158325491 1.6569568838 2.1491093086 -0.0971010472 -0.5069441923 0.1592120988 
31 15 2.2692539118 1.9350627364 1.8248957273 1.3895548524 0.1499169905 -0.3037535967 -0.0560801265 
32 14 2.1967975299 1.4796273437 1.3059548691 2.0403371748 -0.0475073735 0.2829856956 -0.0927079324 
33 13 2.0622888113 1.4308868517 1.3979701377 1.4241781517 0.0248650075 0.0078906152 0.0125841401 
34 12 2.1754401249 1.6679338246 1.8357454991 1.2288604135 -0.3798461087 0.009528743 -0.6360464777 
35 12 2.0482533762 1.4557899074 1.4805988946 1.258953091 0.0534407161 0.0839539687 -0.1327403256 
36 12 2.0828373956 1.5761688761 1.5190909435 1.2429517968 0.0233239537 0.1187833711 -0.061004166 
37 11 2.0288396848 1.3082289583 1.3427612418 1.4652002666 0.0958169435 0.2775700227 -0.246807134 
38 9 1.8946866058 0.9477750939 1.3865144635 1.255547777 -0.0777814495 -0.2428540844 -0.0587826623 
39 8 1.8143632094 0.8558176287 1.4986654864 0.9374307406 -0.0528287498 -0.0529577602 0.3221490169 
40 8 1.835716054 1.0050058694 1.3849862527 0.9798613088 -0.2679876258 -0.153511264 0.2946734367 
41 7 1.7008267877 0.928964083 1.2279450728 0.7359026061 0.1279785735 0.3911675428 -0.127468193 
42 7 1.7413702399 1.0391580429 0.6762024063 1.3170098632 -0.4187706741 0.0740265566 0.1648299778 
43 6 1.6069825424 0.8536118366 0.849688376 0.8790926789 -0.0458579447 -0.022187413 -0.0602061934 
44 6 1.6246223478 0.8912799753 0.9948903119 0.7532274858 0.0311854779 -0.024387483 0.1331387747 
45 5 1.5611105168 0.6203794364 0.4766505957 1.3400360135 0.0495354471 -0.190678357 -0.1319563709 
46 5 1.5552560484 1.2677127107 0.6015827713 0.5495258941 -0.259568482 0.080582091 -0.0354862614 
47 5 1.56111483 1.0283023518 0.5138363642 0.8949407964 0.0627374331 -0.4091737055 -0.083702478 
48 5 1.5403355304 0.5348424194 1.0312250382 0.8065660886 0.1701466985 0.0142040403 0.2181482072 
49 4 1.3464651621 0.595476322 0.6035574583 0.6139346525 0.0334117154 0.0205422777 0.0112208474 
50 3 1.3192451465 0.9356128278 0.1118628581 0.6929320705 -0.0819981887 -0.0698227216 -0.2621868703 
51 3 1.3535706796 0.1867178214 0.8490097336 0.7964260297 0.2602092334 -0.2869963192 0.0157470945 
52 1 0.0 0.0 0.0 0.0 0.0 0.0 0.0 
