# Cluster list (64 data points):
# "Cluster Identifier" "Cluster Size" "Radius of Gyration" "Gyration Tensor.XX" "Gyration Tensor.YY" "Gyration Tensor.ZZ" "Gyration Tensor.XY" "Gyration Tensor.XZ" "Gyration Tensor.YZ"
1 53 4.7518023854 4.6601264411 4.7331055007 13.186393968 -1.0591431848 3.4081741062 -4.7334999433 
2 44 3.2548982121 3.6788240477 3.4609679172 3.454570406 -0.2080205467 -0.4189694807 0.6704294141 
3 37 3.192222502 2.4454534459 4.6520226024 3.092808454 0.1589126459 -0.0617320066 0.8005328679 
4 35 3.0138006933 2.8502747864 2.4717841283 3.7609357043 -0.3025746221 -0.0213556622 -0.2297212296 
5 33 2.9673075807 2.810920341 2.8023863362 3.1916076012 0.3516114411 -0.5618054174 -0.2884576961 
6 32 2.9364237787 2.334627587 3.2486215096 3.0393355116 -0.12237106 0.2890994727 -0.5181633949 
7 32 2.9729768894 3.7574312581 2.2804903492 2.8006699775 0.2054549318 0.4222943675 0.3561597753 
8 30 2.8550308523 2.6636171174 2.7883528037 2.6992312464 -0.114237728 -0.0916827527 -0.2952633889 
9 29 2.8476039144 2.6491173614 3.32831509 2.1314156019 0.5758362285 0.0884698624 0.2332370452 
10 29 2.8853886355 2.2990257833 1.9865830111 4.0398587834 0.3519078586 -0.5867810169 -0.0077772695 
11 29 2.8873503217 2.8998784164 3.0558810366 2.3810324272 -0.3627482219 0.1432707337 -0.6747705244 
12 27 2.7405637455 2.5633270168 2.2929966197 2.654366007 0.0558365891 -0.2487006223 -0.0840898939 
13 26 3.1155754632 2.1924889 4.1966096201 3.317711947 0.021580557 -0.2443012319 -1.5277127709 
14 26 2.7452598498 2.611480548 2.6108062687 2.3141648261 0.4682691493 0.201029791 0.6076428647 
15 25 2.7012189066 2.5075890114 2.4673295272 2.321665043 -0.0850258696 0.0651072969 -0.3321950262 
16 23 2.728823855 1.7118918109 3.333845451 2.4007423698 0.3352309723 -0.6256087987 -0.4415769772 
17 23 2.6696384039 3.2126335652 2.3001137466 1.6142218956 -0.2437076721 0.2137560273 0.171604575 
18 22 2.5972223307 2.0726702714 2.3514841494 2.321409414 -0.2119568499 -0.1595906839 0.0962262004 
19 22 2.6089040992 3.1157234372 1.7067436412 1.9839135204 -0.1051500239 -0.0775207489 -0.3836704602 
20 22 2.568594152 1.9011548075 2.4033317213 2.2931893887 0.2332771459 0.4228206835 0.1170651251 
21 21 2.5533265817 1.8709347333 1.7135057765 2.9350361228 0.3359079727 0.0103727782 0.2329469962 
22 21 2.5576675268 2.2158751736 1.894688954 2.4310990501 -0.3269985502 0.1119574454 -0.0907940056 
23 21 2.548762571 2.7988082001 2.2050454404 1.4923370026 -0.2514617228 0.0935063878 -0.0950308629 
24 20 2.501716761 2.4598316308 1.681579584 2.1171755373 0.3902567897 0.3664574134 0.3965831349 
25 18 2.4658453509 1.8784201348 1.4258200096 2.7761531502 0.1112078595 0.4796211871 -0.1554542606 
26 18 2.419704005 1.5138534846 2.2880610034 2.0530529838 -0.2902396323 0.2928691505 0.0387980127 
27 17 2.3298465119 1.8185308562 1.8370042826 1.7726496301 0.1366814747 -0.1362585238 -0.100444959 
28 16 2.3190512065 2.2902694772 1.5853463093 1.5023827119 0.1209447502 -0.4714519981 -0.1325757446 
29 16 2.319583298 1.8165352868 2.1774303833 1.3865010065 -0.4200884651 -0.0914401216 -0.2005001383 
30 15 2.2649125876 1.8857840096 1.3552028366 1.8888421832 -0.2016198866 -0.2647787402 -0.1126572725 
31 14 2.1646989542 1.3181496384 1.3450926767 2.0226792473 0.0407805064 -0.1214206185 -0.2640291229 
32 13 2.4286993885 2.5956042053 2.0410536434 1.2619228711 1.0389384438 0.1722078065 0.6352451423 
33 13 2.0525015273 1.4025690201 1.3925726386 1.4176208608 -0.0131180593 -0.0186679946 0.005946471 
34 12 2.0940019085 1.4536863072 1.4279324181 1.5032252675 -0.1916059027 -0.0588282326 0.0134873229 
35 12 2.0588040429 1.506646875 1.5048984336 1.2271287782 -0.0172970247 0.1558841892 -0.0234103471 
36 11 2.0217181129 1.3109777501 1.1072522369 1.669114141 0.1995343619 0.0198176417 -0.2169747902 
37 11 2.0294610052 1.3226690327 1.3723598602 1.4236830786 -0.3276738833 0.0802335847 0.05715632 
38 11 2.0367091749 1.461565361 1.6123448751 1.074274027 0.0530345007 0.0995555717 0.1301996408 
39 9 1.9479223336 0.5929307809 1.7844640898 1.4170065471 -0.0375531509 0.0587697961 -0.2333835566 
40 9 1.870710477 1.2168996823 1.1124414352 1.1702165713 0.1798048472 -0.1274035603 0.2005060672 
41 8 1.8089649794 1.2404352026 1.1272145469 0.9047045473 0.3991487289 -0.1535942778 -0.0949741772 
42 8 1.8064690383 1.0750489456 1.2936451776 0.8946362632 -0.297682238 -0.1565413977 0.2439047821 
43 7 1.7403595236 0.64261683 1.1977546829 1.1884797585 -0.1797531997 -0.3210979321 -0.1246492908 
44 7 1.7009694865 0.4247554779 1.1691107216 1.2994309944 -0.076705631 0.1349487474 -0.0020745686 
45 7 1.736798661 0.7567177746 1.1253804039 1.1343714105 0.2271817972 -0.2731275404 0.2228623442 
46 6 1.5827891518 0.8652800887 0.7910789686 0.8488624419 -0.0037226114 0.0567128964 0.0164170756 
47 6 1.628164282 0.8940520872 0.9131934953 0.8436733468 -0.0066433115 4.0517083524e-04 -0.0022874128 
48 5 1.56533144 0.5238327586 1.3170392918 0.6093904667 -0.1079899798 0.0641589414 -0.1978884488 
49 5 1.5428904215 0.5932740918 0.9719398898 0.8152968712 -0.1438222546 -0.1028878897 0.3804689513 
50 5 1.5437863959 0.9727251626 0.5476671174 0.8628841561 0.0512587835 -0.4170656343 -0.0510485417 
51 5 1.760729152 1.0993251245 1.0375020069 0.9633400153 0.232461054 0.1870392709 0.5247275481 
52 5 1.5463396054 0.554267229 0.8629663194 0.9739326269 0.0987628215 0.1342820276 0.3052369457 
53 4 1.4051895441 0.5734712517 0.6915647463 0.7095216567 -0.0412232784 0.0430764316 0.0190447124 
54 4 1.3550061271 0.5916188535 0.6067678791 0.6376548719 0.0187382834 -0.0525876008 -0.0256140093 
55 3 1.3261723454 0.8408862214 0.3684570951 0.5493897732 0.1062153641 0.1907101293 -0.3998203063 
56 3 1.3209525197 0.2255602163 0.8571879487 0.6621673945 -0.0375708882 -0.3781193915 -0.0922114065 
57 3 1.3102667393 0.4437650921 0.784612388 0.4884214481 -0.2384844864 -0.3067286632 -0.2611299616 
58 3 1.3450628762 0.7826937763 0.441030513 0.5854698518 0.2568743889 -0.2687032355 0.3312720109 
59 3 1.3569877495 0.0539679294 0.746004751 1.041443072 0.1963327418 -0.0432561774 0.021439643 
60 2 1.1584844279 0.344686444 0.371090364 0.6263093615 -0.357644821 -0.4646292573 0.482096846 
61 1 0.0 0.0 0.0 0.0 0.0 0.0 0.0 
62 1 0.0 0.0 0.0 0.0 0.0 0.0 0.0 
63 1 0.0 0.0 0.0 0.0 0.0 0.0 0.0 
64 1 0.0 0.0 0.0 0.0 0.0 0.0 0.0 
