# Cluster list (88 data points):
# "Cluster Identifier" "Cluster Size" "Radius of Gyration" "Gyration Tensor.XX" "Gyration Tensor.YY" "Gyration Tensor.ZZ" "Gyration Tensor.XY" "Gyration Tensor.XZ" "Gyration Tensor.YZ"
1 44 3.2970559821 3.8542697687 3.212211195 3.8040971856 -0.0713928578 -0.759369529 0.648782787 
2 41 3.2084478354 4.2029192742 2.745808564 3.3454096742 0.5959179978 -0.1415823994 -0.0996283133 
3 35 3.0203499859 2.9766300485 2.6253696154 3.5205143734 -0.2328654372 -0.4271520871 -0.3276157237 
4 32 2.941201996 2.3776579301 3.2848253789 2.9881858722 0.0660817512 0.1081268316 -0.5332572468 
5 30 2.9091791783 2.9423924076 2.1252977189 3.395633365 0.2444416686 -0.274670333 -0.5407789848 
6 29 2.913828993 3.3068929376 2.7388880884 2.4446183742 0.5806695145 0.3729106552 0.3383799403 
7 28 2.8874980701 2.3168649294 2.6799072841 3.3408728916 -0.3142430153 -0.0772776853 -0.4852000085 
8 28 2.8127675695 2.5326668448 2.4839956081 2.8949989469 -0.0492266273 0.1138875687 -0.6582519745 
9 26 2.7510039047 2.692220924 2.6161470314 2.2596545283 0.4882375724 0.1493861786 0.6346558818 
10 25 2.7161288752 2.4354403044 2.7751220647 2.1667936975 -0.0106882331 0.0195540624 0.0746897527 
11 24 2.6605759396 2.2324606942 2.2967193415 2.5494842946 0.3404870125 -0.2812399726 0.0964714428 
12 24 2.6432960056 2.2492436331 2.6439899574 2.0937801825 0.1398372127 -0.3261301319 0.1954915357 
13 23 2.5990395216 2.5008807603 1.970084034 2.2840416406 -0.2923023605 0.206799287 0.4610362294 
14 23 2.6874545783 3.2684654253 2.0224804255 1.9314662595 0.1138634277 -0.2416674503 0.3483500096 
15 22 2.5856837146 2.431955932 2.5130866978 1.7407176423 -0.0579565053 -0.2254241235 -0.5564808637 
16 22 2.5803612332 1.7503246137 2.2425133637 2.6654261163 0.0265930914 0.3658842306 0.1384349215 
17 22 2.5915436529 2.4924349925 2.1981434376 2.0255200747 -0.1453345966 -0.1659844961 -0.0950086199 
18 22 2.7211553806 3.3003931953 2.3440694833 1.7602239268 0.1137087678 -0.0670294251 0.1501221696 
19 21 2.5521512359 2.7763484134 2.0558551434 1.6812723741 -0.1737322327 -0.4266124734 -0.1731932415 
20 21 2.5595339049 2.3559187334 1.4351598417 2.7601352352 0.0855679165 -0.1520665977 0.0739599623 
21 21 2.5490376748 2.2260693569 2.4790643221 1.7924593884 -0.1341746291 0.2325334702 0.4058589047 
22 21 2.5807002687 2.5208394063 1.7548699593 2.3843045114 0.1644827332 0.0405034551 0.0765250019 
23 18 2.4365567782 1.6959272202 1.9990137578 2.2418679554 0.4554413391 -0.2331623967 -0.0020369727 
24 18 2.399114213 2.043132808 1.6896220854 2.0229941137 0.0399012534 -0.1590803585 -0.0570751182 
25 18 2.4538448584 1.8862844097 1.4460299166 2.6890402628 0.1343514809 0.2445805517 0.3251170696 
26 17 2.3802216593 1.9863795987 1.7617386637 1.917336885 0.1544418329 -0.2813008476 -0.1127013696 
27 16 2.3182564553 1.9863288359 1.9481677856 1.439816371 -0.3782893321 0.265448316 -0.1500976617 
28 14 2.1733547958 1.7285370021 1.5419252533 1.4530088132 0.2757352512 -0.2236568542 -0.1610529888 
29 14 2.1836351696 1.4601257272 1.4780499116 1.8300869152 0.075671845 -0.245007431 -0.2051163991 
30 13 2.0872908244 1.4960783978 1.4084616871 1.4522429004 -0.01937784 -0.0342474015 -0.0502883305 
31 13 2.0968739164 1.4986591253 1.434114355 1.464106741 -0.0231883788 -0.0104867807 -0.0444942069 
32 13 2.0834067204 1.4827973546 1.4313134662 1.4264727419 0.0094408418 0.0628380818 -0.0313931258 
33 12 2.0699437071 1.1622758536 1.5715486743 1.5508424226 -0.0075494998 0.0121720794 -0.0225764932 
34 11 2.1109958618 1.5821060903 1.5987646099 1.2754328285 0.2611886872 0.5498612053 0.1403576695 
35 11 2.0178774995 1.2779088613 1.5050272096 1.2888935319 -0.149069836 0.1952930413 0.2373832331 
36 11 2.0372142885 1.3339044921 1.5175957507 1.2987418145 -0.2080262973 0.3660207451 -0.0891851785 
37 11 2.043650316 1.5768519977 1.4061129728 1.1935416434 -0.0659343717 0.2153731009 0.1476909898 
38 11 2.0795923144 1.3482102181 1.5797058336 1.3967881423 0.0604113726 -0.0016318117 -0.1208892835 
39 10 1.9808816222 1.6385695847 0.8438290587 1.4414933578 -0.1552012661 -0.0388512906 -0.3302557332 
40 10 2.0065413773 1.1210852907 1.5539565579 1.3511664501 0.184810822 -0.4833647571 0.1145690069 
41 9 1.9403157214 1.2554229977 1.145115746 1.3642863551 -0.0324519239 0.0071585221 -0.5405167197 
42 9 2.0016191757 2.1135508164 1.016703391 0.876225117 0.4167292487 0.1794836729 -0.214163762 
43 8 1.9563922469 1.4391696332 1.1484381868 1.2398628039 0.0634090873 0.3440008941 0.2905676233 
44 8 1.8277657616 1.120780249 1.3310482835 0.8888991468 0.2918155245 -0.0816844022 -0.1250626606 
45 8 1.83854383 0.9354104782 0.8704029631 1.5744299736 -0.0304967559 0.2589149348 0.0530329887 
46 8 1.8169696629 0.8556666133 0.7868550371 1.6588571056 0.0943630632 0.0223200147 -0.0430594054 
47 7 1.7960561857 1.4311226324 0.5506828277 1.2440123622 0.1629067837 -0.0726465964 0.3814678603 
48 7 1.7515430684 1.3764628239 1.2393881324 0.452052164 -0.0026289333 0.1527016541 0.1273152691 
49 6 1.5978354301 0.8017340185 0.8934193109 0.8579247322 0.0351676323 0.0669197852 0.0345488617 
50 5 1.5379862433 0.5468023381 0.4836537785 1.3349455679 -0.0334634705 -0.1022283257 0.2292848666 
51 5 1.6785853331 0.8512122274 0.4735741888 1.4928623043 0.1541515516 -0.2344593126 -0.2179703481 
52 5 1.5397881376 0.6947270396 0.5731253214 1.1030951476 0.0636947958 0.3189885578 0.0066711624 
53 5 1.5443763323 0.6144672861 1.0260669511 0.7445640185 0.1699304796 -0.1305791784 -0.3113441692 
54 5 1.5668734091 0.5978967336 0.7873892686 1.0698062779 0.2108563767 0.1039407508 0.0752317556 
55 4 1.4547291072 0.7040270922 0.7564556637 0.6557540194 0.0970010912 -0.0230637238 0.1043982707 
56 4 1.3736402342 0.6419558403 0.6065746518 0.6383570009 -0.0294078135 -0.0033266985 -0.0279411496 
57 4 1.3994300133 0.627285094 0.7243626532 0.6067566148 -0.0095290491 -0.0472047903 0.0668207744 
58 4 1.3852592554 0.7515780904 0.6067882386 0.5605768757 0.0743125493 -0.0241989807 -0.0603736501 
59 4 1.3978258137 0.6794577548 0.6151630814 0.6592961691 -0.0098124863 0.023633601 0.0384706464 
60 3 1.2853275116 0.7708694924 0.2774535945 0.6037437252 -0.0545281018 -0.0288396879 0.4081027729 
61 3 1.3047156552 0.171624307 0.7019757587 0.8286828752 -0.2839322657 -0.1999257727 -0.041224552 
62 3 1.880016091 0.247190272 0.4855382809 2.8017319495 0.3377105422 -0.8287483048 -1.1559127691 
63 3 1.2766655559 0.6838634196 0.1677368384 0.7782746838 -0.3185891524 0.0731934422 0.0878952108 
64 3 1.321484898 0.8034440835 0.1930049944 0.7498732578 0.3573837637 -0.1802401752 0.0752165688 
65 3 1.3440624738 0.9390333865 0.2938129941 0.5736575529 -0.1973522792 0.1207885868 0.3498931068 
66 3 1.3851734697 0.7246921037 0.8349248545 0.359088583 0.0173538981 0.0558989795 0.5454567355 
67 3 1.2738447874 0.402157077 0.5035434296 0.7169800359 0.3389644362 0.2341157002 -0.1583382092 
68 3 1.2874487851 0.8053841225 0.2450460211 0.6070942307 0.0924508078 -0.0405709046 0.3719647951 
69 3 1.3590000464 0.6979760759 1.0716235557 0.0772814945 -0.0055073039 0.2090198327 0.123804156 
70 3 1.3446319601 0.4620758581 0.8586300994 0.4873291505 0.2724259483 0.406374737 -0.0615796679 
71 3 1.3006160742 0.6274702776 0.7950916417 0.2690402533 0.001151096 -0.4026590102 -0.0927445201 
72 2 1.1838797292 0.0311961427 1.3615513734 0.008823697 0.2060950046 -0.0165911215 -0.1096080145 
73 2 1.1314599701 1.0260598599 0.0139934265 0.2401483774 -0.1198252613 -0.4963936044 0.0579698083 
74 2 1.09646674 0.0037713577 1.1967428459 0.0017251084 0.0671814359 0.0025506863 0.0454368913 
75 2 1.2298544903 0.9150602027 0.23011126 0.3673706045 -0.4588743359 -0.5797984304 0.2907509461 
76 2 1.0832105745 0.0094055088 0.0067562212 1.1571834188 0.0079715555 0.1043259258 0.0884205129 
77 2 1.1241848889 0.3852644965 0.184212788 0.69431438 0.2664031663 0.5171988786 0.3576333146 
78 2 1.2017261088 0.5653947785 0.0027604333 0.875990429 -0.0395061331 0.7037616177 -0.0491743135 
79 1 0.0 0.0 0.0 0.0 0.0 0.0 0.0 
80 1 0.0 0.0 0.0 0.0 0.0 0.0 0.0 
81 1 0.0 0.0 0.0 0.0 0.0 0.0 0.0 
82 1 0.0 0.0 0.0 0.0 0.0 0.0 0.0 
83 1 0.0 0.0 0.0 0.0 0.0 0.0 0.0 
84 1 0.0 0.0 0.0 0.0 0.0 0.0 0.0 
85 1 0.0 0.0 0.0 0.0 0.0 0.0 0.0 
86 1 0.0 0.0 0.0 0.0 0.0 0.0 0.0 
87 1 0.0 0.0 0.0 0.0 0.0 0.0 0.0 
88 1 0.0 0.0 0.0 0.0 0.0 0.0 0.0 
