# Cluster list (362 data points):
# "Cluster Identifier" "Cluster Size" "Radius of Gyration" "Gyration Tensor.XX" "Gyration Tensor.YY" "Gyration Tensor.ZZ" "Gyration Tensor.XY" "Gyration Tensor.XZ" "Gyration Tensor.YZ"
1 23 4.5221029255 8.7330251383 5.691861675 6.0245280554 -0.46657206 -3.1757955921 0.5585014439 
2 19 3.8839130549 3.2834175321 9.5017333714 2.2996297146 -1.8710753884 0.4022745395 0.1147996292 
3 18 5.8062328156 10.1252420461 9.6443583477 13.9427391155 4.0186861094 -7.3825048911 -1.5109722084 
4 18 4.7590611873 5.1000462384 7.3210015121 10.227615634 -3.031586751 4.9648333505 -3.2330485055 
5 16 4.3861604548 5.6890055039 11.2890197472 2.2603782845 1.6822624652 0.0353738283 -0.8281026317 
6 16 4.6006484447 6.7929334949 9.330146132 5.0428864847 1.4322314338 -0.9237916192 -5.6787209154 
7 15 5.3321540529 19.4822994836 4.1175415083 4.8320258515 -5.9919990742 1.7096361859 1.004916734 
8 13 3.2885173294 4.7522782932 2.0007254531 4.0613424794 1.366412428 -1.485634435 -0.1633706743 
9 13 4.7183156788 2.7616905315 13.7051745684 5.7956377447 0.0106407288 -1.1761587257 -5.081600783 
10 13 3.8946620019 3.5687963169 5.4408721892 6.1587236029 -0.8670350586 -0.4476166949 1.614630394 
11 13 4.2816311056 4.0461844244 3.8493856373 10.4367948631 -2.1025731495 1.9534779294 1.5450547714 
12 13 4.3403733636 10.6288906743 5.0698975252 3.1400527357 5.6886142012 -0.3024920923 -0.2606632713 
13 13 4.7407138347 15.3982987378 3.5022419658 3.573826959 -1.6407976899 2.2681740862 1.3702178697 
14 11 3.5700239095 2.2398076509 3.7624997824 6.7427632813 -0.8615228772 -1.4864335661 -1.146066382 
15 11 3.7919885517 7.9115183381 2.5357635682 3.9318952697 -1.1650085657 -1.2315475663 -0.9392673566 
16 11 3.9415852837 4.6244921499 6.6830741051 4.2285282935 -2.3936914341 -2.6565083766 2.8419077671 
17 10 2.989607271 1.7424696317 2.5491589027 4.6461231002 0.5659309323 0.7168978797 0.6062500404 
18 10 3.5730059779 7.5620429079 1.9028920618 3.3014367481 0.5456092535 2.2483172151 -0.1634003932 
19 10 4.070792235 4.6440002298 5.7735283008 6.1538208899 3.7920750258 4.0810713401 5.3439948582 
20 9 3.8393678967 1.3166222699 9.8990195489 3.5251040272 -0.2480199865 -0.7706643038 4.0073569439 
21 9 2.7181632532 3.5753939698 1.7014872215 2.11153028 0.5430247251 -0.0054024758 0.3875235958 
22 9 2.6797724784 4.6821692196 1.0552349247 1.4437763918 0.1843577335 -1.2797197208 -0.4588874636 
23 9 3.2235432449 5.6686660675 3.4574663355 1.2650986491 -2.5753241262 0.7319854285 -0.5751433512 
24 9 3.3138362619 1.067424239 7.6052453927 2.3088411388 0.4101131308 0.2736237232 1.246687901 
25 9 3.5750309141 6.9173983693 4.0291713472 1.8342763203 3.936479815 0.0504849268 0.8478664183 
26 8 3.4258484935 5.6486685546 0.9058069556 5.1819623904 -1.5679856867 3.1859463701 -1.6223945411 
27 8 3.0827711959 2.0101182464 4.683638343 2.8097216569 2.2426605521 0.7220955354 2.5923420232 
28 8 3.6517520496 2.3869859884 0.9789206697 9.9693863735 0.0873789488 1.3210046524 -2.5141336899 
29 8 3.2965443274 9.0512277411 1.2789810436 0.5369957179 -0.4271299903 0.6398483417 -0.1825773156 
30 7 2.5566899247 2.4945040247 2.535149574 1.5070097722 1.1833106421 0.1438303682 -0.7794343726 
31 7 3.3531905887 3.4229976745 5.9502337902 1.8706556593 -3.3939277321 -0.7671854286 -0.0553010312 
32 7 3.9414642 7.8454042558 0.4116223645 7.2781134192 -0.6314623979 5.6677491917 -0.8906540704 
33 7 3.2169306869 3.43040269 5.7414229307 1.1768174236 -2.0271170634 0.5520723649 0.1763794476 
34 7 2.1011118601 1.4488652956 2.2468428133 0.7189629398 -0.4628661126 -0.3945096528 0.4539954545 
35 7 2.9574110944 2.990962809 4.0076910809 1.7476264915 1.2696772256 1.2324531034 1.9431225148 
36 7 3.1329312019 3.5772132523 1.7126133019 4.5254313615 2.0176450231 -2.8366151423 -1.9917175532 
37 7 3.4838572591 9.2950078358 1.2321360141 1.6101175522 1.7293418025 1.9233901829 0.7619290821 
38 7 2.5739022546 3.3321899416 2.0985721478 1.1942107267 1.016464299 1.1830637688 0.5874770461 
39 7 2.5698768375 1.5956113061 3.7167952154 1.2918604385 -0.5508878989 0.6615841191 0.2623831431 
40 6 3.158590365 1.9080324741 1.3212837229 6.7473768969 -1.3687087879 2.0294729695 -0.5549225276 
41 6 2.4018941064 2.613560891 1.4813670107 1.6741673965 -0.8774396024 0.6340913093 -0.4820199761 
42 6 2.5580671394 1.4598274812 4.9395966865 0.144283322 -0.0550515542 0.1481011274 -0.2788892905 
43 6 3.1051993939 1.9544836016 6.1216259978 1.5661536762 -1.8476793633 0.9358823519 -2.5135746807 
44 5 2.0640619116 0.7881182927 1.6904754776 1.7817578048 0.8202791295 0.3809706124 0.5935853389 
45 5 2.3561704903 0.8932798968 3.867673631 0.7905858517 1.3964909973 -0.1129033527 0.0641175281 
46 5 2.7455574657 2.0477416117 1.1476880496 4.342656136 0.054534623 -2.9363832294 -0.3548752452 
47 5 2.5007244091 1.7716082357 2.6285053539 1.8535089804 -0.7165112327 -0.3639458714 1.2813726461 
48 5 2.2068423494 0.9192110711 1.0762473426 2.8746947413 0.0442184133 1.2972452886 -0.0961713493 
49 5 2.2248483329 2.0156447009 0.9444801105 1.9898252928 0.7035116625 -0.7718964079 -0.9136103534 
50 5 2.3319711827 3.8550082349 0.2459345687 1.3371467934 -0.712083644 -1.4295706133 0.1351504741 
51 5 2.6956684431 0.2220814412 4.561791063 2.4827558507 -0.6922271099 -0.374466664 2.6031328093 
52 5 2.3522198679 1.9961790787 1.6147160859 1.9220431422 0.2365453406 -0.7989226924 0.0727602174 
53 5 2.2536755317 1.0181056027 1.2997231759 2.7612246236 0.755285673 -0.3224054421 -0.8217580749 
54 5 2.2620714779 0.9818277914 2.6609104783 1.4742291016 0.1406318826 -0.2852644114 1.4107596127 
55 5 2.3693120991 0.9419091508 1.6813408778 2.9903897945 -0.6015309748 0.3854180156 0.9185132741 
56 4 2.0368568297 1.0677088439 0.9116333486 2.1694435522 0.368087812 -0.5570405564 0.490115057 
57 4 2.8824079086 2.2221647983 0.9424437374 5.1436668157 -1.3198223834 -2.8008928351 1.6143588147 
58 4 1.7685280197 1.6998972538 0.8487598247 0.5790342781 -0.0404482649 -0.4768036185 0.4731796843 
59 4 1.9146934936 2.5550887242 0.6579749546 0.4529874955 -0.5427116953 -0.1047436885 -0.2345588811 
60 4 2.3194675765 2.1770274751 0.4998689767 2.7030333865 -1.0208926332 0.442198188 -0.0023974792 
61 4 2.3793133657 1.7227677044 0.5616694448 3.3766949432 0.7292922195 -1.5391994623 -0.9293642306 
62 4 2.1848549111 2.7034619346 0.4276046922 1.6425243556 0.5496357149 1.2148443115 0.7573086274 
63 4 1.6191730861 0.126777828 1.534233442 0.9607102129 0.3396058083 0.3098403421 0.5957670835 
64 4 2.410444043 0.8276032625 1.7635146252 3.2191225968 0.8971337044 1.5781794639 1.6130683293 
65 4 2.5246352842 0.7654272248 1.4768421448 4.1315139488 0.5350712691 0.9507241165 2.1634717513 
66 4 2.8885564261 7.3746454501 0.9445786603 0.0245341166 -1.2186655614 -0.3197694693 0.0131092576 
67 4 2.0042761674 2.0151331025 0.9129074546 1.0890823982 0.0652742465 0.2446290021 -0.4261346533 
68 4 2.5471864361 5.2825257602 0.175780997 1.0298519827 -0.5041464245 0.9243890781 0.1410198703 
69 4 2.0604645409 1.315406321 1.4868522189 1.4432555843 0.5153734557 -0.895272487 0.4415321533 
70 4 1.9166872745 2.4600035303 0.5786701901 0.6350163879 0.3574813068 -1.1171211617 -0.196576921 
71 4 2.0164371061 2.9664221976 0.9592008204 0.1403955848 0.4472956818 0.4926098808 0.2328951072 
72 4 2.0023365092 1.5368647022 1.6768449046 0.7956418892 0.7487417867 0.8600827655 0.1907551084 
73 4 2.1838157508 1.7692755319 0.4220425817 2.5777331199 0.7638470748 0.2948270249 0.592907615 
74 4 2.6975467459 4.2027053918 3.0550864597 0.0189665951 3.2753778348 -0.134619296 -0.1707267722 
75 4 2.2203748153 3.877054166 0.6107898311 0.4422203232 -0.4585109187 -0.5260785322 -0.2868912588 
76 4 2.3644332539 1.4681145541 1.1605719605 2.9618580975 0.7660701218 1.8036820283 0.7497738641 
77 4 1.9137824948 0.6902641726 2.0391396293 0.9331596353 -0.1387803523 -0.3794559253 0.3492614717 
78 3 2.132892318 0.6531522199 2.0021407418 1.8939366784 -1.012912908 1.0354089221 -1.935763774 
79 3 1.7169129385 0.8214597717 1.0096054775 1.1167247891 0.8924900722 0.6128344915 0.5035175458 
80 3 1.89813073 0.1941766808 2.9989812608 0.4097423265 -0.1173522311 0.264121983 0.2248332432 
81 3 1.9029231012 0.9482273935 2.1449215427 0.5279673929 0.1926429005 -0.034247284 1.0462187254 
82 3 1.8714833223 0.6224483434 0.6046179658 2.2753835163 -0.0397876803 1.0829163195 -0.5546361695 
83 3 2.0604468238 0.2164507541 1.0023995096 3.02659085 -0.0484187505 0.8085311836 -0.2605231348 
84 3 2.5220810933 0.0940121446 4.1338856194 2.1329952773 0.6051709509 -0.3479350458 -2.6885330262 
85 3 1.7262743837 0.2392994325 1.9389487458 0.8017750693 0.4457822647 -0.368292875 -1.1964244645 
86 3 1.4948287351 0.9718397094 0.8379541362 0.4247191018 -0.1486754265 -0.6341278044 0.0025343854 
87 3 1.4025752065 0.8218804393 0.6205979174 0.524738853 0.2200576734 -0.3653638083 0.3532903829 
88 3 1.8566989412 2.0265016058 0.1533265419 1.2675028106 0.4308070018 1.561478216 0.2689219637 
89 3 2.000941083 0.097134618 0.9190534852 2.9875771143 -0.232455732 0.2518664461 -1.5229960626 
90 3 2.0791039951 0.2765755548 1.2864936318 2.759604236 -0.3961679093 -0.8649546153 1.4370467291 
91 3 2.0269057675 2.234689283 0.8923706403 0.9812870671 0.9102052532 -1.4736363572 -0.5297641121 
92 3 1.7450649738 1.2219682114 0.2271533826 1.5961301689 -0.1576021585 -0.6747708983 0.5900756948 
93 3 1.6221358453 1.6346298599 0.9212877161 0.0754071245 -0.4482617428 -0.1868952301 0.2589590832 
94 3 2.1281879576 0.0109080525 3.5576801612 0.9605957691 -0.1053773763 -0.0443276654 1.8361045649 
95 3 1.4274996914 0.2700460094 0.7587509117 1.0089584479 0.3363455711 0.4660694127 0.3168282478 
96 3 1.7772444266 0.5950682204 0.4765277333 2.0870017982 0.1857405071 1.048266688 0.6443951704 
97 3 1.8401737824 0.4421577291 1.4538900125 1.4901918077 0.3394314375 0.5870053356 1.3716671931 
98 3 1.8085525373 1.9047167355 0.9256697785 0.4404757663 -0.4649367331 -0.2358928868 0.6355238439 
99 3 1.9892448956 1.2368821875 2.3406077677 0.3796052994 -0.2346819951 0.4040174304 0.6773939674 
100 3 1.5133486985 1.3801114121 0.2061722131 0.7039406579 -0.3527325638 -0.6071612231 -0.0699440173 
101 3 1.5421212304 1.0928293975 0.8821407672 0.4031677246 -0.3552527913 -0.648210498 0.0910390657 
102 3 1.5678990873 1.1012367465 0.8666400926 0.4904307088 -0.1393641132 -0.7214982803 -0.0313688964 
103 3 2.0664543208 1.5610936895 2.6511600142 0.0579797563 2.0243438506 0.0928854438 0.0834501503 
104 3 1.3867408116 0.9651701263 0.9162233113 0.041656641 -0.1878170848 -0.1795093293 -0.0503625295 
105 3 1.6289133131 1.5937198497 0.6099377349 0.4497009971 -0.0499540016 0.6673486612 -0.3427561052 
106 3 1.7692197626 1.5920994992 0.5986696073 0.9393694619 -0.2853407203 1.1280376494 0.0748231467 
107 2 1.0988240079 0.0323331964 1.1501652007 0.0249158031 -0.1928432455 0.0283832266 -0.169284641 
108 2 1.6308123356 0.008147131 0.1929816103 2.4584201326 -0.0396515633 -0.1415241004 0.688788702 
109 2 1.1769842448 1.1616662788 0.0042507467 0.2193748869 -0.0702705424 0.5048172031 -0.0305369789 
110 2 1.0876908682 0.4329941113 0.7463581323 0.003719181 -0.5684792663 0.0401295835 -0.0526862504 
111 2 1.1453438443 0.0101895312 0.8468213354 0.4548016552 0.0928908629 0.0680750736 0.6205930591 
112 2 1.6372619826 1.6944269141 0.4084879141 0.5777119714 0.83195728 -0.9893890604 -0.4857863297 
113 2 1.6329309882 0.3565349818 0.0671154938 2.2428131365 -0.1546900816 0.8942266719 -0.3879787508 
114 2 1.4652935833 0.2283752201 0.288473163 1.6302369023 -0.2566712335 0.6101685926 -0.6857693457 
115 2 1.316616247 0.0789240999 0.1164651924 1.5380890495 -0.0958744517 0.348413969 -0.4232420549 
116 2 1.2739967159 0.2690082667 0.7760342109 0.5780251545 0.4569021973 -0.3943266982 -0.6697516664 
117 2 1.2301564654 0.0662658253 1.3837693072 0.0632497968 0.3028144898 0.0647402502 0.2958430793 
118 2 1.6023247529 1.1131363206 1.3368473508 0.1174609423 1.2198743137 0.3615937515 0.3962667656 
119 2 1.262544736 0.0035071585 1.0414809645 0.5490310874 -0.0604370653 -0.0438809648 0.7561781711 
120 2 1.1874546818 0.8366412546 0.0059009302 0.5675064365 -0.0702635159 0.689056817 -0.0578689544 
121 2 1.4725788916 0.5321985071 1.1225538462 0.5137362387 0.7729304504 0.5228858951 0.7594054192 
122 2 1.3787776183 0.0076153492 1.8015988726 0.0918134989 0.1171315695 -0.0264422363 -0.4067076298 
123 2 1.4514294451 0.4555209791 1.5959231292 0.0552033259 -0.8526291494 0.1585757644 -0.2968168873 
124 2 1.3129530514 0.0084983417 1.5533747781 0.1619725954 -0.1148960822 0.0371011923 -0.5016015794 
125 2 1.7396683201 2.2023627566 9.8347301503e-05 0.8239847601 0.0147172156 -1.3471129677 -0.0090020374 
126 2 1.237833495 0.0529730759 0.0216702659 1.4575884195 0.0338812727 0.2778721684 0.1777254304 
127 2 1.0626290465 0.114374787 0.4104193302 0.6043863732 -0.2166601567 -0.2629193084 0.4980480403 
128 2 1.7149912043 1.2045938359 0.762800963 0.9738000319 0.9585746387 1.0830667181 0.8618675085 
129 2 1.5889940747 0.0093482528 1.8294896161 0.6860643003 0.1307766473 -0.0800843464 -1.1203336617 
130 2 1.1549129751 0.0015815112 0.3412761583 0.9909663106 0.0232321347 -0.0395881846 -0.5815437864 
131 2 1.6938663165 1.4082927904 0.0553270815 1.4055632263 -0.2791356839 1.4069273464 -0.2788650412 
132 2 1.7143830298 2.4163356658 0.3861176616 0.1366558455 -0.9659140111 -0.574635879 0.2297068469 
133 2 1.3883387731 0.2443738649 1.6721109998 0.0109996842 -0.6392340945 -0.0518462664 0.1356196628 
134 2 1.3442025986 0.0080074247 1.7480005351 0.0508726662 0.1183088444 0.0201831376 0.2982037018 
135 2 1.7144084541 0.0010114088 2.5407017902 0.3974831486 -0.050692092 0.0200503856 -1.0049309166 
136 2 1.3290683918 0.1340664494 1.6234409425 0.0089153983 0.4665286303 -0.0345724716 -0.1203063696 
137 2 1.0420536789 0.3922556933 0.2882871306 0.4053330459 -0.3362770707 0.3987407615 -0.341836658 
138 2 1.6799782819 2.1700382048 0.5095804914 0.1427083316 1.0515745979 0.5564912682 0.2696690226 
139 2 1.5512464769 1.5467790836 0.0838463514 0.7757401973 0.3601274532 1.0953988823 0.2550352626 
140 2 1.0991723494 0.6720437308 0.0343491213 0.5017870015 0.1519345636 0.5807088845 0.1312857287 
141 2 1.2691307883 0.8898720321 0.5096514652 0.2111694606 0.6734423398 0.4334902502 0.3280591791 
142 2 1.3139760595 0.0039298891 1.7202838488 0.002319347 0.0822224102 -0.0030190688 -0.0631659338 
143 2 1.4781861504 0.0011163843 1.5976428066 0.5862751044 -0.0422324913 -0.0255833601 0.967811037 
144 2 0.9977942952 0.4387639781 0.2816067764 0.2752227011 0.3515094728 -0.3475022406 -0.2783964397 
145 2 1.3782006314 1.1323844719 0.6511792255 0.115873283 0.8587113854 -0.362233497 -0.2746894149 
146 2 1.2868181823 1.4294423353 0.1943788014 0.0320798976 0.5271179069 0.2141409905 0.078966145 
147 2 1.6642596803 0.3928502212 0.0735490204 2.303361042 0.1699816135 -0.9512496491 -0.4115943977 
148 2 1.6693394541 2.6214206483 0.0191779506 0.1460956141 0.2242174744 -0.6188522113 -0.0529321686 
149 2 1.2156678971 1.1996208946 0.2779395713 2.8797006598e-04 0.5774271532 -0.0185864173 -0.0089464114 
150 2 1.1803498395 0.7509848796 0.6272652206 0.0149756434 -0.6863429873 -0.1060494308 0.0969211034 
151 2 1.3406345165 0.8559888368 0.4203734902 0.52093858 -0.5998624966 -0.6677706261 0.4679623586 
152 2 1.3142900183 0.8937798069 0.3210213364 0.512557109 0.535651368 0.6768405971 0.4056374836 
153 2 1.6732798676 1.5602858763 1.1220840482 0.1174955908 1.3231673713 0.4281666859 0.3630976841 
154 2 1.1297740926 0.1176891935 0.6732866921 0.4854136147 0.2814934596 0.2390145118 0.5716839397 
155 2 1.5437906082 2.0416714143 0.0050798192 0.3365382085 0.1018396856 0.8289152189 0.041346744 
156 2 1.3091596528 0.2037135704 0.2193488688 1.2908365573 0.2113867101 0.5127971567 0.5321123364 
157 2 1.5009535821 1.0713993996 0.7432552666 0.4382069896 0.8923694562 -0.6851968371 -0.5707010188 
158 2 1.4870905948 0.4283072201 1.2937067621 0.489424455 0.7443815869 -0.4578471664 -0.7957208851 
159 2 1.4383718282 0.5597746086 1.3668010501 0.1423378573 0.8747002474 0.2822713559 0.4410754276 
160 2 1.2103841117 0.1052294484 0.0343427034 1.3254575461 -0.0601154201 -0.3734664194 0.213353686 
161 2 1.2751516512 0.1786608686 0.0259425046 1.4214083605 0.0680801763 0.5039345714 0.1920283648 
162 2 1.6467511948 0.6399499522 0.2045089328 1.8673306126 0.3617671652 -1.093159703 -0.6179690857 
163 2 1.6539215815 2.168300738 0.3405845591 0.2265713007 -0.8593542639 0.7009099219 -0.2777889245 
164 2 1.7038398191 2.3746086486 0.0735582022 0.4549032783 -0.4179377265 1.039335008 -0.182925852 
165 2 1.5911187399 0.7486189716 1.4731042868 0.3099355861 -1.0501399032 0.4816883429 -0.6756977434 
166 2 1.7124890862 0.0644020534 0.3050743737 2.5631424433 -0.140169241 -0.4062900892 0.8842788449 
167 2 1.5048537644 0.8487030736 0.0661598134 1.3497219652 -0.2369599902 -1.0702864946 0.2988266275 
168 2 1.6935064527 0.008806774 2.3470179893 0.512139342 0.1437694578 0.0671587332 1.0963577194 
169 2 1.485373883 0.0193175366 0.1983778677 1.9886401681 0.0619045372 0.1959990542 0.6280940982 
170 1 0.0 0.0 0.0 0.0 0.0 0.0 0.0 
171 1 0.0 0.0 0.0 0.0 0.0 0.0 0.0 
172 1 0.0 0.0 0.0 0.0 0.0 0.0 0.0 
173 1 0.0 0.0 0.0 0.0 0.0 0.0 0.0 
174 1 0.0 0.0 0.0 0.0 0.0 0.0 0.0 
175 1 0.0 0.0 0.0 0.0 0.0 0.0 0.0 
176 1 0.0 0.0 0.0 0.0 0.0 0.0 0.0 
177 1 0.0 0.0 0.0 0.0 0.0 0.0 0.0 
178 1 0.0 0.0 0.0 0.0 0.0 0.0 0.0 
179 1 0.0 0.0 0.0 0.0 0.0 0.0 0.0 
180 1 0.0 0.0 0.0 0.0 0.0 0.0 0.0 
181 1 0.0 0.0 0.0 0.0 0.0 0.0 0.0 
182 1 0.0 0.0 0.0 0.0 0.0 0.0 0.0 
183 1 0.0 0.0 0.0 0.0 0.0 0.0 0.0 
184 1 0.0 0.0 0.0 0.0 0.0 0.0 0.0 
185 1 0.0 0.0 0.0 0.0 0.0 0.0 0.0 
186 1 0.0 0.0 0.0 0.0 0.0 0.0 0.0 
187 1 0.0 0.0 0.0 0.0 0.0 0.0 0.0 
188 1 0.0 0.0 0.0 0.0 0.0 0.0 0.0 
189 1 0.0 0.0 0.0 0.0 0.0 0.0 0.0 
190 1 0.0 0.0 0.0 0.0 0.0 0.0 0.0 
191 1 0.0 0.0 0.0 0.0 0.0 0.0 0.0 
192 1 0.0 0.0 0.0 0.0 0.0 0.0 0.0 
193 1 0.0 0.0 0.0 0.0 0.0 0.0 0.0 
194 1 0.0 0.0 0.0 0.0 0.0 0.0 0.0 
195 1 0.0 0.0 0.0 0.0 0.0 0.0 0.0 
196 1 0.0 0.0 0.0 0.0 0.0 0.0 0.0 
197 1 0.0 0.0 0.0 0.0 0.0 0.0 0.0 
198 1 0.0 0.0 0.0 0.0 0.0 0.0 0.0 
199 1 0.0 0.0 0.0 0.0 0.0 0.0 0.0 
200 1 0.0 0.0 0.0 0.0 0.0 0.0 0.0 
201 1 0.0 0.0 0.0 0.0 0.0 0.0 0.0 
202 1 0.0 0.0 0.0 0.0 0.0 0.0 0.0 
203 1 0.0 0.0 0.0 0.0 0.0 0.0 0.0 
204 1 0.0 0.0 0.0 0.0 0.0 0.0 0.0 
205 1 0.0 0.0 0.0 0.0 0.0 0.0 0.0 
206 1 0.0 0.0 0.0 0.0 0.0 0.0 0.0 
207 1 0.0 0.0 0.0 0.0 0.0 0.0 0.0 
208 1 0.0 0.0 0.0 0.0 0.0 0.0 0.0 
209 1 0.0 0.0 0.0 0.0 0.0 0.0 0.0 
210 1 0.0 0.0 0.0 0.0 0.0 0.0 0.0 
211 1 0.0 0.0 0.0 0.0 0.0 0.0 0.0 
212 1 0.0 0.0 0.0 0.0 0.0 0.0 0.0 
213 1 0.0 0.0 0.0 0.0 0.0 0.0 0.0 
214 1 0.0 0.0 0.0 0.0 0.0 0.0 0.0 
215 1 0.0 0.0 0.0 0.0 0.0 0.0 0.0 
216 1 0.0 0.0 0.0 0.0 0.0 0.0 0.0 
217 1 0.0 0.0 0.0 0.0 0.0 0.0 0.0 
218 1 0.0 0.0 0.0 0.0 0.0 0.0 0.0 
219 1 0.0 0.0 0.0 0.0 0.0 0.0 0.0 
220 1 0.0 0.0 0.0 0.0 0.0 0.0 0.0 
221 1 0.0 0.0 0.0 0.0 0.0 0.0 0.0 
222 1 0.0 0.0 0.0 0.0 0.0 0.0 0.0 
223 1 0.0 0.0 0.0 0.0 0.0 0.0 0.0 
224 1 0.0 0.0 0.0 0.0 0.0 0.0 0.0 
225 1 0.0 0.0 0.0 0.0 0.0 0.0 0.0 
226 1 0.0 0.0 0.0 0.0 0.0 0.0 0.0 
227 1 0.0 0.0 0.0 0.0 0.0 0.0 0.0 
228 1 0.0 0.0 0.0 0.0 0.0 0.0 0.0 
229 1 0.0 0.0 0.0 0.0 0.0 0.0 0.0 
230 1 0.0 0.0 0.0 0.0 0.0 0.0 0.0 
231 1 0.0 0.0 0.0 0.0 0.0 0.0 0.0 
232 1 0.0 0.0 0.0 0.0 0.0 0.0 0.0 
233 1 0.0 0.0 0.0 0.0 0.0 0.0 0.0 
234 1 0.0 0.0 0.0 0.0 0.0 0.0 0.0 
235 1 0.0 0.0 0.0 0.0 0.0 0.0 0.0 
236 1 0.0 0.0 0.0 0.0 0.0 0.0 0.0 
237 1 0.0 0.0 0.0 0.0 0.0 0.0 0.0 
238 1 0.0 0.0 0.0 0.0 0.0 0.0 0.0 
239 1 0.0 0.0 0.0 0.0 0.0 0.0 0.0 
240 1 0.0 0.0 0.0 0.0 0.0 0.0 0.0 
241 1 0.0 0.0 0.0 0.0 0.0 0.0 0.0 
242 1 0.0 0.0 0.0 0.0 0.0 0.0 0.0 
243 1 0.0 0.0 0.0 0.0 0.0 0.0 0.0 
244 1 0.0 0.0 0.0 0.0 0.0 0.0 0.0 
245 1 0.0 0.0 0.0 0.0 0.0 0.0 0.0 
246 1 0.0 0.0 0.0 0.0 0.0 0.0 0.0 
247 1 0.0 0.0 0.0 0.0 0.0 0.0 0.0 
248 1 0.0 0.0 0.0 0.0 0.0 0.0 0.0 
249 1 0.0 0.0 0.0 0.0 0.0 0.0 0.0 
250 1 0.0 0.0 0.0 0.0 0.0 0.0 0.0 
251 1 0.0 0.0 0.0 0.0 0.0 0.0 0.0 
252 1 0.0 0.0 0.0 0.0 0.0 0.0 0.0 
253 1 0.0 0.0 0.0 0.0 0.0 0.0 0.0 
254 1 0.0 0.0 0.0 0.0 0.0 0.0 0.0 
255 1 0.0 0.0 0.0 0.0 0.0 0.0 0.0 
256 1 0.0 0.0 0.0 0.0 0.0 0.0 0.0 
257 1 0.0 0.0 0.0 0.0 0.0 0.0 0.0 
258 1 0.0 0.0 0.0 0.0 0.0 0.0 0.0 
259 1 0.0 0.0 0.0 0.0 0.0 0.0 0.0 
260 1 0.0 0.0 0.0 0.0 0.0 0.0 0.0 
261 1 0.0 0.0 0.0 0.0 0.0 0.0 0.0 
262 1 0.0 0.0 0.0 0.0 0.0 0.0 0.0 
263 1 0.0 0.0 0.0 0.0 0.0 0.0 0.0 
264 1 0.0 0.0 0.0 0.0 0.0 0.0 0.0 
265 1 0.0 0.0 0.0 0.0 0.0 0.0 0.0 
266 1 0.0 0.0 0.0 0.0 0.0 0.0 0.0 
267 1 0.0 0.0 0.0 0.0 0.0 0.0 0.0 
268 1 0.0 0.0 0.0 0.0 0.0 0.0 0.0 
269 1 0.0 0.0 0.0 0.0 0.0 0.0 0.0 
270 1 0.0 0.0 0.0 0.0 0.0 0.0 0.0 
271 1 0.0 0.0 0.0 0.0 0.0 0.0 0.0 
272 1 0.0 0.0 0.0 0.0 0.0 0.0 0.0 
273 1 0.0 0.0 0.0 0.0 0.0 0.0 0.0 
274 1 0.0 0.0 0.0 0.0 0.0 0.0 0.0 
275 1 0.0 0.0 0.0 0.0 0.0 0.0 0.0 
276 1 0.0 0.0 0.0 0.0 0.0 0.0 0.0 
277 1 0.0 0.0 0.0 0.0 0.0 0.0 0.0 
278 1 0.0 0.0 0.0 0.0 0.0 0.0 0.0 
279 1 0.0 0.0 0.0 0.0 0.0 0.0 0.0 
280 1 0.0 0.0 0.0 0.0 0.0 0.0 0.0 
281 1 0.0 0.0 0.0 0.0 0.0 0.0 0.0 
282 1 0.0 0.0 0.0 0.0 0.0 0.0 0.0 
283 1 0.0 0.0 0.0 0.0 0.0 0.0 0.0 
284 1 0.0 0.0 0.0 0.0 0.0 0.0 0.0 
285 1 0.0 0.0 0.0 0.0 0.0 0.0 0.0 
286 1 0.0 0.0 0.0 0.0 0.0 0.0 0.0 
287 1 0.0 0.0 0.0 0.0 0.0 0.0 0.0 
288 1 0.0 0.0 0.0 0.0 0.0 0.0 0.0 
289 1 0.0 0.0 0.0 0.0 0.0 0.0 0.0 
290 1 0.0 0.0 0.0 0.0 0.0 0.0 0.0 
291 1 0.0 0.0 0.0 0.0 0.0 0.0 0.0 
292 1 0.0 0.0 0.0 0.0 0.0 0.0 0.0 
293 1 0.0 0.0 0.0 0.0 0.0 0.0 0.0 
294 1 0.0 0.0 0.0 0.0 0.0 0.0 0.0 
295 1 0.0 0.0 0.0 0.0 0.0 0.0 0.0 
296 1 0.0 0.0 0.0 0.0 0.0 0.0 0.0 
297 1 0.0 0.0 0.0 0.0 0.0 0.0 0.0 
298 1 0.0 0.0 0.0 0.0 0.0 0.0 0.0 
299 1 0.0 0.0 0.0 0.0 0.0 0.0 0.0 
300 1 0.0 0.0 0.0 0.0 0.0 0.0 0.0 
301 1 0.0 0.0 0.0 0.0 0.0 0.0 0.0 
302 1 0.0 0.0 0.0 0.0 0.0 0.0 0.0 
303 1 0.0 0.0 0.0 0.0 0.0 0.0 0.0 
304 1 0.0 0.0 0.0 0.0 0.0 0.0 0.0 
305 1 0.0 0.0 0.0 0.0 0.0 0.0 0.0 
306 1 0.0 0.0 0.0 0.0 0.0 0.0 0.0 
307 1 0.0 0.0 0.0 0.0 0.0 0.0 0.0 
308 1 0.0 0.0 0.0 0.0 0.0 0.0 0.0 
309 1 0.0 0.0 0.0 0.0 0.0 0.0 0.0 
310 1 0.0 0.0 0.0 0.0 0.0 0.0 0.0 
311 1 0.0 0.0 0.0 0.0 0.0 0.0 0.0 
312 1 0.0 0.0 0.0 0.0 0.0 0.0 0.0 
313 1 0.0 0.0 0.0 0.0 0.0 0.0 0.0 
314 1 0.0 0.0 0.0 0.0 0.0 0.0 0.0 
315 1 0.0 0.0 0.0 0.0 0.0 0.0 0.0 
316 1 0.0 0.0 0.0 0.0 0.0 0.0 0.0 
317 1 0.0 0.0 0.0 0.0 0.0 0.0 0.0 
318 1 0.0 0.0 0.0 0.0 0.0 0.0 0.0 
319 1 0.0 0.0 0.0 0.0 0.0 0.0 0.0 
320 1 0.0 0.0 0.0 0.0 0.0 0.0 0.0 
321 1 0.0 0.0 0.0 0.0 0.0 0.0 0.0 
322 1 0.0 0.0 0.0 0.0 0.0 0.0 0.0 
323 1 0.0 0.0 0.0 0.0 0.0 0.0 0.0 
324 1 0.0 0.0 0.0 0.0 0.0 0.0 0.0 
325 1 0.0 0.0 0.0 0.0 0.0 0.0 0.0 
326 1 0.0 0.0 0.0 0.0 0.0 0.0 0.0 
327 1 0.0 0.0 0.0 0.0 0.0 0.0 0.0 
328 1 0.0 0.0 0.0 0.0 0.0 0.0 0.0 
329 1 0.0 0.0 0.0 0.0 0.0 0.0 0.0 
330 1 0.0 0.0 0.0 0.0 0.0 0.0 0.0 
331 1 0.0 0.0 0.0 0.0 0.0 0.0 0.0 
332 1 0.0 0.0 0.0 0.0 0.0 0.0 0.0 
333 1 0.0 0.0 0.0 0.0 0.0 0.0 0.0 
334 1 0.0 0.0 0.0 0.0 0.0 0.0 0.0 
335 1 0.0 0.0 0.0 0.0 0.0 0.0 0.0 
336 1 0.0 0.0 0.0 0.0 0.0 0.0 0.0 
337 1 0.0 0.0 0.0 0.0 0.0 0.0 0.0 
338 1 0.0 0.0 0.0 0.0 0.0 0.0 0.0 
339 1 0.0 0.0 0.0 0.0 0.0 0.0 0.0 
340 1 0.0 0.0 0.0 0.0 0.0 0.0 0.0 
341 1 0.0 0.0 0.0 0.0 0.0 0.0 0.0 
342 1 0.0 0.0 0.0 0.0 0.0 0.0 0.0 
343 1 0.0 0.0 0.0 0.0 0.0 0.0 0.0 
344 1 0.0 0.0 0.0 0.0 0.0 0.0 0.0 
345 1 0.0 0.0 0.0 0.0 0.0 0.0 0.0 
346 1 0.0 0.0 0.0 0.0 0.0 0.0 0.0 
347 1 0.0 0.0 0.0 0.0 0.0 0.0 0.0 
348 1 0.0 0.0 0.0 0.0 0.0 0.0 0.0 
349 1 0.0 0.0 0.0 0.0 0.0 0.0 0.0 
350 1 0.0 0.0 0.0 0.0 0.0 0.0 0.0 
351 1 0.0 0.0 0.0 0.0 0.0 0.0 0.0 
352 1 0.0 0.0 0.0 0.0 0.0 0.0 0.0 
353 1 0.0 0.0 0.0 0.0 0.0 0.0 0.0 
354 1 0.0 0.0 0.0 0.0 0.0 0.0 0.0 
355 1 0.0 0.0 0.0 0.0 0.0 0.0 0.0 
356 1 0.0 0.0 0.0 0.0 0.0 0.0 0.0 
357 1 0.0 0.0 0.0 0.0 0.0 0.0 0.0 
358 1 0.0 0.0 0.0 0.0 0.0 0.0 0.0 
359 1 0.0 0.0 0.0 0.0 0.0 0.0 0.0 
360 1 0.0 0.0 0.0 0.0 0.0 0.0 0.0 
361 1 0.0 0.0 0.0 0.0 0.0 0.0 0.0 
362 1 0.0 0.0 0.0 0.0 0.0 0.0 0.0 
