# Cluster list (617 data points):
# "Cluster Identifier" "Cluster Size" "Radius of Gyration" "Gyration Tensor.XX" "Gyration Tensor.YY" "Gyration Tensor.ZZ" "Gyration Tensor.XY" "Gyration Tensor.XZ" "Gyration Tensor.YZ"
1 11 4.042859461 7.3891710064 6.1137939579 2.8417476568 -4.5110337607 -2.3212754857 1.4630671917 
2 11 3.8333160223 9.6274881166 1.5800947874 3.486728823 -1.2551265782 2.5997657148 -0.2497700756 
3 8 3.2062114477 4.3826899964 3.4064373801 2.4906644706 0.7622810303 -0.176271243 0.038812258 
4 8 3.0578535798 5.6748758414 2.9301543669 0.7454383071 -1.8978944912 0.5877890722 0.2993284489 
5 8 3.3907106634 5.8953760588 3.025959023 2.5755837213 3.3403485347 -0.6121610336 0.4979680239 
6 7 2.9145361213 3.7816706789 4.1120975466 0.600752577 0.9348119608 0.4599330298 0.0020133872 
7 7 3.1390419118 1.877154788 3.2679201396 4.7085091967 0.963194328 -0.4683277823 1.3557557976 
8 7 2.8309392589 2.92353397 4.1073490629 0.9833340546 -2.900205779 0.0428488852 -0.5076376984 
9 7 2.7018321112 1.3793491941 1.1643015414 4.7562460214 0.1190766819 0.3239642085 -1.3466651672 
10 7 3.028189364 2.8464887802 4.1510126178 2.1724294265 1.8357898254 0.2131640822 -1.5624158737 
11 6 3.2826403826 5.8704304073 0.6325790646 4.2727184095 -1.8500419975 -4.3438980972 1.4649178564 
12 6 3.631658542 5.0574717486 7.6877961562 0.4436758607 5.6896829505 -0.880316219 -0.8824521155 
13 6 3.0812552658 0.6963732553 4.5597881264 4.2379726315 -0.7083650793 -0.7688707341 3.6162640545 
14 5 2.3933993958 1.6175888176 2.5706197107 1.5401521395 -0.4516136509 1.0057296327 -0.3793001747 
15 5 3.6394247925 0.8253205078 11.9161736655 0.5039186466 0.5943819072 -0.4989988823 -1.3370811305 
16 5 3.513242814 1.2925263599 4.9821533745 6.0681953356 1.7752034344 -2.338314037 -4.5370710882 
17 5 2.419141378 1.3541450667 1.2821977724 3.2159021679 0.1736896045 0.4455341294 -1.3723401585 
18 5 3.4341436431 1.6910430944 4.9304808823 5.171818585 -0.9174883399 0.037929825 -4.7570290456 
19 5 2.8454061849 2.2942948455 2.2042319863 3.597809525 1.3462175694 2.1572334423 2.6372585134 
20 5 2.1327449574 3.2373546124 1.077426367 0.2338200738 1.2175750268 -0.3108787047 0.0784218568 
21 5 2.9098753553 1.7129095557 3.1561228819 3.5983421459 -0.5736023524 -0.5977162782 -2.794162058 
22 5 1.9352572169 0.5184902125 2.5430646372 0.6836656458 0.2238358805 -0.2128228054 0.0673503576 
23 4 2.3104920838 1.6982828725 0.2022381766 3.4378526204 -0.3464710753 0.9005195752 -0.5599544199 
24 4 2.4146444505 1.2881296889 0.6280034703 3.9143746629 -0.3107745089 2.0071680404 -0.6975920002 
25 4 1.6374940371 1.5423335166 0.5802381483 0.5588150567 -0.4723458004 0.1795763036 0.1285960111 
26 4 2.1075485057 0.2451242156 2.1479262456 2.0487102428 -0.2152468455 0.5393342016 0.7808684129 
27 4 1.855280034 0.9661888357 2.278942805 0.196932364 1.424426638 0.0062674597 0.1659562075 
28 4 2.174588879 1.4321120221 2.4804950032 0.8162297676 -1.0046140205 1.0411551759 -0.4160775998 
29 4 2.2974324895 2.380931561 2.4137603361 0.4835041466 -1.6193251619 -0.4577438169 -0.2289358519 
30 4 2.3561364732 1.6656362536 0.3778837656 3.5078590609 0.2256843172 1.9407820611 0.098995337 
31 4 2.2368352131 3.2809521724 1.531349328 0.19113027 1.7714655323 -0.0118454692 0.1764405386 
32 4 2.3515976297 3.3991132317 1.5028838724 0.6280143082 1.1353879196 1.0521637971 0.7659565293 
33 4 2.1609277905 1.6658804485 2.1069553551 0.896773112 -1.6241696273 1.1645396786 -0.9560639947 
34 4 2.5010346362 3.0285797254 0.9202592017 2.3063353242 0.7336458217 2.2522215256 -0.1327653249 
35 4 2.2831141558 2.6828195734 1.7066822004 0.8231084747 -0.8835716917 -0.4443361363 1.014401751 
36 4 2.3446092028 0.6901913731 0.4204980474 4.3865028933 0.1458071935 0.1409420219 -0.6535050515 
37 4 2.3156271031 1.6079618629 3.5973317606 0.1568352572 2.0287938569 -0.2805365074 -0.1136705298 
38 4 1.9332209042 0.9003068971 1.338891348 1.4981448195 0.5778882451 -0.3595264462 0.5459312358 
39 4 2.0105951887 0.6353571384 1.9053630513 1.5017728232 0.1326917592 -0.0648694698 0.2795395955 
40 4 3.2646498334 0.7836689227 8.844984752 1.0292848599 2.3774613816 -0.8658580696 -2.9709800877 
41 3 2.1006617169 3.0182956406 0.4055386624 0.988945346 -0.8110642304 1.4408293855 -0.1494926918 
42 3 2.5438505204 0.6040973738 0.5009177516 5.3661603446 -0.4865377614 -1.5364984112 1.6362723294 
43 3 1.4154525735 0.6280645314 0.9233188563 0.4521226001 0.7060002989 0.1915260399 -0.0106940272 
44 3 2.3247343722 1.8839936664 2.0500192474 1.4703769872 -1.8769807025 -1.480091671 1.7099014555 
45 3 1.5391384654 0.5047116683 0.6420348831 1.2222006643 0.468264733 -0.7066822466 -0.4358542988 
46 3 1.6772838127 0.1312879678 0.3161186246 2.3658743961 -0.0059059878 0.4609020611 -0.5067398706 
47 3 2.1982950165 1.4892748192 2.5836705481 0.759555612 -1.4128722689 -0.5110006725 -0.3674767648 
48 3 2.1288819096 0.2257693958 0.6216970726 3.6846717168 0.2359129888 -0.3207366706 0.7655251977 
49 3 1.9089999745 0.3579368456 3.0317685567 0.2545755003 0.989773516 0.1123294517 0.5649045336 
50 3 2.1886967571 0.1398911598 3.9066090461 0.7438932887 0.1831367113 0.2923268172 1.0811130599 
51 3 1.4203951856 1.1446365385 0.3511088021 0.5217771426 -0.3363183706 0.202860954 -0.4097038991 
52 3 1.9090897457 1.5166255313 1.2355299262 0.8924681994 -0.4835848857 0.3676999172 -1.0492624398 
53 3 1.7050522602 1.1932180817 0.5323151869 1.1816699414 0.6947561303 1.1874224697 0.6900001676 
54 3 2.4374218497 0.3145270243 2.7726965204 2.8538017287 0.6529961432 -0.7181631778 -2.8025771174 
55 3 1.4547163288 1.213931258 0.2534403104 0.6488280289 -0.2002505149 0.8757922206 -0.2056589946 
56 3 1.4613058366 0.2155198435 1.6208735215 0.299021383 -0.4204125369 0.2538253219 -0.4870141754 
57 3 1.8025236853 0.5198445678 0.4614604798 2.2677865884 0.3083412932 -1.0523450657 -0.428493418 
58 3 1.7527490125 1.3661222396 1.6651237795 0.0408830817 1.2926941631 -0.2332917825 -0.199273343 
59 3 2.122240519 2.5476614889 1.6994694039 0.2567739277 1.1059961715 -0.8068468714 -0.389228373 
60 3 2.1157840568 2.2169148234 0.7991439951 1.4604833565 -0.1761980634 1.3209724694 -0.8320987983 
61 3 2.1317957952 0.576283014 3.7909586665 0.1773116319 -1.2863796827 -0.0838171989 0.57674888 
62 3 0.7459720372 0.1162861429 0.3482822108 0.0919059265 -0.0313165818 0.0175921385 -0.1788916752 
63 3 2.4920039272 2.8832368499 1.3741893462 1.9526573771 -1.9349706144 -2.145123363 1.60383832 
64 3 1.6830598921 0.5136120718 1.7409094685 0.5781690599 -0.9455923722 -0.4402084558 0.8087753869 
65 3 2.2985414398 1.5048629602 2.3058295121 1.4726002782 -1.8213988198 1.4161761951 -1.5950102944 
66 3 1.6846200603 0.0704267868 1.2559175651 1.5116003957 0.2152778632 -0.0164324056 0.8992120209 
67 3 1.5487790899 0.1511319484 0.0610241299 2.1865605912 0.069979675 0.3074196345 0.3537325675 
68 3 2.2746123824 0.3498624756 0.2367956834 4.5872033309 -0.0177243744 -0.8825917119 0.7909602728 
69 3 2.3166315678 1.0778661326 2.4200253787 1.8688903098 1.6126447958 1.3065543918 2.0003364333 
70 3 1.5303391209 0.6184280959 1.4153162777 0.3081934513 -0.8115084316 -0.0159312073 0.3493274343 
71 3 1.9306173858 2.4271463101 0.9489099383 0.351227242 1.3881787471 -0.92325006 -0.5256555826 
72 3 2.3248208691 2.9584277292 0.0882816875 2.3580826567 -0.5098350687 -1.8991242534 0.3491593255 
73 3 1.2687392908 0.1804220973 0.8808197811 0.5484575097 0.3730706955 0.3139716035 0.6341270219 
74 3 2.1906131449 0.4709677749 3.9699782743 0.3578399014 -1.3671847157 -0.3563260899 1.0444268039 
75 3 2.1161042272 0.4398248417 3.417769398 0.6203028608 0.0241896424 -0.0714973822 1.4381215883 
76 3 2.270971931 2.9995482043 2.1288946037 0.0288707036 -2.4986839042 0.087786283 -0.1084514181 
77 3 2.2338013545 3.7086821577 0.0222178788 1.2589684548 -0.2692983137 -1.6379984692 0.0811738804 
78 3 0.9777637087 0.3832173147 0.1551682315 0.4176363238 -0.2373712835 -0.0103434375 0.0646804242 
79 3 2.2856436147 1.3052026752 0.1223498478 3.7966142106 -0.394623339 1.7860148358 -0.4759022089 
80 3 1.746749289 1.2289636939 0.006322021 1.8158473638 -0.0114749646 1.4924893032 -0.0093897906 
81 3 2.1135661638 2.2131350889 0.6404210747 1.6136057649 1.1880323949 -1.8775998568 -1.0153480371 
82 3 1.975493361 0.3174375204 1.0073924825 2.5777440166 -0.5263334221 -0.5387087366 1.3665756248 
83 3 1.4704760495 0.7028004706 0.8062150169 0.6532843247 -0.5264443086 -0.6158073385 0.6776849788 
84 3 1.6328787889 0.6606127136 1.3323538816 0.6733265441 0.9318874476 -0.00225127 0.1062857032 
85 3 2.5499047835 1.2944285432 2.8263909451 2.3811949165 1.2867934803 1.0591639224 2.5836911684 
86 3 1.6518859251 2.0624211554 0.640688476 0.025617478 -0.9200224467 -0.0712710295 0.1048134905 
87 3 2.1242620328 0.0415854133 4.1206040071 0.3502997637 0.3255411865 -0.0652849671 -1.1352478381 
88 2 1.659803252 1.8688395329 0.8649282563 0.0211790461 -1.2713819719 0.1989478287 -0.135345319 
89 2 0.957464909 0.7111274958 0.0247702983 0.1808412579 0.1327209108 -0.3586100819 -0.0669290064 
90 2 1.6561860401 1.2226600486 1.3529519231 0.1673402277 -1.2861571693 0.4523275483 -0.4758185399 
91 2 1.3235272838 1.1736331517 0.4069332853 0.1711580339 -0.6910791519 0.4481927518 -0.2639126769 
92 2 1.0095705612 0.2515779521 0.7653963737 0.0022583923 -0.4388130037 0.0238361428 -0.0415760178 
93 2 1.4697947866 0.1123969721 0.4393921193 1.6085076232 -0.2222303845 -0.4251957037 0.8406935075 
94 2 1.7321209057 0.0769306649 2.9138515005 0.0094606667 -0.4734601708 0.0269780537 -0.1660330629 
95 2 1.5438443637 0.1600206763 0.0880345689 2.135400174 -0.1186901481 0.5845581067 -0.4335770217 
96 2 1.6946870787 2.811946881 0.0228641247 0.037153289 -0.25356006 -0.3232229494 0.0291457961 
97 2 1.4561867846 1.3893257512 1.2653708836e-07 0.731154074 4.1928657902e-04 -1.007874587 -3.0416789389e-04 
98 2 1.6603121529 1.3744282561 0.8911103533 0.4910978356 1.1066920299 0.8215708988 0.6615303212 
99 2 0.8964629175 0.6393511129 0.1265370884 0.0377575611 0.2844321154 -0.1553716149 -0.0691211389 
100 2 1.0034304109 0.3164464844 0.0036870483 0.6867390569 -0.0341577732 -0.4661718141 0.0503193806 
101 2 1.325027061 0.8315463617 0.9060745851 0.0180757657 -0.8680109588 -0.1226003147 0.1279765286 
102 2 1.0282433059 0.4015021312 0.0615177608 0.594264404 -0.1571607841 0.4884653772 -0.1912009818 
103 2 1.5105869122 0.9577115561 1.0894913067 0.2346699563 -1.0214785435 -0.47407397 0.5056390782 
104 2 0.9801587612 0.0913025536 0.8685763028 8.3234079108e-04 0.2816082996 -0.0087175019 -0.0268877572 
105 2 0.647367577 0.0217545733 0.1682758738 0.2290543327 0.0605042959 -0.0705902208 -0.1963270689 
106 2 0.9307366328 0.0529967842 0.1884429412 0.6248309543 0.0999343279 -0.1819726112 -0.343139888 
107 2 1.4617793864 0.0374066593 0.5352968878 1.5640954273 -0.1415050115 -0.2418834114 0.9150166197 
108 2 1.3405723266 0.5252156244 0.0186656881 1.2532528503 -0.0990126811 -0.8113125035 0.1529471372 
109 2 1.2335436446 1.2563786727 0.0393703261 0.2258809243 0.2224051215 0.5327212928 0.0943027341 
110 2 0.5187582819 0.0879242487 0.0725350663 0.10865084 -0.0798598222 0.097739672 -0.0887749733 
111 2 1.7470663627 1.1779971229 0.0967401988 1.777503554 0.3375791401 1.4470293959 0.4146758339 
112 2 1.3320501914 1.0088573758 0.1502558969 0.6152444398 0.3893414566 0.7878412854 0.304046222 
113 2 1.4533158161 0.0227832258 0.6301598348 1.4591838008 0.1198210073 -0.1823318787 -0.9589155452 
114 2 1.743044781 0.0349070689 2.2902094904 0.7130885494 0.2827445851 -0.1577714521 -1.277936682 
115 2 0.8174833606 0.5318416606 0.0875581429 0.0488792414 0.2157940409 0.1612328035 0.0654199939 
116 2 1.3621594437 0.844195843 0.3722461943 0.6390363128 -0.5605788881 0.7344874395 -0.4877282393 
117 2 1.6645233158 0.5394964534 1.7931604041 0.4379810112 -0.9835668144 0.4860958776 -0.8862111527 
118 2 1.5006397769 2.0821742261 0.1239602337 0.0457852804 -0.5080421278 0.3087603128 -0.0753362732 
119 2 1.4783837171 0.338548928 1.4774886397 0.3695808472 0.7072497402 -0.3537247512 -0.7389529777 
120 2 1.5010809109 1.0344205242 0.4941340109 0.7246893659 0.7149422093 0.8658138101 0.5984092772 
121 2 0.6232912575 0.1913678665 0.1777653439 0.0193587813 0.1844412497 -0.0608658252 -0.0586627685 
122 2 0.7356914767 0.0537511742 0.3644354611 0.1230553135 -0.1399601156 0.0813287624 -0.2117680805 
123 2 1.1188081005 0.5223823074 0.0029930179 0.7263562404 0.0395411126 0.615983481 0.046626143 
124 2 1.5144198805 0.0025161144 1.9233380417 0.3676134183 0.0695653541 0.0304131124 0.840859603 
125 2 1.5113495218 1.4713491886 0.3947770075 0.418051181 -0.7621383271 0.7842826442 -0.4062474544 
126 2 1.3359949413 0.0745913686 0.6360072235 1.074283891 -0.2178087447 0.2830765016 -0.8265907783 
127 2 1.6317928963 0.3694962058 1.5835428656 0.7097089852 -0.7649268465 0.512088642 -1.0601200876 
128 2 1.5709182593 0.5886892111 0.961704248 0.9173907182 0.7524260197 0.7348863982 0.9392861922 
129 2 1.3328848085 0.8093497056 0.0341119808 0.9331202264 -0.1661581224 -0.8690342804 0.1784112644 
130 2 0.7615733837 0.3194983079 0.1360888379 0.124406873 -0.2085189522 0.1993684664 -0.1301168197 
131 2 1.6524183678 2.0069993871 0.313882516 0.4096045593 0.793701466 -0.9066841233 -0.358563397 
132 2 1.5340542185 1.7675885282 0.0894623323 0.4962714847 0.3976588893 -0.9365915776 -0.2107073906 
133 2 1.5452256561 1.8713836403 0.0362148113 0.4801238767 -0.2603301853 0.9478902722 -0.1318620324 
134 2 1.7099081274 0.143586569 2.1859421828 0.5942570523 0.5602427493 -0.2921084238 -1.1397418822 
135 2 1.5368328766 0.0242147952 2.3023979259 0.0352425695 -0.2361188139 -0.0292128671 0.2848550839 
136 2 1.3517413823 1.1151757679 0.5100067485 0.2020222481 0.7541532785 -0.47464757 -0.3209870868 
137 2 0.8762193117 0.5727356784 0.1563724969 0.0386521069 -0.2992659487 -0.1487865607 0.0777439802 
138 2 1.1958403378 0.6285105903 0.4793345332 0.3221889901 -0.5488777919 -0.4499991026 0.3929838535 
139 2 1.5975084707 0.0603611686 1.074598121 1.4170740242 -0.2546841149 0.2924658 -1.2340117843 
140 2 1.6510718835 2.6010242567 0.1248337606 1.8034727222e-04 -0.5698207082 0.0216584309 -0.0047448317 
141 2 1.5343796659 0.0252194485 2.3011463784 0.0279551321 -0.2409017283 -0.0265520812 0.253631329 
142 2 0.4356208553 0.0589424612 0.052780095 0.0780429733 -0.0557762378 0.067823631 -0.0641803361 
143 2 1.1913885505 0.0703834763 0.3386471515 1.0103760505 0.1543864106 0.2666716686 0.5849452722 
144 2 1.7169666536 1.4345527382 0.9351065367 0.5783152146 -1.1582139883 -0.9108367991 0.735381763 
145 2 1.7304969015 0.042755387 1.9911299529 0.9607341862 -0.2917730825 -0.2026735353 1.3830931332 
146 2 1.5607333106 0.2951475946 0.8510320097 1.2897088625 0.5011786614 -0.616972016 -1.0476562056 
147 2 1.4978236594 1.526319691 0.2292355692 0.4879204545 -0.591512268 0.8629731151 -0.3344379212 
148 2 1.1289384876 0.6275552935 0.2483806692 0.3985661462 -0.3948070462 -0.5001222799 0.3146364983 
149 2 1.550686698 2.3685108318 0.0065908273 0.0295275763 0.1249417699 0.2644548814 0.0139503103 
150 2 1.2381487149 0.7016979664 0.5908489302 0.2404653435 0.6438924544 0.4107724948 0.3769332712 
151 2 1.6540965744 0.0456144357 0.9201888707 1.7702321711 0.2048753185 -0.2841621749 -1.2763024494 
152 2 1.3278746064 0.8832361848 0.8393152664 0.0406995193 -0.8609957106 0.1895977007 -0.1848235046 
153 2 1.2650823661 1.161483838 0.0476298522 0.3913197027 0.2352048119 -0.6741746882 -0.1365228904 
154 2 0.9835553668 0.6125469841 0.1812839881 0.1735501873 -0.3332340922 0.3260485298 -0.1773749421 
155 2 0.6414220101 0.2466498359 0.0022027676 0.1625695915 0.0233090597 -0.2002442585 -0.0189236103 
156 2 1.4814663352 0.5896799151 0.6602709343 0.9447916531 0.6239779711 0.7464078387 0.7898217948 
157 2 0.9523755596 0.4912689403 0.018185944 0.3975643223 -0.0945208412 0.4419400449 -0.0850298917 
158 2 1.5113346276 0.8022887009 1.1142152033 0.3676284523 -0.9454746258 0.5430876111 -0.6400134457 
159 2 1.5727737943 0.0591705105 1.8181340076 0.5963128898 -0.3279937765 0.1878407254 -1.0412380824 
160 2 1.40466042 0.0546722204 0.9827751674 0.9356235078 -0.231798405 -0.2261694379 0.9589095627 
161 2 1.4251533572 0.3982380831 1.4408946091 0.1919293993 0.7575084864 -0.2764662657 -0.5258802495 
162 2 1.3619779503 0.7837116785 0.2640489012 0.8072233576 -0.4549046137 -0.7953806463 0.4616778537 
163 2 1.4244007054 0.6924172488 0.4755613005 0.8609388202 -0.5738352092 -0.7720938345 0.6398665369 
164 2 1.1829839714 0.0242142016 0.0885457707 1.2866911044 0.046304051 0.1765111832 0.3375367468 
165 2 1.0053225745 0.1803496553 0.497971094 0.3323527294 -0.299681356 -0.2448258568 0.4068194345 
166 2 1.7130963297 0.2567715076 2.1782959243 0.499631603 -0.7478798891 -0.3581775537 1.0432379808 
167 2 0.7229260298 0.2272427271 0.1429188052 0.1524605123 -0.1802144806 0.1861331313 -0.1476125816 
168 2 1.5508298081 0.361946288 1.9069306436 0.1361961619 0.8307866561 0.2220263391 0.509624013 
169 2 1.4322234921 0.2490396204 0.1068664193 1.6953580915 -0.1631378941 0.6497779125 -0.4256487386 
170 2 0.7299343443 0.1030778025 0.1961297375 0.233596607 -0.1421851692 0.1551728872 -0.2140449514 
171 2 0.7414964367 0.0458639802 0.0500564322 0.4538965532 -0.0479143738 -0.1442827174 0.1507330157 
172 2 1.4468029749 0.8526057794 0.8872227976 0.3534102712 0.8697420795 0.5489258964 0.5599586141 
173 2 1.6239473533 2.2380946231 0.0624451758 0.3366652074 0.3738424964 0.8680372057 0.1449935104 
174 2 0.418678842 0.0553199035 0.0392115353 0.0807605339 0.0465744388 -0.0668405935 -0.0562738352 
175 2 1.7264469589 0.2933220257 0.5923121023 2.094984974 -0.4168191282 0.7839038438 -1.1139501579 
176 2 1.2675176678 1.5151401696 0.0040868664 0.0873740021 -0.0786903774 0.3638459295 -0.018896716 
177 2 1.1790204971 0.1483364481 1.2150845807 0.0266683038 0.4245483845 -0.0628957985 -0.1800117907 
178 2 1.7424224868 1.3357454709 1.4519880427 0.2483026089 -1.3926544625 0.5759071845 -0.6004435186 
179 2 1.4709060904 0.9100204657 0.5772496015 0.6762946597 0.7247820025 -0.7845011034 -0.6248126302 
180 2 1.6676185025 0.7471031224 0.6306528191 1.4031955283 0.6864129153 -1.0238807355 -0.9407067639 
181 2 0.5902550845 0.0048834822 8.6505355307e-04 0.3426525291 0.0020553524 -0.0409064484 -0.0172166428 
182 2 1.2227442896 1.4853120449 0.0082348231 0.0015567297 -0.110595126 -0.0480856459 0.0035804181 
183 2 1.4005536198 3.1160274835e-04 1.0362300869 0.9250087523 0.0179691998 -0.016977493 -0.9790413167 
184 2 1.5399926467 1.5472618561 0.6635381867 0.160777309 -1.0132459358 -0.4987630675 0.3266219283 
185 2 0.5851332329 0.0466846721 0.0770778053 0.2186184227 0.0599862657 -0.1010253898 -0.1298099697 
186 2 1.4184286699 0.0349740963 0.2188789095 1.7580868858 0.087493383 -0.2479667319 -0.6203290581 
187 2 1.5493446991 2.3365552068 0.041813798 0.0220999918 0.3125703879 0.2272396331 0.0303987597 
188 2 1.7268579928 0.1152812625 1.3661009555 1.5006563093 0.3968448599 -0.4159297464 -1.4317988748 
189 2 0.6271979102 0.0558568427 0.2998220911 0.0376982848 0.1294106463 0.045887985 0.1063145266 
190 2 1.3332237171 0.4737426317 0.9951678617 0.3085749863 -0.6866246732 -0.3823416353 0.5541515219 
191 2 1.0407372967 0.2625925198 0.0467547578 0.7737868432 -0.1108036536 -0.4507667212 0.1902057213 
192 2 1.2396544995 0.2921296027 0.5225863536 0.7220273219 -0.3907210563 0.4592663222 -0.61426511 
193 2 1.660916524 1.8952212817 0.847786091 0.0156363269 1.2675733675 0.1721461576 0.1151358349 
194 2 1.1448703328 0.9894450757 0.0190617743 0.302221229 0.137333822 -0.5468375506 -0.075900414 
195 2 1.1101525716 0.9714797263 0.2588478721 0.0021111337 -0.5014633187 -0.0452871238 0.0233765366 
196 2 1.2733022307 0.7527578299 0.8683790004 1.6174049983e-04 -0.8085042312 0.0110341029 -0.0118512469 
197 2 0.6560997086 0.0606710804 0.0264696406 0.3433261067 -0.0400742023 0.1443259015 -0.0953295266 
198 2 1.6948812711 1.2855619783 1.2524095671 0.3346509777 1.2688775042 0.6559074424 0.6473948456 
199 2 1.4148965242 1.9744396443 0.0094118916 0.0180806383 -0.1363202549 -0.1889421313 0.0130450377 
200 2 1.3536280806 1.7044274428 0.1234453632 0.0044361746 -0.4586977924 0.0869548032 -0.0234013929 
201 1 0.0 0.0 0.0 0.0 0.0 0.0 0.0 
202 1 0.0 0.0 0.0 0.0 0.0 0.0 0.0 
203 1 0.0 0.0 0.0 0.0 0.0 0.0 0.0 
204 1 0.0 0.0 0.0 0.0 0.0 0.0 0.0 
205 1 0.0 0.0 0.0 0.0 0.0 0.0 0.0 
206 1 0.0 0.0 0.0 0.0 0.0 0.0 0.0 
207 1 0.0 0.0 0.0 0.0 0.0 0.0 0.0 
208 1 0.0 0.0 0.0 0.0 0.0 0.0 0.0 
209 1 0.0 0.0 0.0 0.0 0.0 0.0 0.0 
210 1 0.0 0.0 0.0 0.0 0.0 0.0 0.0 
211 1 0.0 0.0 0.0 0.0 0.0 0.0 0.0 
212 1 0.0 0.0 0.0 0.0 0.0 0.0 0.0 
213 1 0.0 0.0 0.0 0.0 0.0 0.0 0.0 
214 1 0.0 0.0 0.0 0.0 0.0 0.0 0.0 
215 1 0.0 0.0 0.0 0.0 0.0 0.0 0.0 
216 1 0.0 0.0 0.0 0.0 0.0 0.0 0.0 
217 1 0.0 0.0 0.0 0.0 0.0 0.0 0.0 
218 1 0.0 0.0 0.0 0.0 0.0 0.0 0.0 
219 1 0.0 0.0 0.0 0.0 0.0 0.0 0.0 
220 1 0.0 0.0 0.0 0.0 0.0 0.0 0.0 
221 1 0.0 0.0 0.0 0.0 0.0 0.0 0.0 
222 1 0.0 0.0 0.0 0.0 0.0 0.0 0.0 
223 1 0.0 0.0 0.0 0.0 0.0 0.0 0.0 
224 1 0.0 0.0 0.0 0.0 0.0 0.0 0.0 
225 1 0.0 0.0 0.0 0.0 0.0 0.0 0.0 
226 1 0.0 0.0 0.0 0.0 0.0 0.0 0.0 
227 1 0.0 0.0 0.0 0.0 0.0 0.0 0.0 
228 1 0.0 0.0 0.0 0.0 0.0 0.0 0.0 
229 1 0.0 0.0 0.0 0.0 0.0 0.0 0.0 
230 1 0.0 0.0 0.0 0.0 0.0 0.0 0.0 
231 1 0.0 0.0 0.0 0.0 0.0 0.0 0.0 
232 1 0.0 0.0 0.0 0.0 0.0 0.0 0.0 
233 1 0.0 0.0 0.0 0.0 0.0 0.0 0.0 
234 1 0.0 0.0 0.0 0.0 0.0 0.0 0.0 
235 1 0.0 0.0 0.0 0.0 0.0 0.0 0.0 
236 1 0.0 0.0 0.0 0.0 0.0 0.0 0.0 
237 1 0.0 0.0 0.0 0.0 0.0 0.0 0.0 
238 1 0.0 0.0 0.0 0.0 0.0 0.0 0.0 
239 1 0.0 0.0 0.0 0.0 0.0 0.0 0.0 
240 1 0.0 0.0 0.0 0.0 0.0 0.0 0.0 
241 1 0.0 0.0 0.0 0.0 0.0 0.0 0.0 
242 1 0.0 0.0 0.0 0.0 0.0 0.0 0.0 
243 1 0.0 0.0 0.0 0.0 0.0 0.0 0.0 
244 1 0.0 0.0 0.0 0.0 0.0 0.0 0.0 
245 1 0.0 0.0 0.0 0.0 0.0 0.0 0.0 
246 1 0.0 0.0 0.0 0.0 0.0 0.0 0.0 
247 1 0.0 0.0 0.0 0.0 0.0 0.0 0.0 
248 1 0.0 0.0 0.0 0.0 0.0 0.0 0.0 
249 1 0.0 0.0 0.0 0.0 0.0 0.0 0.0 
250 1 0.0 0.0 0.0 0.0 0.0 0.0 0.0 
251 1 0.0 0.0 0.0 0.0 0.0 0.0 0.0 
252 1 0.0 0.0 0.0 0.0 0.0 0.0 0.0 
253 1 0.0 0.0 0.0 0.0 0.0 0.0 0.0 
254 1 0.0 0.0 0.0 0.0 0.0 0.0 0.0 
255 1 0.0 0.0 0.0 0.0 0.0 0.0 0.0 
256 1 0.0 0.0 0.0 0.0 0.0 0.0 0.0 
257 1 0.0 0.0 0.0 0.0 0.0 0.0 0.0 
258 1 0.0 0.0 0.0 0.0 0.0 0.0 0.0 
259 1 0.0 0.0 0.0 0.0 0.0 0.0 0.0 
260 1 0.0 0.0 0.0 0.0 0.0 0.0 0.0 
261 1 0.0 0.0 0.0 0.0 0.0 0.0 0.0 
262 1 0.0 0.0 0.0 0.0 0.0 0.0 0.0 
263 1 0.0 0.0 0.0 0.0 0.0 0.0 0.0 
264 1 0.0 0.0 0.0 0.0 0.0 0.0 0.0 
265 1 0.0 0.0 0.0 0.0 0.0 0.0 0.0 
266 1 0.0 0.0 0.0 0.0 0.0 0.0 0.0 
267 1 0.0 0.0 0.0 0.0 0.0 0.0 0.0 
268 1 0.0 0.0 0.0 0.0 0.0 0.0 0.0 
269 1 0.0 0.0 0.0 0.0 0.0 0.0 0.0 
270 1 0.0 0.0 0.0 0.0 0.0 0.0 0.0 
271 1 0.0 0.0 0.0 0.0 0.0 0.0 0.0 
272 1 0.0 0.0 0.0 0.0 0.0 0.0 0.0 
273 1 0.0 0.0 0.0 0.0 0.0 0.0 0.0 
274 1 0.0 0.0 0.0 0.0 0.0 0.0 0.0 
275 1 0.0 0.0 0.0 0.0 0.0 0.0 0.0 
276 1 0.0 0.0 0.0 0.0 0.0 0.0 0.0 
277 1 0.0 0.0 0.0 0.0 0.0 0.0 0.0 
278 1 0.0 0.0 0.0 0.0 0.0 0.0 0.0 
279 1 0.0 0.0 0.0 0.0 0.0 0.0 0.0 
280 1 0.0 0.0 0.0 0.0 0.0 0.0 0.0 
281 1 0.0 0.0 0.0 0.0 0.0 0.0 0.0 
282 1 0.0 0.0 0.0 0.0 0.0 0.0 0.0 
283 1 0.0 0.0 0.0 0.0 0.0 0.0 0.0 
284 1 0.0 0.0 0.0 0.0 0.0 0.0 0.0 
285 1 0.0 0.0 0.0 0.0 0.0 0.0 0.0 
286 1 0.0 0.0 0.0 0.0 0.0 0.0 0.0 
287 1 0.0 0.0 0.0 0.0 0.0 0.0 0.0 
288 1 0.0 0.0 0.0 0.0 0.0 0.0 0.0 
289 1 0.0 0.0 0.0 0.0 0.0 0.0 0.0 
290 1 0.0 0.0 0.0 0.0 0.0 0.0 0.0 
291 1 0.0 0.0 0.0 0.0 0.0 0.0 0.0 
292 1 0.0 0.0 0.0 0.0 0.0 0.0 0.0 
293 1 0.0 0.0 0.0 0.0 0.0 0.0 0.0 
294 1 0.0 0.0 0.0 0.0 0.0 0.0 0.0 
295 1 0.0 0.0 0.0 0.0 0.0 0.0 0.0 
296 1 0.0 0.0 0.0 0.0 0.0 0.0 0.0 
297 1 0.0 0.0 0.0 0.0 0.0 0.0 0.0 
298 1 0.0 0.0 0.0 0.0 0.0 0.0 0.0 
299 1 0.0 0.0 0.0 0.0 0.0 0.0 0.0 
300 1 0.0 0.0 0.0 0.0 0.0 0.0 0.0 
301 1 0.0 0.0 0.0 0.0 0.0 0.0 0.0 
302 1 0.0 0.0 0.0 0.0 0.0 0.0 0.0 
303 1 0.0 0.0 0.0 0.0 0.0 0.0 0.0 
304 1 0.0 0.0 0.0 0.0 0.0 0.0 0.0 
305 1 0.0 0.0 0.0 0.0 0.0 0.0 0.0 
306 1 0.0 0.0 0.0 0.0 0.0 0.0 0.0 
307 1 0.0 0.0 0.0 0.0 0.0 0.0 0.0 
308 1 0.0 0.0 0.0 0.0 0.0 0.0 0.0 
309 1 0.0 0.0 0.0 0.0 0.0 0.0 0.0 
310 1 0.0 0.0 0.0 0.0 0.0 0.0 0.0 
311 1 0.0 0.0 0.0 0.0 0.0 0.0 0.0 
312 1 0.0 0.0 0.0 0.0 0.0 0.0 0.0 
313 1 0.0 0.0 0.0 0.0 0.0 0.0 0.0 
314 1 0.0 0.0 0.0 0.0 0.0 0.0 0.0 
315 1 0.0 0.0 0.0 0.0 0.0 0.0 0.0 
316 1 0.0 0.0 0.0 0.0 0.0 0.0 0.0 
317 1 0.0 0.0 0.0 0.0 0.0 0.0 0.0 
318 1 0.0 0.0 0.0 0.0 0.0 0.0 0.0 
319 1 0.0 0.0 0.0 0.0 0.0 0.0 0.0 
320 1 0.0 0.0 0.0 0.0 0.0 0.0 0.0 
321 1 0.0 0.0 0.0 0.0 0.0 0.0 0.0 
322 1 0.0 0.0 0.0 0.0 0.0 0.0 0.0 
323 1 0.0 0.0 0.0 0.0 0.0 0.0 0.0 
324 1 0.0 0.0 0.0 0.0 0.0 0.0 0.0 
325 1 0.0 0.0 0.0 0.0 0.0 0.0 0.0 
326 1 0.0 0.0 0.0 0.0 0.0 0.0 0.0 
327 1 0.0 0.0 0.0 0.0 0.0 0.0 0.0 
328 1 0.0 0.0 0.0 0.0 0.0 0.0 0.0 
329 1 0.0 0.0 0.0 0.0 0.0 0.0 0.0 
330 1 0.0 0.0 0.0 0.0 0.0 0.0 0.0 
331 1 0.0 0.0 0.0 0.0 0.0 0.0 0.0 
332 1 0.0 0.0 0.0 0.0 0.0 0.0 0.0 
333 1 0.0 0.0 0.0 0.0 0.0 0.0 0.0 
334 1 0.0 0.0 0.0 0.0 0.0 0.0 0.0 
335 1 0.0 0.0 0.0 0.0 0.0 0.0 0.0 
336 1 0.0 0.0 0.0 0.0 0.0 0.0 0.0 
337 1 0.0 0.0 0.0 0.0 0.0 0.0 0.0 
338 1 0.0 0.0 0.0 0.0 0.0 0.0 0.0 
339 1 0.0 0.0 0.0 0.0 0.0 0.0 0.0 
340 1 0.0 0.0 0.0 0.0 0.0 0.0 0.0 
341 1 0.0 0.0 0.0 0.0 0.0 0.0 0.0 
342 1 0.0 0.0 0.0 0.0 0.0 0.0 0.0 
343 1 0.0 0.0 0.0 0.0 0.0 0.0 0.0 
344 1 0.0 0.0 0.0 0.0 0.0 0.0 0.0 
345 1 0.0 0.0 0.0 0.0 0.0 0.0 0.0 
346 1 0.0 0.0 0.0 0.0 0.0 0.0 0.0 
347 1 0.0 0.0 0.0 0.0 0.0 0.0 0.0 
348 1 0.0 0.0 0.0 0.0 0.0 0.0 0.0 
349 1 0.0 0.0 0.0 0.0 0.0 0.0 0.0 
350 1 0.0 0.0 0.0 0.0 0.0 0.0 0.0 
351 1 0.0 0.0 0.0 0.0 0.0 0.0 0.0 
352 1 0.0 0.0 0.0 0.0 0.0 0.0 0.0 
353 1 0.0 0.0 0.0 0.0 0.0 0.0 0.0 
354 1 0.0 0.0 0.0 0.0 0.0 0.0 0.0 
355 1 0.0 0.0 0.0 0.0 0.0 0.0 0.0 
356 1 0.0 0.0 0.0 0.0 0.0 0.0 0.0 
357 1 0.0 0.0 0.0 0.0 0.0 0.0 0.0 
358 1 0.0 0.0 0.0 0.0 0.0 0.0 0.0 
359 1 0.0 0.0 0.0 0.0 0.0 0.0 0.0 
360 1 0.0 0.0 0.0 0.0 0.0 0.0 0.0 
361 1 0.0 0.0 0.0 0.0 0.0 0.0 0.0 
362 1 0.0 0.0 0.0 0.0 0.0 0.0 0.0 
363 1 0.0 0.0 0.0 0.0 0.0 0.0 0.0 
364 1 0.0 0.0 0.0 0.0 0.0 0.0 0.0 
365 1 0.0 0.0 0.0 0.0 0.0 0.0 0.0 
366 1 0.0 0.0 0.0 0.0 0.0 0.0 0.0 
367 1 0.0 0.0 0.0 0.0 0.0 0.0 0.0 
368 1 0.0 0.0 0.0 0.0 0.0 0.0 0.0 
369 1 0.0 0.0 0.0 0.0 0.0 0.0 0.0 
370 1 0.0 0.0 0.0 0.0 0.0 0.0 0.0 
371 1 0.0 0.0 0.0 0.0 0.0 0.0 0.0 
372 1 0.0 0.0 0.0 0.0 0.0 0.0 0.0 
373 1 0.0 0.0 0.0 0.0 0.0 0.0 0.0 
374 1 0.0 0.0 0.0 0.0 0.0 0.0 0.0 
375 1 0.0 0.0 0.0 0.0 0.0 0.0 0.0 
376 1 0.0 0.0 0.0 0.0 0.0 0.0 0.0 
377 1 0.0 0.0 0.0 0.0 0.0 0.0 0.0 
378 1 0.0 0.0 0.0 0.0 0.0 0.0 0.0 
379 1 0.0 0.0 0.0 0.0 0.0 0.0 0.0 
380 1 0.0 0.0 0.0 0.0 0.0 0.0 0.0 
381 1 0.0 0.0 0.0 0.0 0.0 0.0 0.0 
382 1 0.0 0.0 0.0 0.0 0.0 0.0 0.0 
383 1 0.0 0.0 0.0 0.0 0.0 0.0 0.0 
384 1 0.0 0.0 0.0 0.0 0.0 0.0 0.0 
385 1 0.0 0.0 0.0 0.0 0.0 0.0 0.0 
386 1 0.0 0.0 0.0 0.0 0.0 0.0 0.0 
387 1 0.0 0.0 0.0 0.0 0.0 0.0 0.0 
388 1 0.0 0.0 0.0 0.0 0.0 0.0 0.0 
389 1 0.0 0.0 0.0 0.0 0.0 0.0 0.0 
390 1 0.0 0.0 0.0 0.0 0.0 0.0 0.0 
391 1 0.0 0.0 0.0 0.0 0.0 0.0 0.0 
392 1 0.0 0.0 0.0 0.0 0.0 0.0 0.0 
393 1 0.0 0.0 0.0 0.0 0.0 0.0 0.0 
394 1 0.0 0.0 0.0 0.0 0.0 0.0 0.0 
395 1 0.0 0.0 0.0 0.0 0.0 0.0 0.0 
396 1 0.0 0.0 0.0 0.0 0.0 0.0 0.0 
397 1 0.0 0.0 0.0 0.0 0.0 0.0 0.0 
398 1 0.0 0.0 0.0 0.0 0.0 0.0 0.0 
399 1 0.0 0.0 0.0 0.0 0.0 0.0 0.0 
400 1 0.0 0.0 0.0 0.0 0.0 0.0 0.0 
401 1 0.0 0.0 0.0 0.0 0.0 0.0 0.0 
402 1 0.0 0.0 0.0 0.0 0.0 0.0 0.0 
403 1 0.0 0.0 0.0 0.0 0.0 0.0 0.0 
404 1 0.0 0.0 0.0 0.0 0.0 0.0 0.0 
405 1 0.0 0.0 0.0 0.0 0.0 0.0 0.0 
406 1 0.0 0.0 0.0 0.0 0.0 0.0 0.0 
407 1 0.0 0.0 0.0 0.0 0.0 0.0 0.0 
408 1 0.0 0.0 0.0 0.0 0.0 0.0 0.0 
409 1 0.0 0.0 0.0 0.0 0.0 0.0 0.0 
410 1 0.0 0.0 0.0 0.0 0.0 0.0 0.0 
411 1 0.0 0.0 0.0 0.0 0.0 0.0 0.0 
412 1 0.0 0.0 0.0 0.0 0.0 0.0 0.0 
413 1 0.0 0.0 0.0 0.0 0.0 0.0 0.0 
414 1 0.0 0.0 0.0 0.0 0.0 0.0 0.0 
415 1 0.0 0.0 0.0 0.0 0.0 0.0 0.0 
416 1 0.0 0.0 0.0 0.0 0.0 0.0 0.0 
417 1 0.0 0.0 0.0 0.0 0.0 0.0 0.0 
418 1 0.0 0.0 0.0 0.0 0.0 0.0 0.0 
419 1 0.0 0.0 0.0 0.0 0.0 0.0 0.0 
420 1 0.0 0.0 0.0 0.0 0.0 0.0 0.0 
421 1 0.0 0.0 0.0 0.0 0.0 0.0 0.0 
422 1 0.0 0.0 0.0 0.0 0.0 0.0 0.0 
423 1 0.0 0.0 0.0 0.0 0.0 0.0 0.0 
424 1 0.0 0.0 0.0 0.0 0.0 0.0 0.0 
425 1 0.0 0.0 0.0 0.0 0.0 0.0 0.0 
426 1 0.0 0.0 0.0 0.0 0.0 0.0 0.0 
427 1 0.0 0.0 0.0 0.0 0.0 0.0 0.0 
428 1 0.0 0.0 0.0 0.0 0.0 0.0 0.0 
429 1 0.0 0.0 0.0 0.0 0.0 0.0 0.0 
430 1 0.0 0.0 0.0 0.0 0.0 0.0 0.0 
431 1 0.0 0.0 0.0 0.0 0.0 0.0 0.0 
432 1 0.0 0.0 0.0 0.0 0.0 0.0 0.0 
433 1 0.0 0.0 0.0 0.0 0.0 0.0 0.0 
434 1 0.0 0.0 0.0 0.0 0.0 0.0 0.0 
435 1 0.0 0.0 0.0 0.0 0.0 0.0 0.0 
436 1 0.0 0.0 0.0 0.0 0.0 0.0 0.0 
437 1 0.0 0.0 0.0 0.0 0.0 0.0 0.0 
438 1 0.0 0.0 0.0 0.0 0.0 0.0 0.0 
439 1 0.0 0.0 0.0 0.0 0.0 0.0 0.0 
440 1 0.0 0.0 0.0 0.0 0.0 0.0 0.0 
441 1 0.0 0.0 0.0 0.0 0.0 0.0 0.0 
442 1 0.0 0.0 0.0 0.0 0.0 0.0 0.0 
443 1 0.0 0.0 0.0 0.0 0.0 0.0 0.0 
444 1 0.0 0.0 0.0 0.0 0.0 0.0 0.0 
445 1 0.0 0.0 0.0 0.0 0.0 0.0 0.0 
446 1 0.0 0.0 0.0 0.0 0.0 0.0 0.0 
447 1 0.0 0.0 0.0 0.0 0.0 0.0 0.0 
448 1 0.0 0.0 0.0 0.0 0.0 0.0 0.0 
449 1 0.0 0.0 0.0 0.0 0.0 0.0 0.0 
450 1 0.0 0.0 0.0 0.0 0.0 0.0 0.0 
451 1 0.0 0.0 0.0 0.0 0.0 0.0 0.0 
452 1 0.0 0.0 0.0 0.0 0.0 0.0 0.0 
453 1 0.0 0.0 0.0 0.0 0.0 0.0 0.0 
454 1 0.0 0.0 0.0 0.0 0.0 0.0 0.0 
455 1 0.0 0.0 0.0 0.0 0.0 0.0 0.0 
456 1 0.0 0.0 0.0 0.0 0.0 0.0 0.0 
457 1 0.0 0.0 0.0 0.0 0.0 0.0 0.0 
458 1 0.0 0.0 0.0 0.0 0.0 0.0 0.0 
459 1 0.0 0.0 0.0 0.0 0.0 0.0 0.0 
460 1 0.0 0.0 0.0 0.0 0.0 0.0 0.0 
461 1 0.0 0.0 0.0 0.0 0.0 0.0 0.0 
462 1 0.0 0.0 0.0 0.0 0.0 0.0 0.0 
463 1 0.0 0.0 0.0 0.0 0.0 0.0 0.0 
464 1 0.0 0.0 0.0 0.0 0.0 0.0 0.0 
465 1 0.0 0.0 0.0 0.0 0.0 0.0 0.0 
466 1 0.0 0.0 0.0 0.0 0.0 0.0 0.0 
467 1 0.0 0.0 0.0 0.0 0.0 0.0 0.0 
468 1 0.0 0.0 0.0 0.0 0.0 0.0 0.0 
469 1 0.0 0.0 0.0 0.0 0.0 0.0 0.0 
470 1 0.0 0.0 0.0 0.0 0.0 0.0 0.0 
471 1 0.0 0.0 0.0 0.0 0.0 0.0 0.0 
472 1 0.0 0.0 0.0 0.0 0.0 0.0 0.0 
473 1 0.0 0.0 0.0 0.0 0.0 0.0 0.0 
474 1 0.0 0.0 0.0 0.0 0.0 0.0 0.0 
475 1 0.0 0.0 0.0 0.0 0.0 0.0 0.0 
476 1 0.0 0.0 0.0 0.0 0.0 0.0 0.0 
477 1 0.0 0.0 0.0 0.0 0.0 0.0 0.0 
478 1 0.0 0.0 0.0 0.0 0.0 0.0 0.0 
479 1 0.0 0.0 0.0 0.0 0.0 0.0 0.0 
480 1 0.0 0.0 0.0 0.0 0.0 0.0 0.0 
481 1 0.0 0.0 0.0 0.0 0.0 0.0 0.0 
482 1 0.0 0.0 0.0 0.0 0.0 0.0 0.0 
483 1 0.0 0.0 0.0 0.0 0.0 0.0 0.0 
484 1 0.0 0.0 0.0 0.0 0.0 0.0 0.0 
485 1 0.0 0.0 0.0 0.0 0.0 0.0 0.0 
486 1 0.0 0.0 0.0 0.0 0.0 0.0 0.0 
487 1 0.0 0.0 0.0 0.0 0.0 0.0 0.0 
488 1 0.0 0.0 0.0 0.0 0.0 0.0 0.0 
489 1 0.0 0.0 0.0 0.0 0.0 0.0 0.0 
490 1 0.0 0.0 0.0 0.0 0.0 0.0 0.0 
491 1 0.0 0.0 0.0 0.0 0.0 0.0 0.0 
492 1 0.0 0.0 0.0 0.0 0.0 0.0 0.0 
493 1 0.0 0.0 0.0 0.0 0.0 0.0 0.0 
494 1 0.0 0.0 0.0 0.0 0.0 0.0 0.0 
495 1 0.0 0.0 0.0 0.0 0.0 0.0 0.0 
496 1 0.0 0.0 0.0 0.0 0.0 0.0 0.0 
497 1 0.0 0.0 0.0 0.0 0.0 0.0 0.0 
498 1 0.0 0.0 0.0 0.0 0.0 0.0 0.0 
499 1 0.0 0.0 0.0 0.0 0.0 0.0 0.0 
500 1 0.0 0.0 0.0 0.0 0.0 0.0 0.0 
501 1 0.0 0.0 0.0 0.0 0.0 0.0 0.0 
502 1 0.0 0.0 0.0 0.0 0.0 0.0 0.0 
503 1 0.0 0.0 0.0 0.0 0.0 0.0 0.0 
504 1 0.0 0.0 0.0 0.0 0.0 0.0 0.0 
505 1 0.0 0.0 0.0 0.0 0.0 0.0 0.0 
506 1 0.0 0.0 0.0 0.0 0.0 0.0 0.0 
507 1 0.0 0.0 0.0 0.0 0.0 0.0 0.0 
508 1 0.0 0.0 0.0 0.0 0.0 0.0 0.0 
509 1 0.0 0.0 0.0 0.0 0.0 0.0 0.0 
510 1 0.0 0.0 0.0 0.0 0.0 0.0 0.0 
511 1 0.0 0.0 0.0 0.0 0.0 0.0 0.0 
512 1 0.0 0.0 0.0 0.0 0.0 0.0 0.0 
513 1 0.0 0.0 0.0 0.0 0.0 0.0 0.0 
514 1 0.0 0.0 0.0 0.0 0.0 0.0 0.0 
515 1 0.0 0.0 0.0 0.0 0.0 0.0 0.0 
516 1 0.0 0.0 0.0 0.0 0.0 0.0 0.0 
517 1 0.0 0.0 0.0 0.0 0.0 0.0 0.0 
518 1 0.0 0.0 0.0 0.0 0.0 0.0 0.0 
519 1 0.0 0.0 0.0 0.0 0.0 0.0 0.0 
520 1 0.0 0.0 0.0 0.0 0.0 0.0 0.0 
521 1 0.0 0.0 0.0 0.0 0.0 0.0 0.0 
522 1 0.0 0.0 0.0 0.0 0.0 0.0 0.0 
523 1 0.0 0.0 0.0 0.0 0.0 0.0 0.0 
524 1 0.0 0.0 0.0 0.0 0.0 0.0 0.0 
525 1 0.0 0.0 0.0 0.0 0.0 0.0 0.0 
526 1 0.0 0.0 0.0 0.0 0.0 0.0 0.0 
527 1 0.0 0.0 0.0 0.0 0.0 0.0 0.0 
528 1 0.0 0.0 0.0 0.0 0.0 0.0 0.0 
529 1 0.0 0.0 0.0 0.0 0.0 0.0 0.0 
530 1 0.0 0.0 0.0 0.0 0.0 0.0 0.0 
531 1 0.0 0.0 0.0 0.0 0.0 0.0 0.0 
532 1 0.0 0.0 0.0 0.0 0.0 0.0 0.0 
533 1 0.0 0.0 0.0 0.0 0.0 0.0 0.0 
534 1 0.0 0.0 0.0 0.0 0.0 0.0 0.0 
535 1 0.0 0.0 0.0 0.0 0.0 0.0 0.0 
536 1 0.0 0.0 0.0 0.0 0.0 0.0 0.0 
537 1 0.0 0.0 0.0 0.0 0.0 0.0 0.0 
538 1 0.0 0.0 0.0 0.0 0.0 0.0 0.0 
539 1 0.0 0.0 0.0 0.0 0.0 0.0 0.0 
540 1 0.0 0.0 0.0 0.0 0.0 0.0 0.0 
541 1 0.0 0.0 0.0 0.0 0.0 0.0 0.0 
542 1 0.0 0.0 0.0 0.0 0.0 0.0 0.0 
543 1 0.0 0.0 0.0 0.0 0.0 0.0 0.0 
544 1 0.0 0.0 0.0 0.0 0.0 0.0 0.0 
545 1 0.0 0.0 0.0 0.0 0.0 0.0 0.0 
546 1 0.0 0.0 0.0 0.0 0.0 0.0 0.0 
547 1 0.0 0.0 0.0 0.0 0.0 0.0 0.0 
548 1 0.0 0.0 0.0 0.0 0.0 0.0 0.0 
549 1 0.0 0.0 0.0 0.0 0.0 0.0 0.0 
550 1 0.0 0.0 0.0 0.0 0.0 0.0 0.0 
551 1 0.0 0.0 0.0 0.0 0.0 0.0 0.0 
552 1 0.0 0.0 0.0 0.0 0.0 0.0 0.0 
553 1 0.0 0.0 0.0 0.0 0.0 0.0 0.0 
554 1 0.0 0.0 0.0 0.0 0.0 0.0 0.0 
555 1 0.0 0.0 0.0 0.0 0.0 0.0 0.0 
556 1 0.0 0.0 0.0 0.0 0.0 0.0 0.0 
557 1 0.0 0.0 0.0 0.0 0.0 0.0 0.0 
558 1 0.0 0.0 0.0 0.0 0.0 0.0 0.0 
559 1 0.0 0.0 0.0 0.0 0.0 0.0 0.0 
560 1 0.0 0.0 0.0 0.0 0.0 0.0 0.0 
561 1 0.0 0.0 0.0 0.0 0.0 0.0 0.0 
562 1 0.0 0.0 0.0 0.0 0.0 0.0 0.0 
563 1 0.0 0.0 0.0 0.0 0.0 0.0 0.0 
564 1 0.0 0.0 0.0 0.0 0.0 0.0 0.0 
565 1 0.0 0.0 0.0 0.0 0.0 0.0 0.0 
566 1 0.0 0.0 0.0 0.0 0.0 0.0 0.0 
567 1 0.0 0.0 0.0 0.0 0.0 0.0 0.0 
568 1 0.0 0.0 0.0 0.0 0.0 0.0 0.0 
569 1 0.0 0.0 0.0 0.0 0.0 0.0 0.0 
570 1 0.0 0.0 0.0 0.0 0.0 0.0 0.0 
571 1 0.0 0.0 0.0 0.0 0.0 0.0 0.0 
572 1 0.0 0.0 0.0 0.0 0.0 0.0 0.0 
573 1 0.0 0.0 0.0 0.0 0.0 0.0 0.0 
574 1 0.0 0.0 0.0 0.0 0.0 0.0 0.0 
575 1 0.0 0.0 0.0 0.0 0.0 0.0 0.0 
576 1 0.0 0.0 0.0 0.0 0.0 0.0 0.0 
577 1 0.0 0.0 0.0 0.0 0.0 0.0 0.0 
578 1 0.0 0.0 0.0 0.0 0.0 0.0 0.0 
579 1 0.0 0.0 0.0 0.0 0.0 0.0 0.0 
580 1 0.0 0.0 0.0 0.0 0.0 0.0 0.0 
581 1 0.0 0.0 0.0 0.0 0.0 0.0 0.0 
582 1 0.0 0.0 0.0 0.0 0.0 0.0 0.0 
583 1 0.0 0.0 0.0 0.0 0.0 0.0 0.0 
584 1 0.0 0.0 0.0 0.0 0.0 0.0 0.0 
585 1 0.0 0.0 0.0 0.0 0.0 0.0 0.0 
586 1 0.0 0.0 0.0 0.0 0.0 0.0 0.0 
587 1 0.0 0.0 0.0 0.0 0.0 0.0 0.0 
588 1 0.0 0.0 0.0 0.0 0.0 0.0 0.0 
589 1 0.0 0.0 0.0 0.0 0.0 0.0 0.0 
590 1 0.0 0.0 0.0 0.0 0.0 0.0 0.0 
591 1 0.0 0.0 0.0 0.0 0.0 0.0 0.0 
592 1 0.0 0.0 0.0 0.0 0.0 0.0 0.0 
593 1 0.0 0.0 0.0 0.0 0.0 0.0 0.0 
594 1 0.0 0.0 0.0 0.0 0.0 0.0 0.0 
595 1 0.0 0.0 0.0 0.0 0.0 0.0 0.0 
596 1 0.0 0.0 0.0 0.0 0.0 0.0 0.0 
597 1 0.0 0.0 0.0 0.0 0.0 0.0 0.0 
598 1 0.0 0.0 0.0 0.0 0.0 0.0 0.0 
599 1 0.0 0.0 0.0 0.0 0.0 0.0 0.0 
600 1 0.0 0.0 0.0 0.0 0.0 0.0 0.0 
601 1 0.0 0.0 0.0 0.0 0.0 0.0 0.0 
602 1 0.0 0.0 0.0 0.0 0.0 0.0 0.0 
603 1 0.0 0.0 0.0 0.0 0.0 0.0 0.0 
604 1 0.0 0.0 0.0 0.0 0.0 0.0 0.0 
605 1 0.0 0.0 0.0 0.0 0.0 0.0 0.0 
606 1 0.0 0.0 0.0 0.0 0.0 0.0 0.0 
607 1 0.0 0.0 0.0 0.0 0.0 0.0 0.0 
608 1 0.0 0.0 0.0 0.0 0.0 0.0 0.0 
609 1 0.0 0.0 0.0 0.0 0.0 0.0 0.0 
610 1 0.0 0.0 0.0 0.0 0.0 0.0 0.0 
611 1 0.0 0.0 0.0 0.0 0.0 0.0 0.0 
612 1 0.0 0.0 0.0 0.0 0.0 0.0 0.0 
613 1 0.0 0.0 0.0 0.0 0.0 0.0 0.0 
614 1 0.0 0.0 0.0 0.0 0.0 0.0 0.0 
615 1 0.0 0.0 0.0 0.0 0.0 0.0 0.0 
616 1 0.0 0.0 0.0 0.0 0.0 0.0 0.0 
617 1 0.0 0.0 0.0 0.0 0.0 0.0 0.0 
