# Cluster list (75 data points):
# "Cluster Identifier" "Cluster Size" "Radius of Gyration" "Gyration Tensor.XX" "Gyration Tensor.YY" "Gyration Tensor.ZZ" "Gyration Tensor.XY" "Gyration Tensor.XZ" "Gyration Tensor.YZ"
1 44 3.2856282815 3.8983938458 3.0541793624 3.8427799963 -0.0848289022 -0.7089259263 0.5728610334 
2 42 3.2248209063 3.8955390345 3.2940114446 3.2099193988 0.516403673 -0.0652998686 -0.1665838725 
3 35 3.0283774885 2.8289631537 2.7406868694 3.6014201898 -0.3410278431 -0.3745759999 -0.3062213349 
4 33 3.5442167338 2.5749244121 3.1370594326 6.8494884118 0.5828031765 -0.3439493692 -2.2591452104 
5 32 3.0267856216 3.8365791816 2.9383254287 2.3865265888 0.6827982364 -0.281859818 0.0750460614 
6 32 2.9270286376 2.3343121318 2.9987056834 3.2344788303 0.122528544 0.1179645035 -0.4087279039 
7 30 2.8912756545 3.3899500835 2.5874465214 2.3820783057 0.2157662088 0.1232858753 -0.0382216551 
8 29 3.3429360486 2.1200943573 1.7690360099 7.2860910579 0.430295286 -1.1526299082 -0.6372083838 
9 29 2.870316778 2.7762060988 2.5977816328 2.8647306742 -0.2211296731 0.3019849361 -0.8031160745 
10 29 2.8420281304 2.8309620459 3.0915601479 2.1546017005 0.604374711 0.088437512 0.0898683202 
11 27 2.7553294663 2.4561612628 2.3308536341 2.8048255709 6.8955479165e-04 -0.2194728414 -0.0316215341 
12 26 2.742410319 2.9560924789 2.5441547432 2.0205671355 0.5336358685 0.1313274551 0.4582720762 
13 25 2.7042324681 2.4155852297 2.7859425982 2.1113454135 -0.0824081915 -0.0083753276 -0.1468278576 
14 24 2.6522995979 2.1083772197 2.3612600635 2.5650558738 0.3359672037 -0.24103106 0.0381876767 
15 23 2.6001025156 2.3618905782 1.830810027 2.5678324865 -0.4241074343 0.0762887309 0.1671192373 
16 23 2.6633412704 3.142094358 2.2125401219 1.7387522425 -0.1183741539 -0.2510722117 0.3114616039 
17 22 2.5796061718 2.4012941918 2.7246665869 1.5284072231 -0.038955356 -0.3445926767 -0.0713104713 
18 22 2.6038682381 2.4210047579 2.2871155159 2.0720095273 -0.1957265043 -0.2238437026 0.027996355 
19 22 2.6230908441 3.1025883815 2.1959933514 1.5820238435 -0.2696162642 -0.4135396143 -0.165238588 
20 22 2.5701314529 1.7443149244 2.2476977523 2.6135630083 0.079218104 0.3063561671 0.1654506726 
21 21 2.5454797108 1.9469805251 1.722101649 2.8103847838 0.2906033789 -0.0983745642 0.3090078734 
22 21 2.5916605328 2.3927954711 1.7886125432 2.5352963028 -0.2491196732 0.0904323307 0.0066347101 
23 21 2.5470288616 2.7656821067 2.1747587133 1.5469152019 -0.2578308772 -0.2246946045 -0.192516415 
24 20 2.6002570469 2.5672930983 2.0761801919 2.1178634199 0.4666260836 0.0724370024 0.2288801558 
25 18 2.4689150801 1.8009923737 1.3891029188 2.9054463803 0.1259301658 0.3148597199 -0.0901511844 
26 18 2.4240291279 1.3707751856 2.2174466884 2.2876953388 0.21471906 0.0028011772 -0.0643290885 
27 17 2.3206091328 1.7049345741 1.7797814982 1.900510675 -0.0024082573 -0.0535296293 -0.1756977215 
28 16 2.330218397 2.3671549143 1.7640742856 1.2986885781 -0.3133833731 -0.2690188612 0.0104413328 
29 16 2.3285415709 1.6793875448 2.455987718 1.2867305847 -0.2862863134 -0.1326182166 -0.0862640294 
30 14 2.198226211 1.3355040375 1.4226952667 2.0739991707 0.0479062659 -0.1570649532 -0.2042332882 
31 14 2.1671386888 1.4412850278 1.4286212061 1.8265838627 0.0675532395 -0.2663687174 -0.1615712555 
32 13 2.067299312 1.4587961055 1.4193578408 1.3955724992 -0.0058079867 -0.016471774 0.0109101801 
33 13 2.07699472 1.4686599936 1.400164892 1.4450821813 0.0312141057 6.2927073496e-04 -0.0032124051 
34 12 2.0753807508 1.501110246 1.5287024 1.2773926149 0.0317118811 -0.0692634373 0.0306183086 
35 11 2.051140968 1.7270955567 1.5232700098 0.9568137043 0.1140371862 0.1035712772 0.0502268166 
36 11 2.0220704667 1.4849264632 1.1562536674 1.4475888418 -0.3315331033 0.0085837088 -0.0504095054 
37 11 2.0477972859 1.3160261772 1.7781296666 1.0993178805 0.0651110047 0.2991763009 0.0863531844 
38 11 2.1758364795 1.3321093606 1.2917997752 2.1103552498 0.418589376 0.1244607747 0.4811009213 
39 10 1.9842946706 1.6121116619 1.5807769867 0.7445366911 -0.0769827911 0.1431792834 0.1978234535 
40 9 1.8965778943 0.8856037008 1.2259257371 1.4854782712 0.1720600775 -0.0031914962 -0.0308683 
41 9 1.9500761461 1.4564858561 0.9633405599 1.3829705595 -0.1159873889 0.1570147464 -0.5133958671 
42 8 1.8164009947 0.8500889756 1.579066282 0.8701573161 0.0602611149 -0.0734390065 0.2432679263 
43 8 1.8197263872 1.5889050757 0.884837556 0.8376614924 0.1285894012 -0.1272823129 -0.0664328734 
44 7 1.750360796 0.8682703132 1.1788636582 1.0166289449 0.3449819833 0.3065705875 -0.2100515095 
45 7 1.7328455824 0.471384747 1.2740978662 1.2572711993 -0.1700350432 0.010270782 -0.0986899882 
46 7 1.9347419192 0.8213696146 1.6841904553 1.2376662242 -0.3055018269 0.2292037168 -0.685552922 
47 6 1.5982528212 0.815255555 0.8024719907 0.9366845346 9.4804216567e-04 -0.0133145688 -0.0294512108 
48 5 1.5519841673 0.7836355984 0.8317944788 0.7932247783 -0.214110552 -0.2988961219 0.2371781179 
49 5 1.5246996511 0.5105265828 0.561025539 1.2531569044 0.0402454637 0.1036816279 0.025409238 
50 5 1.5622091892 0.5123180101 0.5975099034 1.3306696373 -0.0519364656 0.1440338007 -0.0045827568 
51 5 1.542623497 0.7201929858 0.5199735237 1.1395207441 -0.0168419106 -0.3458290321 0.0397297931 
52 4 1.3622848716 0.6273134878 0.5801678847 0.648338699 -0.04580927 -0.0024531164 -0.0136624349 
53 4 1.3806447625 0.5613743274 0.6812718962 0.6635337366 -0.0235115747 0.0636067408 0.0076144216 
54 4 1.4130409324 0.7031516654 0.6528960956 0.6406369156 -0.0244888911 0.0245193323 -0.0723756901 
55 4 1.3850266223 0.5485100707 0.7207849715 0.6490037022 -0.0458231331 0.0485009534 0.0064231276 
56 3 1.2807376685 0.6942229709 0.2285698709 0.7174961336 -0.3605978006 0.0694366904 0.135167879 
57 3 1.3158861348 0.1064598734 0.9193801002 0.7057163463 -0.0822003022 -0.268574461 0.0521149875 
58 3 1.2887715389 0.6442883916 0.4255770951 0.5910665929 0.2864585719 -0.1799170933 0.3216054308 
59 3 1.3124476882 0.4970967856 0.7174761699 0.5079459789 0.2284952803 -0.3352598935 0.2613564604 
60 3 1.2696485222 0.3214892745 0.6906538782 0.5998642173 -0.2339297365 0.3106291451 0.1689276467 
61 3 1.3167654577 0.7585353998 0.1531120522 0.8222238187 -0.2587193113 -0.0415910466 -0.2164409559 
62 3 1.3389447615 0.0690479788 0.9301601356 0.7935649601 -0.0523426873 0.2308327181 -0.0354226332 
63 3 1.3159925961 0.3533469946 0.5515100461 0.8269794722 0.3116550258 -0.2521935475 0.2006153143 
64 3 1.3142346294 0.7470938808 0.1383424536 0.8417763267 -0.3198933994 -0.0248980836 -0.0232732227 
65 3 1.2550325722 0.5377672048 0.6585789596 0.378760593 -0.1811017869 -0.2861116008 -0.2715839359 
66 2 1.260133162 1.2109913376 0.1958713448 0.1810729034 0.4870302885 -0.4682709873 -0.1883268252 
67 2 1.1041920033 0.0215601232 1.1962994933 0.0013803635 0.1606000138 0.0054553467 0.0406365378 
68 2 1.1289096619 0.9496622164 0.0913374249 0.2334373834 -0.294516046 -0.4708361317 0.1460190723 
69 2 1.1072664616 0.7261989753 0.0323675024 0.4674725393 -0.1533142102 -0.582647474 0.1230077986 
70 1 0.0 0.0 0.0 0.0 0.0 0.0 0.0 
71 1 0.0 0.0 0.0 0.0 0.0 0.0 0.0 
72 1 0.0 0.0 0.0 0.0 0.0 0.0 0.0 
73 1 0.0 0.0 0.0 0.0 0.0 0.0 0.0 
74 1 0.0 0.0 0.0 0.0 0.0 0.0 0.0 
75 1 0.0 0.0 0.0 0.0 0.0 0.0 0.0 
