# Cluster list (58 data points):
# "Cluster Identifier" "Cluster Size" "Radius of Gyration" "Gyration Tensor.XX" "Gyration Tensor.YY" "Gyration Tensor.ZZ" "Gyration Tensor.XY" "Gyration Tensor.XZ" "Gyration Tensor.YZ"
1 53 3.5346227495 4.1484698159 3.8167333886 4.5283547764 0.226629184 0.4794593809 -0.7175280224 
2 44 3.2607992144 3.7100946997 3.6050287129 3.3176881043 -0.0451949227 -0.3961344806 0.6072633538 
3 37 3.1339994205 2.4620523685 4.69947632 2.6604236789 0.0262458861 0.1067281724 0.2314827923 
4 36 3.1113780491 3.1149724452 3.6400743072 2.9256266118 -0.1711560183 -0.710873071 0.1858737613 
5 35 3.0071187251 2.8206342853 2.5393292089 3.6827995326 -0.3762738203 0.0231310457 -0.1349521396 
6 32 2.9843646903 3.8533615901 2.3652560553 2.6878149596 0.2714057432 0.3138033323 0.4070308242 
7 32 2.929090642 2.6032124392 3.1269921948 2.8493673548 -0.234781217 0.4025998524 -0.40136364 
8 31 3.1981640047 3.3957868095 4.5963206312 2.2361455601 1.3533127922 -0.2675559165 -0.5162568793 
9 30 2.8459308195 2.6472823365 2.8019033566 2.6501365365 -0.0789223967 -0.2211917379 -0.2397775331 
10 29 2.8759686233 2.9754777559 2.8471774517 2.4485403146 -0.3447673703 0.3325948861 -0.6943826582 
11 29 2.8492156345 2.6343947344 3.2587667729 2.2248682246 0.4769607466 0.0902860633 0.3180849856 
12 29 2.887499738 2.4979397181 2.1254605878 3.7142544311 0.1662509275 -0.9029447265 0.5228940104 
13 27 2.7423209309 2.5239046122 2.3603105569 2.636108919 0.1286892745 -0.1917991665 -0.1146138132 
14 26 2.7504802168 2.5363342586 2.6577598756 2.3710472889 0.4096108157 0.2303323024 0.7456196272 
15 25 2.6962954735 2.5124784774 2.5270791969 2.2304516058 -0.0759891676 0.0960166987 -0.3263102792 
16 25 2.7003869097 2.4276954083 2.3036713616 2.5607226923 0.1988284648 0.1859342376 -0.2564427605 
17 23 2.654839011 1.6627243433 3.0707996537 2.3146461774 0.2501180049 -0.5337239253 -0.1933641638 
18 23 2.6678996312 2.8182026149 2.2996086336 1.9998771936 -0.1681975112 0.6732961551 0.0245277372 
19 22 2.5904847308 2.0901284744 2.2795926452 2.3408900209 -0.241679051 -0.1458872776 0.062821807 
20 22 2.5829275287 2.0183046216 2.3653558329 2.2878541639 0.0402402936 0.4668554485 0.2493730915 
21 21 2.5443696592 1.9460669892 1.9056802593 2.6220697143 0.2660915064 -0.2192200564 0.4902621406 
22 21 2.5742717223 2.3491043173 1.9063523521 2.3714182307 -0.3804022271 0.0787422072 -0.031061861 
23 21 2.551290511 2.8708874785 2.0807978525 1.5573979407 -0.2631107124 0.0193904201 -0.2720520953 
24 20 2.5054663813 2.4931136096 1.5773517836 2.2068963946 0.0507849509 0.5135110584 0.3490972882 
25 18 2.4736407028 1.8495048961 1.4757251033 2.793668327 -0.085966962 0.3816424132 -0.470566023 
26 18 2.4113334256 1.6099477536 2.2463579102 1.9582232255 -0.1534321022 0.4263745507 -0.0199211433 
27 17 2.347570826 1.8048437378 1.7195900514 1.9866549942 -0.0054689475 -0.2909997255 -0.1079337378 
28 16 2.320427941 1.5354209044 2.1443345801 1.7046303448 -0.4082635564 -0.0310440088 -0.462421834 
29 16 2.3129474427 1.973891617 1.6956705079 1.6801637478 0.1604670771 -0.5916631991 -0.1907055142 
30 15 2.268285837 1.8795365115 1.5159552989 1.7496288279 -0.1357460823 -0.3239532068 -0.235132861 
31 14 2.1874942136 1.3476679913 1.4215379737 2.0159249694 -0.0298414007 0.2428039118 -0.2064566409 
32 13 2.2471367913 1.5865796064 2.2539082905 1.2091358619 0.3945324133 -0.2369378628 0.5532692332 
33 13 2.0772254779 1.4256195368 1.4609408374 1.428305312 0.0208732456 0.0133839131 0.0379454716 
34 12 2.2326868773 1.3042074317 1.9762434054 1.704439855 -0.0413347184 -0.198620291 -0.9424400698 
35 12 2.0721593514 1.2892526584 1.3991695972 1.6054221222 -0.207919085 0.0151781742 0.0217459713 
36 12 2.0536308216 1.4934267087 1.4497612825 1.2742115603 -0.0868750017 0.1434452538 0.1552563604 
37 11 2.0377297221 1.3908408596 1.3312206624 1.4302808983 0.1322357535 0.1869835788 -0.3198568929 
38 11 2.0221843733 1.1532894113 1.3893254221 1.546614806 -0.3027764047 -0.041056558 0.1305130797 
39 11 2.0396917339 1.4822620029 1.6668523429 1.0112280236 0.0592543393 0.1187084236 0.2175477037 
40 9 1.8774945331 1.305197445 1.0053309534 1.2144573233 0.1562084501 -0.1151281476 0.2016882094 
41 8 1.815308709 0.9426672483 1.4205669038 0.9321115569 -0.2808456626 -0.1432706962 0.128386499 
42 8 1.8390373557 1.6287334897 0.8128325069 0.9404923992 -0.1123077555 -0.1677662343 -0.0272098675 
43 7 1.7704099219 0.419256048 1.3940786344 1.3210166093 0.1093917442 -0.1751984721 -0.0165046138 
44 7 1.7312316581 1.0716429863 1.192322381 0.7331976867 -0.1437241978 -0.3540738818 -0.2596228174 
45 7 1.704437204 1.20725657 0.8470008366 0.8508487759 -0.0816291915 0.1309291047 0.3788590258 
46 6 1.5938213634 0.8435658124 0.8697605949 0.826940131 -0.0020642693 0.0118267463 0.0341672465 
47 6 1.5969128015 0.8353265175 0.8985441612 0.816259817 0.0122028593 -0.0012842305 -0.0672490972 
48 5 1.5528495625 1.0056104204 0.7869022298 0.6188291137 -0.3917492167 -0.2483379281 0.1555757459 
49 5 1.5742084555 0.6440797659 0.8475444341 0.9865080615 0.2125075855 0.2350574766 0.3687046877 
50 5 1.5555845435 0.5976196019 1.051574284 0.7706493861 0.1834164725 0.1245685638 0.3891288991 
51 5 1.5306124479 0.6682168684 0.8036073024 0.8709502948 0.1525688578 0.2373276939 0.3486065402 
52 4 1.4066148365 0.7939745263 0.5599150239 0.624675748 -0.0526788296 -0.0079358659 0.034478602 
53 4 1.4128582888 0.654543297 0.680389935 0.6612353123 -0.0137639035 3.6838884807e-04 -0.0284655363 
54 4 1.6749812428 1.1868948343 0.769007221 0.8496601085 0.0525236726 -0.4623998676 -0.0220776012 
55 3 1.3396710049 0.871629368 0.1078710962 0.8152179371 0.2892430188 0.0715448944 0.1218315838 
56 3 1.7340732966 1.3723654832 0.2342256932 1.4004190215 -0.4687553983 0.9429534687 -0.0859213368 
57 1 0.0 0.0 0.0 0.0 0.0 0.0 0.0 
58 1 0.0 0.0 0.0 0.0 0.0 0.0 0.0 
