# Cluster list (53 data points):
# "Cluster Identifier" "Cluster Size" "Radius of Gyration" "Gyration Tensor.XX" "Gyration Tensor.YY" "Gyration Tensor.ZZ" "Gyration Tensor.XY" "Gyration Tensor.XZ" "Gyration Tensor.YZ"
1 54 3.5266876343 4.2991619072 3.2712054777 4.8671582852 -0.2813005213 0.5590317178 -0.5003326669 
2 48 3.3660375523 3.566607176 3.3018632517 4.4617383761 0.0453852605 -0.3839911481 0.5035966425 
3 37 3.1049951031 3.2698103134 3.5727541293 2.7984301477 -0.9202643794 0.0618315766 0.0503886419 
4 36 3.026866138 2.9035479149 3.0536608896 3.204709813 -0.234332107 -0.0354467821 -0.0507407894 
5 35 3.0123208757 2.7518296935 2.6353000678 3.6869472967 -0.3284451848 0.2156312858 0.2962512775 
6 33 2.9879907233 3.118271975 2.5119747458 3.2978418419 0.3594272071 -0.4279786337 -0.1848457057 
7 32 2.9397515678 2.4854683063 3.0077612887 3.1489096851 -0.2185757749 0.3133487026 -0.3721032365 
8 32 2.9638628426 3.5399914391 2.6355279074 2.6089636035 0.6316042703 0.1752881498 0.4708322262 
9 31 2.9017463482 2.4190324968 3.5844095437 2.416689829 0.2363343177 -0.197173169 -0.4054719933 
10 30 2.8446515406 2.8999526363 2.7370086418 2.4550811092 0.2273886618 -0.1360038205 -0.1101978524 
11 29 3.0486732171 4.4044333655 2.420183524 2.4697914951 -0.7108422226 0.6037950718 -0.1540131004 
12 29 2.8458206867 2.303653198 3.1680976551 2.6269445279 0.1867426431 -0.0085724942 0.7100652724 
13 29 2.884197764 2.6867231782 2.4855439058 3.1463296577 -0.2163923412 0.1621724688 -0.8374366683 
14 27 2.7487333148 2.3797349408 2.2900951355 2.8857047593 0.0031179048 -0.1379445208 -0.0651425435 
15 26 2.7447007057 2.8492088318 2.3036855772 2.3804875549 0.2384787968 0.5024839006 0.5716871286 
16 25 2.6822163099 2.4195169663 2.5837432581 2.1910241085 0.0383424877 0.0673397821 -0.2117894763 
17 25 2.6815774048 2.1849711617 2.2960857241 2.7098004919 0.2356350222 0.1414828906 -0.2155413079 
18 23 2.6590128354 2.1548162599 3.0412039431 1.8743290559 0.2565071549 -0.6592588048 -0.2110844061 
19 23 2.6607977704 2.599933517 2.323862379 2.1560488791 -0.3179712403 0.7080406389 -8.3606935112e-05 
20 22 2.6113165054 3.1188711335 1.5390850946 2.1610176631 -0.5573118657 0.0856517623 0.1111349863 
21 22 2.5852876285 1.7022531054 2.235332335 2.7461266814 -0.0968786227 -0.1952542816 0.0399583221 
22 21 2.5545554887 1.6561746063 2.5874547267 2.2821244121 -0.0033050253 -0.4275742931 0.3879810294 
23 21 2.5615900304 2.1268606309 2.0536513273 2.3812315258 -0.3925635717 0.0300357991 -0.1081756527 
24 21 2.5409941303 2.476877605 2.2704482652 1.7093252999 -0.4788017001 -0.3517902076 -0.1614962807 
25 20 2.4909995331 2.4271341241 1.6628329694 2.1151115802 0.193525723 0.4344892319 0.4119918832 
26 18 2.4587197836 1.8654043094 1.4079379712 2.7719606936 -0.0885797423 0.3345078118 -0.366991733 
27 18 2.4302753182 2.1009518447 2.2633656809 1.5419205965 -0.0738472462 0.4081050047 0.0602792269 
28 17 2.349106087 1.6570447438 1.7847800911 2.0764745729 0.059701463 -0.0597056586 -0.2279503655 
29 16 2.3080349131 1.5409511187 1.6517526005 2.134321441 -0.0704146582 -0.4955961055 0.1013465385 
30 16 2.3277175473 1.25906445 1.7866189139 2.3725856159 0.0176731089 -0.2394151947 -0.3409726655 
31 15 2.2635255758 1.9888361701 1.7750477668 1.3596640954 0.1186932911 -0.2660949646 -0.0996691434 
32 14 2.1692290875 1.4211614537 1.3420314669 1.9423619136 -0.0576703412 0.2698822823 -0.0841058895 
33 13 2.2360953323 1.7364578581 2.0626063908 1.2010580865 -0.0848640261 -0.2851807908 0.762210768 
34 13 2.0862279474 1.438764059 1.4373259988 1.4762569909 -0.0440581129 0.0224526141 0.0248867373 
35 12 2.0546093583 1.4080986491 1.5838718541 1.2294491122 0.0275659089 0.1568022628 -0.0521738238 
36 12 2.170103792 1.4270470788 1.9928594425 1.2894439467 -0.4157664445 -0.0026802274 -0.6097844928 
37 12 2.0577754434 1.475611527 1.5106997198 1.2481285287 0.0756026634 0.0874653302 -0.0943516406 
38 11 2.0548443755 1.3889259611 1.306041042 1.5274184044 0.1153005501 0.1925274112 -0.3301999987 
39 9 1.9289003652 1.0568272015 1.4112985574 1.25253086 -0.0726992848 -0.2654307862 -0.0374331365 
40 8 1.7915904755 0.8137285318 1.399921088 0.9961468123 -0.0448225763 0.0044412635 0.3069799779 
41 8 1.8022445561 1.1194117815 1.2476889911 0.8809846673 -0.3501482619 -0.1678882693 0.2381995834 
42 7 1.7267039981 0.8071227906 1.2018866075 0.9724972988 0.1186278701 0.4350101237 -0.0965545333 
43 7 1.7405435448 1.0166694139 0.6549254655 1.3578969518 -0.3764698782 0.1189104545 0.1519249432 
44 6 1.6139832816 0.9073786319 0.8300041112 0.8675592903 -0.0213067851 -0.0487776327 -0.0036830827 
45 6 1.6173218587 0.8391545677 0.8259222683 0.9506531586 -0.0053014896 0.040488869 0.0535130374 
46 5 1.5577629454 0.6424052463 0.6260683547 1.1581517931 0.0987883208 -0.2646851544 -0.2511031941 
47 5 1.5409257675 1.0869724626 0.674100929 0.6133788294 -0.2922122027 0.1139024571 -0.0299848121 
48 5 1.5449995599 1.0260829354 0.577839192 0.7831015126 0.0586858538 -0.3779391211 -0.0592842388 
49 5 1.5132091455 0.5536134386 1.0869776449 0.6492108345 0.2133420793 0.0714301417 0.180813956 
50 4 1.3790832346 0.6091820934 0.6323012243 0.6603872501 -0.0088935705 -0.0098734571 0.0255060456 
51 3 1.3157496546 0.2345638132 0.6305771043 0.8660562361 0.3537049482 0.1678217327 -0.0162360052 
52 3 1.2973584236 0.7318601899 0.1763172777 0.7749614115 -0.171181578 -0.0701752532 -0.3071493764 
53 1 0.0 0.0 0.0 0.0 0.0 0.0 0.0 
