# Cluster list (46 data points):
# "Cluster Identifier" "Cluster Size" "Radius of Gyration" "Gyration Tensor.XX" "Gyration Tensor.YY" "Gyration Tensor.ZZ" "Gyration Tensor.XY" "Gyration Tensor.XZ" "Gyration Tensor.YZ"
1 73 4.0061868111 4.4204330792 5.0041223383 6.6249773483 -0.6694164421 2.0329985824 -0.0393178595 
2 54 3.5054113085 4.1425963986 3.2358105718 4.9095014713 -0.3781164523 0.4197529341 0.0164174281 
3 48 3.3561606913 3.5853763118 3.3062321798 4.3722060942 0.0710449361 -0.4349664281 0.52994536 
4 45 3.3286427142 4.0422576811 2.836048758 4.20155588 -0.4675849499 -0.7540062667 0.5736049416 
5 37 3.2545211499 2.8513989342 3.1277514415 4.6127575397 -0.692657481 -1.1673274153 0.9647602308 
6 36 3.0385816844 3.2373899111 2.9589489578 3.0366397839 -0.2220239375 -0.0619704739 -0.1861313803 
7 36 3.0700166551 3.789530939 3.0797805227 2.5556908006 -0.3170869523 0.2029359729 -0.4725437439 
8 35 3.009015066 2.8873590512 2.3794125078 3.7874001086 -0.3056683783 0.0073408011 0.0672575527 
9 34 2.9769499866 2.6936684034 2.7338728804 3.434689939 -0.200348294 -0.1716486283 -0.3020468092 
10 32 2.9537718996 3.6054760252 2.6699700039 2.4493224054 0.2039380676 0.5624998873 0.3572499548 
11 31 2.9042126419 2.5112300639 3.356943787 2.5662772184 0.287576921 0.2630978056 0.5351990676 
12 30 2.8610972523 3.0484603804 2.6665047576 2.4709123492 0.0066530786 -0.2136122039 0.0417626956 
13 29 2.8087871655 2.9488981443 2.4536581219 2.4867290746 -0.0817935312 -0.0508795177 -0.008207124 
14 29 2.8444466238 2.2304377738 2.9629350316 2.8975037902 -0.0205253611 0.2384932111 0.6477162486 
15 27 2.7522378718 2.3697503558 2.3580846445 2.8469783027 -0.0239493888 0.1224331543 -0.0608917172 
16 26 2.7442138054 2.7248589907 2.3741439455 2.4317064733 0.7364134979 0.1742751956 0.301470627 
17 25 2.6828377116 2.0981235893 2.4067185759 2.6927760216 0.20490276 0.0296622341 -0.194990943 
18 23 2.6571895956 2.4904731181 2.9500644776 1.6201189512 0.3656749931 -0.580109416 -0.1050526659 
19 22 2.5873153274 1.6704160465 2.3905120859 2.6332724709 0.0042913343 -0.2823847626 -0.2837472331 
20 22 2.6311029462 3.1134627131 2.012813898 1.7964261027 -0.7112415232 0.1307102991 -0.4388364082 
21 21 2.5431778436 1.7908428572 2.0406440919 2.6362665952 0.1951808197 -0.3216540361 0.4880932292 
22 21 2.5819372219 2.3861136363 1.9286405207 2.3516456611 -0.3552157054 -0.097152759 -0.1180094405 
23 21 2.552793398 1.887784911 2.875542938 1.7534262839 -0.2347267564 -0.3517763683 -0.1537126287 
24 20 2.4954087713 2.5123945235 1.6322440867 2.0824263258 -0.268540631 0.3643535204 -0.3720170166 
25 18 2.4686748287 2.1996167183 1.72891491 2.1658237816 -0.2028568831 0.7470869162 -0.4690406599 
26 18 2.4302901042 1.7059693515 2.0577816579 2.1425589814 0.2630973902 0.332682746 -0.2150596455 
27 17 2.32230912 2.0223339944 1.6376166682 1.7331689864 0.0633243929 0.1056907906 0.1253700204 
28 16 2.3055560653 1.7344558764 1.5485887421 2.0325441518 0.3857603412 0.3016073739 0.2823896653 
29 16 2.3085477305 1.9297452236 1.3966612947 2.0029861056 -0.3282008683 -0.429119079 0.2006007108 
30 15 2.2646207131 1.2743154637 2.064764799 1.7894267116 -0.0718748155 -0.0252961457 -0.0828568402 
31 14 2.1864567941 1.3706492723 1.8219778752 1.5879661648 -0.204962668 -0.1646560772 0.2832091988 
32 13 2.0669496933 1.4577251321 1.4016294495 1.4129264532 0.0149490423 0.0258429155 -5.6669409736e-04 
33 12 2.1673223649 1.8509767619 1.1117510778 1.7345583937 -0.4979810768 0.3214607324 -0.3666695126 
34 12 2.0569435356 1.3793005118 1.5236743519 1.328041845 0.1050220434 -0.1533087632 0.1036643801 
35 11 2.0359822606 1.602448278 1.4984289014 1.0443465859 0.1037138948 0.1842735916 -0.0304324199 
36 9 1.9079600181 1.4218239931 1.2985489946 0.9199384428 -0.0954996112 -0.0359741075 -0.1756806093 
37 8 1.8034821209 0.870338052 1.0496718197 1.3325378889 -0.057540804 -0.1711548082 0.3290066183 
38 7 1.7290633087 1.0587883198 0.7206835644 1.2101880414 -0.4116416643 0.0581259688 0.19532221 
39 7 1.7279849168 0.7337138396 0.9524195991 1.2997984339 0.4081597546 0.0794693035 -0.0140063164 
40 6 1.6146538587 0.8178141004 0.8763073903 0.9129855926 0.0186879433 0.0472758713 -0.0830337401 
41 6 1.5821876611 0.8263987184 0.8641764199 0.8127426568 -0.0201963493 0.0444504706 0.002827067 
42 5 1.5178834518 0.4942094305 0.5479076774 1.2618530653 -0.0074343368 -0.108035842 0.131062498 
43 5 1.5772747949 0.7253923451 1.0130588276 0.749344606 0.3110434706 -0.0725418656 -0.3408198917 
44 4 1.3920162391 0.5668018834 0.6794587496 0.6914485769 -0.0145406096 0.0588743336 -0.0073843237 
45 3 1.3090755182 0.7878358922 0.3903635267 0.5354792934 0.0805461739 0.0102396612 0.4533423025 
46 1 0.0 0.0 0.0 0.0 0.0 0.0 0.0 
