# Cluster list (56 data points):
# "Cluster Identifier" "Cluster Size" "Radius of Gyration" "Gyration Tensor.XX" "Gyration Tensor.YY" "Gyration Tensor.ZZ" "Gyration Tensor.XY" "Gyration Tensor.XZ" "Gyration Tensor.YZ"
1 53 3.4906106257 4.23303703 3.1575488066 4.7937767035 -0.1203090448 0.5960135642 -0.4063950871 
2 48 3.3897727731 3.5296619681 3.4619150813 4.4989824038 0.1320858106 -0.6137476677 0.5669908513 
3 37 3.1082516266 2.7912267742 4.0504380353 2.819563365 -0.6638110315 0.0798980486 0.1382395667 
4 36 3.0749959287 3.233195051 2.9397398351 3.2826650755 -0.3002023265 -0.4510930785 -0.2182707969 
5 35 3.0108113514 2.8498180857 2.4810839428 3.7340829653 -0.3529552833 0.0580414456 0.092641323 
6 32 2.9539277239 3.7399704668 2.4444129667 2.5413055645 0.5139829331 0.1421438479 0.4252333057 
7 32 2.9417007928 2.6686546289 3.0657868908 2.9191620345 -0.2627845283 0.440038682 -0.4029761711 
8 31 2.9350838516 2.4275381239 3.61080913 2.5763699618 -0.1376408282 0.0135496573 -0.5886721038 
9 30 2.842854545 2.7800867218 2.7165912551 2.5851439874 0.0047348377 -0.1855877892 -0.1493807252 
10 29 2.8903259471 2.8787998822 2.5318846878 2.9432995104 -0.186609423 0.4539363536 -0.7395811527 
11 29 2.8493426497 2.371187512 3.4899743025 2.2575917211 0.2031674006 -0.0064642779 0.3594883932 
12 29 2.8856739889 2.6232595511 2.1723881992 3.5314666201 0.162198155 -0.9761592352 0.4984177713 
13 27 2.7481381694 2.446443883 2.293742611 2.8120769041 0.0271527111 -0.2227083805 -0.0803768569 
14 26 2.7447110819 2.6548063858 2.5026291194 2.3760034177 0.3950567114 0.3272421903 0.6782497138 
15 25 2.7083829927 2.5593908596 2.5541988909 2.2217486846 -0.0680732143 0.1324705148 -0.258971769 
16 25 2.6791215476 2.2502545082 2.3211190332 2.6063187255 0.1464190124 0.1334148211 -0.2276020937 
17 23 2.660262112 2.1471851506 3.1756452052 1.754164149 0.3473022984 -0.576187487 -0.0895798133 
18 23 2.6755478052 2.9104331526 2.3629363078 1.8851865972 -0.2477714978 0.6294972638 0.0261299522 
19 22 2.5963678684 2.3086673558 2.1691480241 2.2633107283 -0.3033182772 -0.185436194 0.0250881751 
20 22 2.9057420089 5.1146775311 1.7964194121 1.5322396794 -0.1275170886 0.0744984501 -0.0551611431 
21 22 2.5757366392 1.8005710494 2.326154644 2.5076935411 -0.0562187078 0.2422068834 0.2367644943 
22 21 2.5483934267 1.7542053161 2.2711936509 2.4689100904 0.1563915632 -0.3736736886 0.5489921683 
23 21 2.5718014642 2.2619256854 1.9769985661 2.3752385197 -0.4716033811 0.0908477403 -0.0259074148 
24 21 2.5470291223 2.7383865502 2.1284699716 1.6205008281 -0.2671676132 -0.0673970753 -0.3215521375 
25 20 2.4811729585 2.3593405038 1.6686826444 2.1281961018 0.0760980395 0.514509971 0.2811584984 
26 18 2.4727289687 1.9056326477 1.5091863951 2.6995695099 -0.0864644182 0.3971062756 -0.4595724997 
27 18 2.4163485016 2.105224819 2.2171523638 1.5163628982 -0.1508782454 0.4368242896 0.0783624725 
28 17 2.3599543867 1.7742172517 1.6549886404 2.140178815 -0.0011111802 -0.1300336674 -0.1958404299 
29 16 2.3171689406 1.6271600943 1.7731205645 1.9689912403 0.1052164965 -0.4912596268 -0.2648556316 
30 16 2.3197942689 1.3161778592 1.9817608358 2.0835067552 -0.034512682 -0.1736374909 -0.4534543259 
31 15 2.2588120276 2.0908010691 1.5691628676 1.4422678396 -0.0378271496 -0.1582463485 -0.2237762584 
32 14 2.1786385778 1.4502061939 1.4875017774 1.8087580814 -0.1153478288 0.2446192021 -0.2499130626 
33 13 2.2271411502 1.6555209707 2.0825700568 1.2220666752 0.1432377427 -0.1343325489 0.7334782219 
34 13 2.0721431706 1.4229728354 1.4450240047 1.4257804793 0.0217107066 -0.0054700833 0.0372070965 
35 12 2.1683226875 1.5288457899 2.1462492179 1.0265282695 0.1650453696 -0.0527490396 -0.5212915136 
36 12 2.0682372536 1.443433627 1.6051038241 1.2290678862 -0.0857197349 0.187577526 0.0774048478 
37 12 2.0411653587 1.3809913378 1.4060584171 1.3793062665 -0.1209908616 0.1338384067 0.1251289298 
38 11 2.0360912997 1.2591253128 1.3758793307 1.5106631371 0.1933155736 0.2069225457 -0.297851248 
39 9 1.9057159336 1.0429957463 1.3508599368 1.2378975366 0.2046534388 -0.2293755691 0.1239183319 
40 8 1.8272166082 0.9718719707 1.5128355216 0.8540130411 -0.2632902238 -0.0230295406 0.1712622085 
41 8 1.8255242691 1.1689250909 1.0505137195 1.1131000469 -0.1995332871 -0.313869576 0.1965336619 
42 7 1.730831539 0.5105596351 1.148871966 1.3363462152 0.240341026 -0.0995460346 -0.1194410732 
43 7 1.727836384 1.2802378551 0.972914356 0.7322663587 0.0926437863 -0.0084985905 -0.3981347552 
44 7 1.7386321009 1.2603682393 0.5559911892 1.2064821537 0.0737637937 -0.0807206194 0.3215043623 
45 6 1.6429878412 0.8806660911 0.9269232966 0.8918196588 -0.059916602 0.0094247047 0.0062547796 
46 6 1.5668476436 0.8130696454 0.8083626877 0.8335792052 0.0037617333 -0.0226528267 0.0218231289 
47 5 1.5432794853 0.558470606 0.5231047317 1.3001362322 0.0157799045 -0.1376279771 0.0933833488 
48 5 1.5487818383 0.8944167005 0.9472100466 0.5570984357 -0.303562836 0.0852874812 0.0640711878 
49 5 1.5682376828 0.5802687443 1.3224112767 0.5566894088 -0.0605547989 -0.0537814803 0.1626988899 
50 5 1.5534775389 0.780387847 0.8655383657 0.7673662512 0.2575780188 0.1800069293 0.3211893558 
51 4 1.4017954721 0.6417591917 0.6756301138 0.6476412401 -0.0924090609 0.048476254 -0.0748838613 
52 4 1.4044139086 0.5835798294 0.6699266454 0.7188719519 -7.7561920745e-04 0.0867050512 -0.0388677653 
53 3 1.2970397807 0.5535884976 0.7191693892 0.4095543061 -0.2273246889 0.3590401798 0.1850964811 
54 3 1.3640197559 0.5333509376 0.7878611927 0.5393377642 0.2365847058 -0.3685814834 0.2773824692 
55 1 0.0 0.0 0.0 0.0 0.0 0.0 0.0 
56 1 0.0 0.0 0.0 0.0 0.0 0.0 0.0 
