# Cluster list (48 data points):
# "Cluster Identifier" "Cluster Size" "Radius of Gyration" "Gyration Tensor.XX" "Gyration Tensor.YY" "Gyration Tensor.ZZ" "Gyration Tensor.XY" "Gyration Tensor.XZ" "Gyration Tensor.YZ"
1 54 3.5025842525 4.1477539426 3.1286802409 4.9916622626 -0.2195480097 0.4744244224 -0.1652744886 
2 48 3.3646577451 3.7762837455 3.309944902 4.2346930945 -0.1581319667 -0.4971873263 0.5321896486 
3 45 3.3247637372 4.2840011058 2.9358120531 3.8342407495 -0.4144301249 -0.6874132656 0.5334288433 
4 37 3.1198404817 3.0394012524 3.7677752253 2.9262281536 -0.7883840883 -0.2263932658 0.5137011596 
5 37 3.2790293243 2.45740266 4.2424465233 4.0521841262 -0.7265628286 -0.6702836561 1.4706222448 
6 36 3.0460031637 3.0741221195 3.0105430381 3.1934701158 -0.2862731981 0.0386124952 -0.1248679447 
7 36 3.4403372399 5.525729509 2.4340255536 3.8761652615 0.3560121159 1.4474029421 -0.3625879322 
8 35 3.0047778568 2.6611454099 2.7236289906 3.6439155683 -0.4166652498 -0.0183779206 0.2716723521 
9 34 3.0282560503 2.3630881342 2.9452209598 3.8620256119 -0.1648238708 -0.5947039388 -0.4936224741 
10 32 2.9576775739 3.584721153 2.3118428319 2.8512926463 0.331525415 0.4755773191 0.4674483801 
11 31 3.2351081909 3.8807544346 4.6334003998 1.9517701725 -1.581358345 0.4432762865 -0.159193093 
12 31 2.9072255968 2.5379318652 3.5559057967 2.3581230088 0.3357164721 0.0502346801 0.4091406302 
13 30 2.8558994593 2.8719802036 2.7270313534 2.5571501649 0.1551417634 -0.2400725818 -0.0739918786 
14 29 2.8269162478 2.3858849062 2.6613784308 2.9441921352 -0.1800825139 0.0530715521 -0.2101838907 
15 29 2.8370081508 2.5013333201 3.0962519429 2.4510299846 0.3470364013 0.1713190418 0.6084399581 
16 27 2.7296952806 2.4180136073 2.3284796192 2.7047430986 0.0279137535 -0.168919126 -0.1583262016 
17 26 2.7440403106 2.939803822 2.0304180778 2.5595353261 0.3064131902 0.5010915044 0.4483981653 
18 25 2.6901639645 2.2986102068 2.200935308 2.737436641 0.2097842675 -0.1717607609 0.0442683884 
19 23 2.6423254362 1.9150389626 3.1496380995 1.9172066486 0.2934262373 -0.5165430244 0.0530139392 
20 22 2.6102284236 3.1666904113 1.5847657215 2.0618362908 -0.6139124315 0.2384444808 -0.0952989657 
21 22 2.5711560654 1.7524423491 2.2966602965 2.5617408672 0.0610747609 -0.4340851693 0.0503024883 
22 21 2.5310386815 1.8481291058 2.0628536247 2.4951740765 0.2286915941 -0.2306766119 0.55595423 
23 21 2.5702502179 2.5581915655 1.6706880661 2.3773065513 -0.0381448418 0.0318928927 -0.0286242453 
24 21 2.5370681936 2.0107453665 2.5093796565 1.9165899961 -0.3280374503 -0.5564785228 0.2378067364 
25 20 2.497626945 1.9845854045 1.4901467122 2.7634082397 -0.1442965584 0.2859735904 0.1510425552 
26 18 2.47775552 1.7451538296 2.0031353207 2.3909832668 0.1028406086 -0.0069737887 -0.8289437609 
27 18 2.4094873134 1.7876589074 2.2452678506 1.7727023555 -0.011748235 0.4259506363 -0.1564346349 
28 17 2.3231877401 1.7343404922 1.8533857669 1.8094750165 0.1226117846 -0.0263751911 -0.2004737007 
29 16 2.3050853335 1.2086134515 1.9925903927 2.1122145505 0.0647899455 -0.0639350228 -0.4159913047 
30 16 2.3222577297 1.9052714658 1.7600765222 1.727532975 -0.561197127 -0.3925086117 0.1417242858 
31 15 2.2647605767 1.7904156179 1.8486181733 1.4901066787 0.1989499009 -0.3551310352 -0.1082945639 
32 14 2.1850263131 1.3997324778 1.382800924 1.9918065871 0.0658903439 0.2045569459 0.0559804684 
33 13 2.0773074552 1.4204294653 1.4435822239 1.4511945741 -0.0188960898 -0.0127297712 0.0124835811 
34 12 2.1812199431 1.8993105171 1.4067916306 1.4516182923 -0.3948424337 0.4038763463 -0.5797013962 
35 12 2.0507386733 1.494636041 1.5178645274 1.193028538 4.5674093964e-04 -0.0666117508 0.0742579805 
36 11 2.0317662586 1.6470159252 1.4110771437 1.0699810607 -0.0234914112 -0.0895440229 -0.1144647121 
37 9 1.884052722 0.8774864592 1.369564184 1.3026040159 0.0240178599 -0.1011723735 0.0346845263 
38 8 1.7875400586 1.4296505165 0.9600908707 0.8055580737 0.1966674121 -0.0370104104 0.0088395023 
39 7 1.7259568252 1.2314190589 0.4560458552 1.2914620484 0.1104612503 0.0320971479 -0.0986740537 
40 7 1.7307549108 0.667867156 1.0173493338 1.3102960717 0.4147684614 0.059890253 -0.0373604258 
41 6 1.5908114575 0.9075708091 0.8362284388 0.7868818453 -0.0162361033 -0.0377697339 0.0246683645 
42 6 1.6095767323 0.8796998554 0.814275318 0.8967620836 0.0032169821 0.0114578249 -0.0548794868 
43 5 1.5449550654 0.6367902843 1.2104140401 0.5396818297 -0.3028768747 -0.0358596069 0.0526048224 
44 5 1.5842374878 0.6026936117 0.9775666382 0.929548168 -0.2754427052 0.1752332164 -0.3896492689 
45 5 1.5288543856 0.9480480284 0.7777695392 0.6115781648 0.260134736 0.0454266155 0.0810369034 
46 4 1.3614892019 0.637152457 0.6280731079 0.5884272821 0.0188166741 0.0239168754 -0.0018341129 
47 3 1.2865620621 0.1830719168 0.7551084933 0.7170615295 -0.2470668258 -0.2289880416 -0.1171018497 
48 1 0.0 0.0 0.0 0.0 0.0 0.0 0.0 
