# Cluster list (56 data points):
# "Cluster Identifier" "Cluster Size" "Radius of Gyration" "Gyration Tensor.XX" "Gyration Tensor.YY" "Gyration Tensor.ZZ" "Gyration Tensor.XY" "Gyration Tensor.XZ" "Gyration Tensor.YZ"
1 53 3.4964778055 4.2115776509 3.2671451799 4.7466342137 -0.1217389389 0.4929675785 -0.556922284 
2 48 3.3758172956 3.5532702845 3.2707694311 4.5721026974 0.1341193146 -0.4688924654 0.3442802145 
3 37 3.1125216775 3.091297452 3.8209331367 2.7755606041 -0.7978302156 0.0296311945 0.0796456931 
4 36 3.0524342227 3.3774080873 2.602992559 3.3369540375 -0.1734375232 -0.1229668322 -0.0945051999 
5 35 3.0057826179 2.8777982718 2.4726935902 3.6842372842 -0.2904329242 0.1609486957 0.215192074 
6 32 2.9466510841 3.6453816389 2.5690944309 2.4682765418 0.6224516758 0.1204051785 0.3915901613 
7 32 2.9342910038 2.5491137933 3.0117947553 3.0491551462 -0.2757046476 0.5121610788 -0.3915799686 
8 31 2.8984371168 2.3545862673 3.4520782852 2.5942731676 -0.0520171414 -0.1429437579 -0.518169926 
9 30 2.857018455 2.9235194531 2.6351404754 2.6038945239 0.0696635667 -0.2865793462 -0.1613058662 
10 29 2.8901452639 2.8174363007 2.5138690527 3.0216342931 -0.1793406674 0.2838945395 -0.7730672834 
11 29 2.8442576872 2.3099121495 3.4094214604 2.3704681814 0.1223951179 -0.0377455939 0.5419300739 
12 29 2.9131189968 2.8411024942 2.1048076086 3.5403521869 0.2270808331 -1.03941793 0.4275773697 
13 27 2.7435735968 2.391852758 2.3362441625 2.7990991603 0.0567785896 -0.1574608156 -0.0954456843 
14 26 2.7490606293 2.7497001649 2.4516007707 2.3560334077 0.3103331133 0.4282695666 0.5983024227 
15 25 2.6868030177 2.431962197 2.5395452237 2.2474030351 0.0150028706 0.0726293681 -0.3004012738 
16 25 2.6790184052 2.2700215931 2.191652171 2.7154658514 0.2144912616 0.1080333777 -0.2090118485 
17 23 2.6513674991 2.1564428764 3.1359935107 1.7373132284 0.2887284778 -0.5423285314 -0.0564079825 
18 23 2.6697615981 2.9338910006 2.3265595877 1.8671764022 -0.3026233526 0.5942373654 0.0844699583 
19 22 2.5977996019 2.2393921722 2.2060279644 2.3031426352 -0.2889406397 -0.1287980655 0.0170925612 
20 22 2.7187158499 3.7057480827 1.6551854918 2.0304822981 -0.1779768532 0.1068230037 -0.01933844 
21 22 2.5802117273 1.6252239444 2.2562724904 2.7759961229 -0.0825902615 0.0919540627 0.2099343771 
22 21 2.5505422916 1.7364250725 2.4474954383 2.3213454703 0.0882756287 -0.408530071 0.4484507174 
23 21 2.5789108629 2.1609341926 2.0948829592 2.3949640872 -0.4648794542 0.0786336382 -0.1159057137 
24 21 2.5464421004 2.7381787214 2.1572060962 1.5889825533 -0.421553081 -0.2316208342 -0.1529557532 
25 20 2.4832157221 2.3724966969 1.6824793802 2.1113842453 0.106791921 0.4492920059 0.3630276993 
26 18 2.4736730224 1.9592523357 1.3472987099 2.8125071763 -0.0422514423 0.4574320074 -0.2818713094 
27 18 2.4357769677 2.0813329185 2.2570790143 1.5945975037 -0.2094304346 0.4540843206 0.0478450183 
28 17 2.3421357493 1.7377357275 1.7649750845 1.9828890559 0.0368464953 -0.1517136988 -0.2040341227 
29 16 2.3258456201 1.5694760517 1.7414523367 2.0986294603 0.1921199683 -0.4785305653 -0.2368608645 
30 16 2.3318714382 1.2941969658 1.9123891851 2.2310382532 -0.0200991242 -0.1223837707 -0.4059769416 
31 15 2.2534347464 2.0662360494 1.6676696089 1.3440624978 0.0816049619 -0.1227215785 -0.2133159341 
32 14 2.1788998595 1.4103279342 1.3831703333 1.9541063304 -0.0294378268 0.1874266387 -0.1304357217 
33 13 2.2388954759 1.6799704543 2.2551032288 1.0775792688 0.1105521927 -0.0058108322 0.6473879071 
34 13 2.0654219005 1.4241079675 1.4224602014 1.4193994582 -0.020211249 -0.0321217259 0.0379002193 
35 12 2.1644857321 1.4586697913 2.309714672 0.916614021 0.0227740584 -0.0739750459 -0.4485904647 
36 12 2.0523408196 1.385010125 1.5559803094 1.2711124056 -0.1083587388 0.2087034928 0.0090408912 
37 12 2.0542694543 1.3269035656 1.4859575442 1.4071618812 -0.069227639 0.1611266172 0.0658421306 
38 11 2.0350633527 1.3331695436 1.3344243187 1.4738889875 0.1172612124 0.2674554437 -0.2813613939 
39 9 1.8980244247 1.0961838776 1.2915531432 1.214759696 0.128751386 -0.1585005733 0.1308315561 
40 8 1.7934469029 0.885988687 1.2857685338 1.0446945725 -0.1421853232 -0.103744591 0.2986163198 
41 8 1.8143335666 1.2375801947 1.1157734903 0.9384526059 -0.3116003404 -0.2044231316 0.2008894477 
42 7 1.7248172564 0.5176601804 1.2008572108 1.2564771767 0.2470616389 0.1050381755 0.0052465059 
43 7 1.722887152 1.2913442223 0.6459510146 1.0310449018 0.0100695916 0.0173823247 -0.3409809294 
44 7 1.7431734028 1.3033294334 0.4885007874 1.2468232915 -0.0626792339 0.1139649273 0.3111214281 
45 6 1.6372931713 0.8027531103 0.910171568 0.9678042503 0.0999509664 0.0685904552 -0.0793326747 
46 6 1.6208633187 0.9004206141 0.8729332093 0.8538440746 0.077324338 -0.0195670938 -0.0105646823 
47 5 1.5230335754 0.6587156726 0.5243281549 1.1365874444 0.0736580196 -0.356005013 -0.1069375461 
48 5 1.5430166228 1.0998928175 0.6945864079 0.586421073 -0.3360158981 0.0700037005 0.0385228729 
49 5 1.5383008768 0.4851525262 1.3426184047 0.5385986565 0.0804891046 -0.0273338473 0.1342492374 
50 5 1.5712229585 0.8921458377 0.6296962484 0.946899499 0.1136143285 -0.2543522757 0.1365923966 
51 4 1.4599045185 0.689440951 0.6823359922 0.75954426 -0.0674021062 0.1146504814 -0.15015397 
52 4 1.4002906345 0.6227795718 0.72446905 0.6135652393 0.0866247968 0.0108642782 -0.0365585033 
53 3 1.3323445251 0.584408646 0.95720689 0.2335263975 -0.0152861493 0.3640556582 -0.0898213556 
54 3 1.3134145892 0.0217688688 0.835394129 0.8678948853 0.0885480762 -0.1010497304 0.0243134202 
55 1 0.0 0.0 0.0 0.0 0.0 0.0 0.0 
56 1 0.0 0.0 0.0 0.0 0.0 0.0 0.0 
