# Cluster list (69 data points):
# "Cluster Identifier" "Cluster Size" "Radius of Gyration" "Gyration Tensor.XX" "Gyration Tensor.YY" "Gyration Tensor.ZZ" "Gyration Tensor.XY" "Gyration Tensor.XZ" "Gyration Tensor.YZ"
1 44 3.2591612071 3.8294157201 3.2720463713 3.5206696825 -0.2749815778 -0.5144385066 0.5083310436 
2 42 3.2163329346 3.9639969275 3.1572506903 3.2235499285 0.6116612459 0.0923195362 -0.0886919032 
3 37 4.5283481601 1.9370501621 15.5137385935 3.0551483039 1.8138532244 0.382975903 3.3852567945 
4 35 3.0033363479 2.7890467909 2.5375341008 3.6934483268 -0.3037022804 -0.1935174464 -0.2034611847 
5 33 2.988194514 2.8247204146 2.9567781899 3.1478078492 0.4179597274 -0.4944658855 -0.3266075329 
6 32 2.953630335 3.7862271333 2.4541513566 2.4835536662 0.3116498497 0.245982213 0.3453462695 
7 32 2.927413475 2.3985140288 3.1395756288 3.0316599959 -0.1247714648 0.2882462674 -0.43597087 
8 30 2.8518980416 2.6707373464 2.8337423037 2.6288427898 -0.1152613878 0.00866811 -0.2139357137 
9 29 2.8385733169 2.6569925752 3.2276664726 2.1728394277 0.5719086248 0.1466410757 0.2126273674 
10 29 2.8901494581 2.1421009633 1.9861774397 4.2246854874 0.3542514104 -0.3213869722 -0.084667408 
11 29 2.8824775155 2.9327066906 3.1069602096 2.2690097272 -0.3880310601 0.1086067558 -0.6585058481 
12 27 2.7423324162 2.4519615194 2.3733074862 2.6951180752 0.0988620921 -0.2110650909 -0.1191792117 
13 26 2.7491187889 2.8020265446 2.5625442274 2.1930833435 0.5153354538 0.2402915028 0.6108040116 
14 25 2.6910579989 2.4780069598 2.6278465387 2.1359396548 -0.0673926286 0.0337393867 -0.2351821798 
15 23 2.5978733497 2.2320228771 1.9482078427 2.5687152214 -0.5140382468 0.1222940017 0.1983773714 
16 23 2.6609027542 3.0765996212 2.3887179761 1.6150858702 -0.3260788739 0.1350527109 0.1204735045 
17 22 2.5981290069 2.0569750516 2.7559620422 1.9373372429 0.0505983521 -0.6102444196 -0.0117748406 
18 22 2.5722932916 1.7798157526 2.4553681929 2.3815088323 0.2609801126 0.3246223309 0.2154169775 
19 22 2.5932169412 2.0877378915 2.3648076681 2.2722285448 -0.215760708 -0.1804519378 0.0909246808 
20 22 2.6298251335 3.0529997128 2.0335793905 1.8294011295 -0.3951643414 -0.3023222652 -0.3679257053 
21 21 2.5555754295 1.9543025804 1.6490264336 2.9276367619 0.3662706124 0.0752582838 0.1259064613 
22 21 2.5679547184 2.3742355184 1.7777944534 2.4423614639 -0.2932042992 0.0748204883 -0.0931831081 
23 21 2.5532971973 2.79068758 2.180122431 1.5485165668 -0.1401020702 0.3675679238 -0.1579802645 
24 20 2.4986784445 2.5013234779 1.7571262656 1.9849442254 0.4484059121 0.2432096905 0.3445309667 
25 18 2.4626854348 2.0130480868 1.4497592904 2.6020121735 0.1923473106 0.4980203403 -0.0236258259 
26 18 2.4296871981 1.400835377 2.2831252453 2.2194192583 -0.244652008 0.1248472727 -0.0337063278 
27 17 2.3454384691 1.7436462425 1.8719996761 1.885435694 0.0546074616 -0.1221323496 -0.1876754551 
28 16 2.3146709987 2.372468712 1.6172554374 1.3679776827 0.1015195 -0.3647359204 -0.0864243205 
29 16 2.3118978034 1.7546977059 2.2851061914 1.305067556 -0.344488661 -0.0291455334 -0.1765211034 
30 15 2.2660190399 1.9407297999 1.3682779888 1.8258345002 -0.1425943488 -0.2550280557 -0.148913999 
31 14 2.1889016371 1.4013965261 1.4249577411 1.96493611 0.0120857696 -0.1303845632 -0.232160059 
32 13 2.0758779652 1.4284733821 1.4169735302 1.4638224141 0.0098503086 0.0101349181 -0.0254408856 
33 12 2.2335407157 1.4397303044 1.7556873263 1.7932864979 -0.155017148 0.3003631833 -0.026361013 
34 12 2.0620989611 1.5967304363 1.5226055087 1.1329161805 0.0458422693 0.0738357084 0.0267666461 
35 11 2.0536234602 1.2781935672 1.3870029737 1.5521727754 -0.3707226911 0.0516001731 0.0180475468 
36 11 2.0619165895 1.4526877104 1.0780457146 1.7207665972 0.1609771625 -0.0889832987 -0.0745431708 
37 11 2.0340944666 1.459681288 1.3081751934 1.3696838176 0.3521070026 0.0622502296 -0.2035504223 
38 11 2.045046572 1.5041426647 1.6954702478 0.9826025692 0.1348470135 0.1143365339 0.0626082776 
39 10 1.9760388572 1.5162377679 1.53585908 0.8526327174 -0.0853485782 0.1873459575 0.2788723731 
40 9 1.8937431583 1.1353320868 1.111546923 1.3393841397 0.2206236961 -0.135653093 0.131369745 
41 9 1.9444782026 0.8744286922 1.8022689345 1.1042978536 -0.1535945267 0.3944791073 -0.2470381041 
42 8 1.8394666064 1.4906783078 0.8970995203 0.9958595681 0.2376034683 -0.17821914 -0.0146212065 
43 8 1.8689160553 1.1926463173 1.4055815286 0.8946193758 -0.4027622976 -0.0756932305 0.0701780757 
44 7 1.7283833643 0.4892028538 1.2741976237 1.2239085765 0.184953559 -0.1151071203 0.0466197336 
45 7 1.7189196621 0.9173384056 0.9341968981 1.1031495012 -0.3244628182 0.2320225632 0.2269759299 
46 7 1.7405122683 0.4732648498 1.2915021541 1.2646159522 -0.0646823455 -0.1736447914 -0.0683962334 
47 6 1.5978753893 0.8854715684 0.8469551907 0.8207790006 -0.0192262457 -0.0034901286 0.0419710257 
48 6 1.6888923267 0.9674768761 0.9694267022 0.915453713 0.1094049395 0.0760608677 0.0410031661 
49 5 1.5514504568 0.8089618468 0.5313127737 1.0667238993 0.0732359198 -0.4237573228 -0.0525119444 
50 5 1.5303509337 0.551176817 0.8378200104 0.9529771529 -0.0343744899 0.0464190447 -0.3586156692 
51 5 1.5602036362 0.578101663 0.5964127998 1.2597209235 -0.0334535719 -0.1490827146 0.1556366991 
52 5 1.7020581396 0.8114899117 1.233333407 0.852178592 0.4395785887 0.3090753985 0.328569559 
53 4 1.3898288911 0.649584266 0.6719611665 0.6100789141 0.0091947287 0.0164674198 0.0253431403 
54 4 1.3957607099 0.6767488309 0.6243992267 0.6469999017 0.0640145274 0.0099695474 0.0270162446 
55 3 1.3389319587 0.6446542584 0.7348301309 0.4132544007 0.2480566768 -0.2862602111 0.3175790059 
56 3 1.3301299026 0.7394072837 0.793762728 0.2360755461 -0.0565136219 0.3730298753 0.1659125796 
57 3 1.3184476101 0.2652395318 0.6339051934 0.8391593754 -0.3891282266 -0.0813412682 -0.107190412 
58 3 1.3395686485 0.7880954103 0.4348863464 0.5714624072 0.2224875354 -0.20541893 0.3809902211 
59 3 1.3450574388 0.8000073236 0.390516916 0.6186552739 0.2948978908 0.1896841985 -0.3321609351 
60 3 1.3210941592 0.5671462588 0.7937502171 0.3843933016 0.131522314 0.3856952923 -0.2158266669 
61 3 1.2851817308 0.6545725165 0.5886047808 0.4085147839 0.2105464154 0.2796948217 -0.2980248432 
62 3 1.3115478534 0.8483872155 0.7882404767 0.0835300796 0.0443418264 -0.0310735976 0.2528434417 
63 2 1.1016682476 0.5066376579 0.5535430329 0.153492237 0.5295712849 0.2788636718 0.2914868066 
64 2 1.0866298873 0.6105244282 0.0494446654 0.5207954183 0.1737445714 0.5638779344 0.1604697953 
65 1 0.0 0.0 0.0 0.0 0.0 0.0 0.0 
66 1 0.0 0.0 0.0 0.0 0.0 0.0 0.0 
67 1 0.0 0.0 0.0 0.0 0.0 0.0 0.0 
68 1 0.0 0.0 0.0 0.0 0.0 0.0 0.0 
69 1 0.0 0.0 0.0 0.0 0.0 0.0 0.0 
