# Cluster list (96 data points):
# "Cluster Identifier" "Cluster Size" "Radius of Gyration" "Gyration Tensor.XX" "Gyration Tensor.YY" "Gyration Tensor.ZZ" "Gyration Tensor.XY" "Gyration Tensor.XZ" "Gyration Tensor.YZ"
1 44 3.5310616462 4.9988162068 3.5915618972 3.8780182454 0.22891171 -0.821298632 0.8802574502 
2 41 3.3525571493 4.7205207472 3.2634514763 3.2556672158 0.637433572 -0.7338195636 -0.2554468114 
3 35 3.0653249898 2.9702590082 2.6243370501 3.801621235 -0.1898616551 -0.4170054565 -0.3200348669 
4 32 3.0626095362 2.8433696634 2.9999354899 3.5362720181 0.0381039576 0.3105331592 -0.2252035023 
5 30 2.9226511204 2.823780987 2.328233648 3.3898749365 0.2982313391 -0.203587646 -0.6119129233 
6 28 4.4912804108 2.6145462285 3.4493830569 14.1076704428 -1.312377332 2.8345257463 -4.9151736121 
7 28 2.8796416838 2.4713410136 2.6451461843 3.1758490294 -0.311892434 -0.1071928546 -0.9241245852 
8 26 2.9464174784 2.8809597255 2.5181236821 3.2822925492 0.8390136066 1.3969635195 0.7165987129 
9 25 3.1382445189 2.5517606683 4.8150299635 2.4817880289 1.7582237185 -0.9604830052 -1.7795870757 
10 24 2.7101396174 2.1554633306 2.2294281924 2.9599652228 0.5102297858 0.1606962342 -0.1145311267 
11 24 2.6851346256 2.3152261129 2.6003401128 2.2943817322 0.1086775779 -0.2866048285 0.1068268157 
12 23 2.6774501072 2.6832928102 2.4113483997 2.0740978668 -0.1252844192 -0.0124441436 0.2536919062 
13 23 2.7673249314 2.8965726614 2.4710045572 2.2905100575 0.5888587657 -0.6957883693 0.0557478769 
14 22 2.6739821681 2.2143070252 2.595281258 2.3405923518 -0.4609513081 -0.5387374942 -0.1546862404 
15 22 2.6695223648 1.8989343983 2.6199909522 2.6074243057 0.0804488595 0.3492184387 -0.5079240038 
16 22 2.6246924945 2.6068190462 2.1187228281 2.1634688163 -0.1099124677 0.0557779713 -0.2537448579 
17 21 2.5687841942 2.4717658712 2.1824350364 1.9444513288 -0.1533382604 0.05866952 0.6511251189 
18 21 2.6190632316 2.6152660583 2.0825376299 2.161688523 -0.2297772699 -0.4689244462 -0.358126045 
19 20 2.5932921663 2.5208667595 1.7642919764 2.4400055239 0.0492437404 -0.1649621744 0.0133826705 
20 19 2.4455726437 1.559182503 1.5844292721 2.8372137807 -0.0441457504 -0.0907063219 -0.0628892943 
21 18 2.6606105465 2.6045604734 2.4938327292 1.9804552773 1.0116525409 0.8536542996 0.5735602342 
22 18 2.5921056775 1.8204351133 2.3534470855 2.5451296443 0.0548350956 -0.2382710689 1.0805873692 
23 18 2.5031680612 2.1794194322 2.1937512924 1.892679618 -0.3624487182 -0.0045026017 0.3593532611 
24 17 2.6950626526 2.0551911032 1.482941112 3.7252304864 0.1827073072 -1.2290072175 -0.2146370638 
25 16 2.6599896051 2.3639190193 3.1679063583 1.5437193219 -1.4547993032 0.4034864859 -0.5882926967 
26 15 2.3421125446 1.8436167562 1.7748769982 1.8669974169 -0.1094221792 -0.3876424148 0.4508076043 
27 14 2.2785045729 2.4059771238 1.3352933935 1.4503125716 -0.1165107494 -0.2638150049 0.1162993266 
28 14 2.1925171028 1.7155999203 1.5057567327 1.5857745931 0.1478710582 0.0900819025 0.1062476783 
29 14 3.1552201099 1.7035780456 1.415862535 6.8359733613 0.0866068605 1.2507091127 -0.7325922491 
30 13 2.1624735008 1.5709680272 1.5684929107 1.5368307039 0.1065051689 -0.0414397428 -0.014278735 
31 13 2.1074796206 1.5049630963 1.5203618852 1.4161453696 0.0083892531 0.0744917545 -0.0109763553 
32 13 2.1162085938 1.3786595543 1.5863914964 1.5132877619 0.0546985797 -0.0282132415 -0.026352256 
33 12 2.1032516931 1.241741003 1.5673828326 1.614543849 -0.1118756536 0.191604198 -0.0121830143 
34 12 2.2380203189 1.8814732869 1.2821746413 1.8450870194 -0.4392471207 0.2878333285 0.1701680149 
35 11 2.0546340715 1.4679153179 1.4613796964 1.2922261534 0.0733983521 -0.118146825 0.1285719175 
36 11 2.1829946558 2.0210914205 1.2562761582 1.4880980886 0.3925771642 0.5934708704 -0.1263975327 
37 11 2.7720042632 1.855971124 0.8646926912 4.96334382 -0.4600238714 1.7567847647 -0.5741833968 
38 11 2.0562294425 1.0976568616 1.7254741401 1.4049485187 0.1210181863 0.1616612054 -0.0241516266 
39 11 2.0726006959 1.6284733169 1.3910563927 1.2761439349 -0.0779759128 0.2949182266 0.2622556751 
40 10 2.002922646 1.6024222503 0.796665427 1.6126114487 -0.1752107211 -0.0790390615 0.0090190226 
41 10 2.067749 1.6718797675 0.8728422562 1.7308639032 -0.1947906278 0.1676602641 -0.1390850962 
42 10 2.003925786 1.0526691917 1.6107872761 1.3522620882 -0.3203042336 -0.3470244674 -0.1278843449 
43 9 2.0155312061 1.7805203008 1.2255188881 1.056326854 0.3046174117 0.3892936861 0.0553257063 
44 8 1.9002189064 0.9142871721 1.1943107095 1.5022340107 0.0132549682 -0.0854276627 -0.0184658844 
45 8 1.8726420464 1.7328183411 0.9563119447 0.817657948 -0.0936968793 0.271379468 0.0302497868 
46 8 1.8458450552 0.8269615327 1.599893667 0.980288768 -2.0490407172e-04 0.023196782 -0.2391285244 
47 8 1.8931344319 1.4805890253 0.9709881357 1.1323808161 0.3432699566 -0.2100626821 -0.2772374658 
48 7 1.8099071768 1.262570156 1.215199118 0.7979947147 0.2121265309 -0.5226008616 0.1491407393 
49 7 1.8026125002 1.3714595831 1.1247658329 0.7531864098 -0.0957119521 -0.3336447331 -0.4125325396 
50 6 1.6017259174 0.8467677353 0.8936595523 0.8250986268 -0.0617122067 0.0184224303 0.0643805655 
51 5 1.5642217057 0.6786536968 0.5990820167 1.1690538311 -0.1292026481 0.332849959 -0.2092140542 
52 5 1.6390181545 0.7585445034 0.7278529009 1.1999831067 0.172003508 -0.4430951271 -0.2207181834 
53 5 1.5928018663 0.6387548115 1.3204478838 0.57781509 0.3079019819 -0.0313477095 -0.0106897895 
54 5 1.5328997789 0.5519969369 0.6325176764 1.1652671189 -0.0494179686 0.1233794512 0.0825934804 
55 5 1.7993435936 0.4668991142 2.2068113697 0.563926884 0.2529546452 0.0987113658 0.2682069976 
56 4 1.3740908389 0.598468361 0.5977964501 0.6918608224 0.0690285257 0.0380619553 0.0590662073 
57 4 1.4582081692 0.7055752756 0.7353829646 0.6854128244 0.0276266991 -0.0968530176 0.01521235 
58 4 1.4805605362 0.7870516696 0.5849752285 0.8200326032 -6.1368224056e-04 -0.1387445847 0.0065588071 
59 4 1.3907992149 0.64822456 0.7405258803 0.545572016 0.0038887213 -0.0935126068 -0.0042496211 
60 4 1.4263566663 0.5186877079 0.7518841757 0.763921456 0.0485227192 0.0033729816 -0.0739572656 
61 4 1.4641349714 0.8416983274 0.6448906592 0.6571022278 0.068685919 0.0810264842 -0.0857240595 
62 3 1.3823229306 0.8470808668 0.5077549958 0.5559808218 0.4679558578 0.0293383023 -0.3557060751 
63 3 1.2864349706 0.6324776746 0.7704359137 0.2520013453 0.1063483464 -0.327327024 0.1942813976 
64 3 1.3580771268 0.5958568616 0.9568821964 0.2916344243 0.1276672802 -0.3262112679 0.2542645918 
65 3 1.3381866989 0.9004759751 0.0358685402 0.8543991258 0.0452850983 0.0401166932 0.1712516616 
66 3 1.3013264103 0.8544599002 0.2085609682 0.6304295579 0.0735430506 -0.1017147031 0.3448608617 
67 3 1.3061285118 0.6801033617 0.773806397 0.2520619305 -0.0036264894 -0.4120575643 0.0453502787 
68 3 1.3347709915 0.2583998302 0.9056572665 0.617556503 -0.3836168022 -0.2107140275 -0.0742548395 
69 3 1.3493058453 0.539726722 0.9693146474 0.3115848947 -0.0306091849 -0.4052069447 0.1074283706 
70 3 1.3513068864 0.9569969753 0.8292260787 0.0398072474 -0.020146389 -0.0284767988 -0.1790947699 
71 3 1.4119187865 0.5997159965 0.2648435524 1.1289551108 -0.2980334938 0.0046493341 0.3607083225 
72 3 1.3245175613 0.3491651788 0.6216416963 0.7835398949 0.463176825 -0.0490292079 0.0098724468 
73 3 1.307249275 0.822729004 0.2005069562 0.6856647067 -0.1573821227 -0.0986278365 -0.3199888694 
74 2 1.1106713207 0.2880014133 0.7788848254 0.1667045439 -0.4736242504 0.2191144547 -0.3603382294 
75 2 1.2442952515 0.4219504619 0.5344030995 0.5919171115 0.4748595947 0.4997596408 0.5624254075 
76 2 1.1352822476 0.4073991192 0.7061763551 0.1752903074 0.5363726551 0.2672323275 0.3518321622 
77 2 1.1728291383 0.5870771547 0.4551657499 0.3332852829 0.5169307627 0.4423394348 0.3894869006 
78 2 1.1142700766 0.7806014942 0.1238160311 0.3371802783 -0.3108874055 0.5130335555 -0.2043240657 
79 2 1.108290591 0.1681665481 0.0075877441 1.0525537418 -0.0357212086 -0.4207188246 0.0893672675 
80 2 1.144271975 0.3069095501 0.8012972678 0.2011515348 0.4959090481 0.2484659475 0.4014749996 
81 2 1.1133344812 0.0385548589 0.8445525092 0.356406299 0.1804483384 0.1172228415 0.5486381632 
82 2 1.1443057535 1.2067179936 0.0396326527 0.0630850113 -0.2186902722 -0.275909076 0.0500022634 
83 1 0.0 0.0 0.0 0.0 0.0 0.0 0.0 
84 1 0.0 0.0 0.0 0.0 0.0 0.0 0.0 
85 1 0.0 0.0 0.0 0.0 0.0 0.0 0.0 
86 1 0.0 0.0 0.0 0.0 0.0 0.0 0.0 
87 1 0.0 0.0 0.0 0.0 0.0 0.0 0.0 
88 1 0.0 0.0 0.0 0.0 0.0 0.0 0.0 
89 1 0.0 0.0 0.0 0.0 0.0 0.0 0.0 
90 1 0.0 0.0 0.0 0.0 0.0 0.0 0.0 
91 1 0.0 0.0 0.0 0.0 0.0 0.0 0.0 
92 1 0.0 0.0 0.0 0.0 0.0 0.0 0.0 
93 1 0.0 0.0 0.0 0.0 0.0 0.0 0.0 
94 1 0.0 0.0 0.0 0.0 0.0 0.0 0.0 
95 1 0.0 0.0 0.0 0.0 0.0 0.0 0.0 
96 1 0.0 0.0 0.0 0.0 0.0 0.0 0.0 
