# Cluster list (62 data points):
# "Cluster Identifier" "Cluster Size" "Radius of Gyration" "Gyration Tensor.XX" "Gyration Tensor.YY" "Gyration Tensor.ZZ" "Gyration Tensor.XY" "Gyration Tensor.XZ" "Gyration Tensor.YZ"
1 53 3.734122408 4.7004110268 3.3746808341 5.8685782969 -0.2212821982 1.3964817431 -1.1355075099 
2 44 3.2543625723 3.8554564198 3.5160733212 3.2193460111 -0.0664699698 -0.3558219548 0.4935308431 
3 37 3.1607333485 2.4303551812 4.763553316 2.7963268032 0.276919622 0.1432414141 0.2388817113 
4 35 3.0068968681 2.8130497384 2.4868284367 3.7415506006 -0.3225892372 0.0513931037 -0.149623846 
5 33 2.9804223528 2.8551915614 2.7128534563 3.3148723831 0.263506018 -0.6922140985 -0.2034707124 
6 32 2.9448311796 2.4626321479 3.2978701208 2.9115284073 -0.1454554425 0.3119702754 -0.5047676345 
7 32 2.9607897212 3.7503333122 2.3344955483 2.6814469125 0.1681096249 0.3375793215 0.4006847712 
8 30 2.857229511 2.6503848657 2.8716002213 2.6417753914 -0.0059927337 -0.0816995532 -0.2522781202 
9 29 2.9019178703 2.436859609 2.033792856 3.9504748609 0.393370616 -0.7624262252 0.1170373293 
10 29 2.8725657471 2.849921976 2.8977963125 2.5039156828 -0.3035014704 0.271642758 -0.697745059 
11 29 2.8478967418 2.7103043802 3.2829165191 2.1172949527 0.5431514464 0.0742160814 0.1817324728 
12 27 2.7426319193 2.609603838 2.3175858079 2.5948401988 0.0518510177 -0.2334074343 -0.0920893076 
13 26 2.7544689768 2.5259417805 2.57376105 2.4873965137 -0.4241111311 -0.0441859144 -0.4325370585 
14 26 2.7345115233 2.5355290856 2.6423052042 2.2997189811 0.4066425548 0.1322504562 0.6750017546 
15 25 2.694562249 2.4562063887 2.4805333209 2.323926004 -0.0191248722 0.0387523106 -0.3492901123 
16 25 2.8299120594 3.1221806492 2.5042372189 2.3819843959 -0.460048055 0.266110509 -0.4706152561 
17 23 2.6689201744 1.6887550623 3.0200290694 2.4143507653 0.1964356239 -0.5141929598 -0.274530309 
18 23 2.6590838705 3.0266868069 2.2228235728 1.8212166507 -0.2007345263 0.5050078909 0.0820233133 
19 22 2.5908411642 2.0606012434 2.3899343242 2.2619223707 -0.1963811156 -0.181534026 0.1468274046 
20 22 2.5554616335 1.8922976802 2.3626350661 2.2754514142 0.1566001329 0.4404695388 0.1898571632 
21 21 2.548076341 2.8152554711 2.1761586157 1.501278953 -0.2407268163 0.1724979347 -0.1418488206 
22 21 2.5536079755 1.9008702683 1.88269508 2.7373483444 0.3262469045 -0.1432455238 0.3485314547 
23 21 2.5667263742 2.3681830283 1.8774617196 2.3424395321 -0.3362464001 0.1375182312 -0.0248660932 
24 20 2.4873732699 2.4968913041 1.5286348602 2.1614996196 0.2384575545 0.4229578631 0.3092924479 
25 18 2.4583096572 1.8139871675 1.4581406663 2.7711585368 0.0479583208 0.4255884383 -0.2869174804 
26 18 2.4179166292 1.5340328356 2.2632116613 2.0490763288 -0.1623268298 0.3735361418 0.0033026596 
27 17 2.3440648317 1.812857907 1.9043844516 1.7773975765 0.0913709692 -0.2059962201 -0.1903600564 
28 16 2.3005978193 1.7929475613 2.0843239837 1.4154787813 -0.3827407997 -0.0300165724 -0.1978025021 
29 16 2.3033448688 2.0600009115 1.6285663092 1.616830364 0.1162600314 -0.5503125924 -0.087140324 
30 15 2.2655216215 1.7921196386 1.3935534501 1.9469151286 -0.1950535115 -0.2942670338 -0.1610637059 
31 14 2.1879827595 1.3311017048 1.3576320264 2.0985348248 -0.0333218086 0.0020159504 -0.2613620381 
32 13 2.2774152038 1.5894938355 2.1292409134 1.4678852616 0.6988263181 -0.143503508 0.4617648993 
33 13 2.0632971519 1.469262382 1.4380299512 1.3499028038 0.0327867392 -0.0148175221 0.0010535497 
34 12 2.0466534584 1.4511694499 1.5498777371 1.187743192 -0.0056386445 0.2412924617 -0.0102789284 
35 12 2.0852064344 1.4029489912 1.3534909145 1.5916459684 -0.0925496777 -0.0447057273 -0.0543307562 
36 12 3.0867342615 1.0824936194 4.9899312425 3.4555035388 0.7114146044 -0.9702239759 -3.1100316739 
37 11 2.0453647655 1.2063915146 1.4587537255 1.518371784 -0.3556282187 -0.0320692218 0.2014548079 
38 11 2.0254875745 1.3376202858 1.227530771 1.5374488577 0.1756732569 0.1740013764 -0.2889755106 
39 11 2.0244364637 1.4798358816 1.6042349342 1.0142721797 0.0232529769 0.0566797587 0.0899649657 
40 9 1.8960425808 1.1601056699 1.1526203249 1.2822514734 0.1816516788 -0.2148164181 0.1506944623 
41 8 1.829593861 1.4945953808 0.953755829 0.8990624863 0.2561061069 -0.1972894557 -0.0763512907 
42 8 1.8500309437 1.0338876877 1.2710809473 1.1176458575 -0.2860689031 -0.3364793688 0.2766258669 
43 7 1.7253916415 0.4083716798 1.3278488218 1.2407558149 0.0559937818 0.056200271 -0.0316922677 
44 7 1.7408970776 0.7154925106 1.3051022692 1.0101278549 -0.0134826101 -0.3648502565 -0.0115540653 
45 7 1.7196951873 1.1898023271 0.8755280789 0.8920211311 0.1291856012 -0.0623665976 0.4099958002 
46 6 1.6299577266 0.9670859637 0.831642811 0.8580334158 -0.0288838359 0.024025819 0.0279403589 
47 6 1.5936426206 0.7677401161 0.9022252121 0.8697314741 -0.0677792371 0.0341335014 0.0331528908 
48 5 1.5691885395 0.8707085021 0.6784480368 0.9131961335 0.1909494053 -0.365264124 -0.1741488408 
49 5 1.5417967014 0.7328194324 0.9499424681 0.6943751678 -0.2962605125 -0.2034690939 0.275218766 
50 5 1.5474620713 0.6120788719 1.2794305959 0.5031293944 0.2226432517 0.0341431564 0.0627556751 
51 5 1.6434136035 0.7647272901 0.695266774 1.2408142079 0.0528802746 -0.041295664 -0.0347437567 
52 5 1.5343859371 0.6480010836 0.6453346264 1.0610044938 0.115843564 0.3259779051 0.2630733636 
53 4 1.3938580295 0.6205353197 0.6817077561 0.6405971306 0.0093305183 -0.0321789127 0.0485656681 
54 4 1.4531414424 0.6719390345 0.669561824 0.770119193 -0.0898073393 0.0757430192 0.0278310149 
55 3 1.31762016 0.2153751556 0.7348738709 0.7858738594 0.2107338216 -0.3064892118 0.1301075701 
56 3 1.2934526524 0.753786091 0.8895161109 0.0297175621 -0.0304274772 -0.1496297199 0.0097423372 
57 3 1.3041120403 0.1439776828 0.8507787786 0.7059517523 0.257768875 -0.1930386182 0.0716037452 
58 2 1.1503484699 0.0802474994 0.1730313117 1.0700227912 -0.1178360304 -0.2930301234 0.430287633 
59 1 0.0 0.0 0.0 0.0 0.0 0.0 0.0 
60 1 0.0 0.0 0.0 0.0 0.0 0.0 0.0 
61 1 0.0 0.0 0.0 0.0 0.0 0.0 0.0 
62 1 0.0 0.0 0.0 0.0 0.0 0.0 0.0 
