# Cluster list (56 data points):
# "Cluster Identifier" "Cluster Size" "Radius of Gyration" "Gyration Tensor.XX" "Gyration Tensor.YY" "Gyration Tensor.ZZ" "Gyration Tensor.XY" "Gyration Tensor.XZ" "Gyration Tensor.YZ"
1 53 3.4855077707 4.2300860321 3.1602144501 4.7584639373 -0.1451127308 0.548238361 -0.4604995837 
2 48 3.3628537797 3.560808754 3.3407133152 4.4072634743 0.1155414717 -0.3933768638 0.4905330995 
3 37 3.1003979463 3.12986953 3.661485836 2.8211120592 -0.8547211156 0.0217880463 0.1093553058 
4 36 3.050377646 3.3680992033 2.701525977 3.2351786027 -0.2036439702 -0.0365558516 -0.1205078677 
5 35 3.0140562196 2.8616650262 2.4621524424 3.7607174262 -0.32751766 0.1258980494 0.2741127048 
6 32 2.9649447008 3.5504111408 2.6607389641 2.5797469742 0.6536827388 0.0928688146 0.4073816385 
7 32 2.943202731 2.5622002086 2.9436557323 3.1565863748 -0.2262243795 0.41555807 -0.3353061843 
8 31 2.9105746983 2.4196823224 3.4246802361 2.627082516 0.0485655914 -0.2323571372 -0.4942589587 
9 30 2.8595418005 2.9503969981 2.6827074588 2.5438748518 0.1258635763 -0.2284578171 -0.174541841 
10 29 2.8724760559 2.7254785297 2.4927580052 3.0328821566 -0.1317872385 0.2312475139 -0.7898266451 
11 29 2.8564255427 2.3382974582 3.4167096273 2.4041597956 0.1988700143 -0.0530256202 0.5764095974 
12 29 2.8986593917 2.8233863579 2.0906264042 3.4882135074 0.2999052238 -1.0646768669 0.267406183 
13 27 2.7446779171 2.4030386464 2.2829905054 2.8472277167 0.0085839608 -0.1030954054 -0.0487610248 
14 26 2.7497969075 2.7465943902 2.4161826344 2.3986060081 0.3060777217 0.4715853711 0.6420629967 
15 25 2.7041959202 2.5095946468 2.5428791125 2.2602018153 0.0476372104 0.0789920892 -0.323555428 
16 25 2.6784008951 2.2344634563 2.2300846088 2.7092832895 0.2416914052 0.0482352807 -0.1533415209 
17 23 2.6484120105 2.1927499859 3.0289049959 1.7924311957 0.2677692783 -0.5896779845 -0.0946301492 
18 23 2.6650979856 2.906417635 2.2614697086 1.9348599294 -0.2770567064 0.6003357008 0.0436378216 
19 22 2.5897355629 2.2372287453 2.2141950791 2.2553064612 -0.2604927006 -0.0680795114 0.0422984198 
20 22 2.665462178 3.5224765143 1.6033626915 1.9788494163 -0.529794557 0.1056147831 0.100424909 
21 22 2.569614731 1.6403141945 2.2574784637 2.7051272076 -0.0319830568 -0.0084407241 0.1581426715 
22 21 2.5425538468 1.7307874998 2.4170862595 2.3167063043 -0.0079093704 -0.5333022766 0.4335227004 
23 21 2.5713196496 2.2237404454 1.9698957592 2.4180485357 -0.432712323 0.0562705686 -0.0989159875 
24 21 2.561556952 2.6980299124 2.2102860247 1.6532580813 -0.421787812 -0.3650375822 -0.2088266539 
25 20 2.4904799192 2.3525865776 1.6652705695 2.1846330808 0.1749424127 0.4147111634 0.4474059452 
26 18 2.4775844665 1.9444998858 1.3618508364 2.8320740663 -0.0229429066 0.4283262602 -0.2093810356 
27 18 2.4154883798 2.0158207346 2.2053545994 1.6134087792 -0.1384719814 0.4315441226 0.0026922869 
28 17 2.3486395943 1.6462798145 1.8452603371 2.0245677922 0.0920936003 -0.1444638406 -0.2929764633 
29 16 2.3188050239 1.5314713072 1.610495267 2.2348901646 0.0579731481 -0.5229149562 -0.1817984795 
30 16 2.2954983998 1.2864787348 1.8113502848 2.1714838837 0.0168343736 -0.1715999702 -0.339703471 
31 15 2.2621818578 1.9718978843 1.7961532596 1.3494156137 0.1169222685 -0.1293679758 -0.1931734559 
32 14 2.1768121057 1.4328423486 1.3319904055 1.9736781893 -0.0411174212 0.2347368326 -0.1333052554 
33 13 2.2340848628 1.7632357761 2.1304588296 1.0974405685 0.1155195109 -0.0640041959 0.617999548 
34 13 2.0799860274 1.4262231824 1.4213739334 1.4787447583 -0.0255846251 0.0214719446 0.0244179236 
35 12 2.1905153013 1.4493338089 2.3482399074 1.0007835692 -0.0598702259 -0.1387922183 -0.4699597361 
36 12 2.080976841 1.4672063956 1.570991241 1.2922669761 0.0540038223 0.2417332395 0.0804222594 
37 12 2.0694154214 1.4047658689 1.5094027654 1.3683115519 -0.0314831783 0.1955189571 0.0637172413 
38 11 2.0374931195 1.3917338778 1.3111567338 1.4484876005 0.0841891926 0.2280974386 -0.2957466482 
39 9 1.8812922282 1.1051001484 1.2834788102 1.1506814892 0.1676188291 -0.2816792658 0.0998592725 
40 8 1.8216205578 0.8456073035 1.3461203125 1.1265738406 -0.0990937561 -0.047135923 0.3824082678 
41 8 1.8250886563 1.2765735 1.1838314304 0.8705436728 -0.3078404903 -0.1805478933 0.0979195549 
42 7 1.7396710034 0.4357644716 1.3492913065 1.2413994221 0.2024600156 0.10518266 -0.020562075 
43 7 1.7516396205 1.348784543 0.5962390199 1.1232177973 -0.0380995216 -0.0097054562 -0.3852284901 
44 7 1.7549345145 1.3150825731 0.5103303273 1.2543822499 -0.0950440079 0.1048315508 0.3078817615 
45 6 1.6039419404 0.8265890541 0.9184558094 0.8275848847 0.0409627272 0.025123482 0.0623678106 
46 6 1.5981084496 0.8065213136 0.8413014416 0.9061278614 9.5223658961e-04 0.0025176115 -0.0299110218 
47 5 1.5377020114 0.663968599 0.5575711337 1.1429877431 0.1073349671 -0.3432866247 -0.1440923353 
48 5 1.5810737699 1.0190922482 0.9768891295 0.5038128881 -0.3821053179 0.0402228079 -0.0293304718 
49 5 1.5248832638 0.5044985961 1.251664456 0.5691059163 0.0794897686 -0.0471674676 0.0051749369 
50 5 1.5706599704 1.0055578871 0.626689215 0.8347256403 0.1076033853 -0.3536011935 -0.0646414359 
51 4 1.4069858878 0.7542097677 0.5731692445 0.6522302763 0.0212523175 0.1299803898 0.0292053999 
52 4 1.4088769635 0.5787727748 0.6865579306 0.7196035929 0.012604933 -0.0638220317 0.0200464654 
53 3 1.3179336881 0.5558351844 0.8013432129 0.3797708088 0.140463333 0.4198776639 -0.1128427023 
54 3 1.3525128405 0.0975907172 0.8660176705 0.8656825959 -0.0768898079 -0.2693876898 -0.1013140474 
55 1 0.0 0.0 0.0 0.0 0.0 0.0 0.0 
56 1 0.0 0.0 0.0 0.0 0.0 0.0 0.0 
