# Cluster list (48 data points):
# "Cluster Identifier" "Cluster Size" "Radius of Gyration" "Gyration Tensor.XX" "Gyration Tensor.YY" "Gyration Tensor.ZZ" "Gyration Tensor.XY" "Gyration Tensor.XZ" "Gyration Tensor.YZ"
1 54 3.5088245961 4.2001068446 3.1657385223 4.9460046796 -0.3054736858 0.3829142834 -0.1135959072 
2 48 3.3730624041 3.8584644367 3.0705611548 4.4485243906 0.0689341634 -0.5552734265 0.3193489655 
3 45 3.3224278223 4.1694381215 2.7952774353 4.0738110776 -0.4806525772 -0.9023224023 0.1336288788 
4 37 3.1010773541 2.7458993626 4.1342710671 2.7365103264 -0.2254644622 0.0956229663 0.4153820845 
5 37 3.2316093463 2.6577632348 3.1699554648 4.6155802673 -0.5445885879 -0.9714078413 0.9680235572 
6 36 3.0279366549 3.0601316097 3.0114951638 3.0967736124 -0.1771323726 -0.1113841315 -0.1781866729 
7 36 3.075921641 3.8424689191 2.6023878503 3.0164371721 -0.090201477 0.350163991 -0.5153972939 
8 35 3.0162436531 2.8398132099 2.5238066965 3.7341058684 -0.3760089892 0.0408129247 -0.0148729841 
9 34 2.9769438433 2.9455622586 2.6184239916 3.2982083958 -0.1026986672 -0.154984962 -0.5473810846 
10 32 2.965999755 3.5397183931 2.3926129885 2.8648231653 0.286939564 0.5393569151 0.5364767675 
11 31 3.0057564275 3.0030735415 3.3959422209 2.6355559389 -1.0626138233 0.9516925876 -0.5400624598 
12 31 2.9063998862 2.5959697277 3.5314985675 2.3196920033 0.2350656808 0.0911865498 0.3267343933 
13 30 2.8528560526 2.8883002605 2.7354252462 2.5150621503 0.1465276896 -0.2938695848 -0.1182973812 
14 29 2.8156674202 2.6368214388 2.7453623304 2.5457992522 -0.1478896362 -0.075134182 0.0550792657 
15 29 2.8507002435 2.3645168251 3.0430142122 2.7189608408 0.1031900265 0.1854624237 0.7248021342 
16 27 2.746625629 2.2568084716 2.5614447543 2.7256991197 0.0132415689 -0.0964395917 -0.2353488601 
17 26 2.7464442163 3.0988578626 1.8148357683 2.6292622022 0.2886864438 0.4831357818 0.0328800663 
18 25 2.6837347103 2.2968255807 2.1750988096 2.7305076052 0.19458976 -0.1572292206 0.0849641534 
19 23 2.6421928051 1.7412807086 2.7757672157 2.464134895 0.6441633945 -0.4032787676 -0.1840590372 
20 22 2.6311771709 2.5948359226 2.2040606481 2.1241967339 -0.9189553444 0.1251526898 -0.2845794547 
21 22 2.5793109801 2.1137374407 2.2267683459 2.3123393455 0.1026245651 -0.5797328865 0.1036365594 
22 21 2.5482616335 1.7926994666 2.4406745054 2.2602633808 0.1982354564 -0.2231995749 0.5029872915 
23 21 2.5695225134 2.4955025999 1.8241264757 2.2828168714 -0.1569240275 -0.0451537425 -0.2262602302 
24 21 2.5397761232 1.57588912 2.3846543766 2.4899192595 -0.0524825629 -0.3285525322 0.3830848291 
25 20 2.5040515239 2.1062482389 1.6138717875 2.5501540081 -0.0576829278 0.4400844945 0.3502319326 
26 18 2.4605756894 1.7148553745 2.2388769902 2.1007003588 0.0601982275 0.224815783 -0.7763824567 
27 18 2.4209783635 1.7979763516 1.9019910446 2.1611688403 0.3454156909 0.287754138 -0.2906177158 
28 17 2.3434565876 2.057764712 1.6551456062 1.77887846 0.2253008635 -0.0866925627 0.0793029163 
29 16 2.3083915816 1.3495698368 2.412124293 1.5669775642 0.3274162108 -0.0677300188 0.0177840922 
30 16 2.3129506432 1.7139906902 1.8875638389 1.7481861488 -0.3699597329 -0.4645491795 0.2425194792 
31 15 2.2695277398 1.4153035704 2.1194907675 1.615961824 -0.0814934598 -0.1752476103 -0.2009466816 
32 14 2.1799389124 1.3678939898 1.4842104725 1.9000291993 -0.0610420391 -0.1172212898 0.3237684503 
33 13 2.0610449927 1.4474201764 1.3883081965 1.412178089 -0.0117553468 0.0044973126 0.0239508605 
34 12 2.1695296685 1.6573890846 1.4174109217 1.6320589761 -0.0530347966 0.7540342079 -0.3644952281 
35 12 2.0730630561 1.5750424316 1.3875232318 1.335024771 -0.101702715 0.1178744217 0.2478343955 
36 11 2.0388266967 1.4111242718 1.3967154912 1.3489745361 -0.0708509799 -0.2424730175 -0.1417210498 
37 9 1.885592758 1.0247719145 1.2496770998 1.2810110349 -0.178748084 -0.1848608654 -0.1001933221 
38 8 1.7921355563 1.0431984366 0.9309533736 1.237598042 0.0884579722 0.3258250284 0.1019043412 
39 7 1.7278435471 1.271703487 1.0770372833 0.6367025528 -0.0616538734 -0.157060767 -0.3758137307 
40 7 1.7168161917 1.2027740473 1.0375933601 0.7070904289 0.1630478105 0.2050222072 -0.3017525606 
41 6 1.5879491806 0.8400589523 0.8494529492 0.8320706985 0.0525840419 -0.0135595575 0.0343853815 
42 6 1.6228503027 0.8391269867 0.8518750478 0.9426410704 0.0056892913 0.0767254469 0.0050688819 
43 5 1.5100248883 0.4419509248 1.1724551345 0.665769104 0.0114549646 -0.0384813852 0.0851791967 
44 5 1.5701890408 0.9170429783 0.6963810516 0.8520695941 0.2708759033 -0.3494441709 -0.1910729256 
45 5 1.5534083303 1.2171976393 0.6453386789 0.5505411224 0.2384885618 0.1986687059 0.0905198312 
46 4 1.4168850356 0.7025137847 0.6074578059 0.6975916134 0.0306205099 0.0064974126 0.0602976918 
47 3 1.2977967376 0.8749912763 0.6479421126 0.1613429832 -0.1381770492 0.0345019368 0.311045581 
48 1 0.0 0.0 0.0 0.0 0.0 0.0 0.0 
