# Cluster list (67 data points):
# "Cluster Identifier" "Cluster Size" "Radius of Gyration" "Gyration Tensor.XX" "Gyration Tensor.YY" "Gyration Tensor.ZZ" "Gyration Tensor.XY" "Gyration Tensor.XZ" "Gyration Tensor.YZ"
1 44 3.2650559231 3.8759695767 3.3439400079 3.4406805964 -0.1263015709 -0.3892188571 0.5451358878 
2 42 3.2263135634 4.0162875724 3.1421790231 3.2506326142 0.6539894931 0.1444520283 -0.0610344903 
3 37 3.7249824235 1.8639784436 9.1383498108 2.8731658009 1.2177992489 0.3307361345 1.9435823687 
4 35 3.0183769053 2.8496834323 2.5697867777 3.6911289324 -0.3077786112 -0.1514078294 -0.2237247644 
5 33 2.9870564143 2.8691657422 2.7871515066 3.2661887731 0.460680972 -0.6829684664 -0.3339632536 
6 32 2.9421605073 2.4024822126 3.2052838669 3.0485423715 -0.1454715225 0.3315642819 -0.4882589753 
7 32 2.961691673 3.833447659 2.4144384097 2.5237314971 0.3006552472 0.2748804198 0.3837480529 
8 30 2.8528286748 2.7150102205 2.7682488393 2.6553723881 -0.0675999517 -0.0116935343 -0.3442386869 
9 29 2.8538731518 2.7704728504 3.1832882498 2.1908308665 0.5638478656 0.0989334863 0.2253916494 
10 29 2.8939542878 2.2198367729 1.9717148859 4.1834197608 0.3990060655 -0.4486006566 -0.196348459 
11 29 2.8783759515 2.8895290481 3.0996278176 2.2958912526 -0.4387704582 0.1213614591 -0.6670396369 
12 27 2.740169893 2.5139907725 2.3385110325 2.6560292376 0.0773160123 -0.2456588022 -0.1513239074 
13 26 2.7521125379 2.7891426435 2.6056305123 2.1793502657 0.5057944627 0.2070057446 0.5678203784 
14 25 2.6971974838 2.4386084634 2.5699889359 2.2662768674 -0.0905861304 0.0493155152 -0.2600948184 
15 23 2.5965483333 2.2399192199 1.9648183728 2.5373256546 -0.5001245761 0.1476521011 0.2031840093 
16 23 2.6603349455 3.1397862513 2.2931166384 1.6444791325 -0.2848131785 0.1442972381 0.1204973438 
17 22 2.5885263838 1.9014218758 2.7250943849 2.0739525788 0.1384271003 -0.5430547353 0.0864539639 
18 22 2.5731529215 1.7844606809 2.4497756805 2.3868795961 0.2931217507 0.3415267489 0.1807037779 
19 22 2.6010255391 2.1059992012 2.3074507313 2.3518839226 -0.2545321518 -0.18610292 0.1145295777 
20 22 2.632308624 3.2881686506 1.8173923835 1.823487658 -0.3310003853 -0.2720450223 -0.3878748305 
21 21 2.5514556229 1.9370395928 1.6554826972 2.9174035057 0.31218679 0.034616303 0.044280081 
22 21 2.561777184 2.3089037213 1.8656004585 2.3881981605 -0.3805416437 0.0704546413 -0.036627792 
23 21 2.5490674327 2.7819022713 2.2214141143 1.4944283908 -0.2067866928 0.2429845308 -0.099620139 
24 20 2.4966778136 2.4649856155 1.7593236079 2.0090908817 0.4808710146 0.3060875196 0.363179876 
25 18 2.462313187 2.022126528 1.4412132223 2.5996464806 0.1377636868 0.581937279 0.003053029 
26 18 2.4016635309 1.4040459213 2.2510928452 2.1128489493 -0.229174008 0.1596383878 -0.0125988554 
27 17 2.3507105902 1.8701981797 1.8812514637 1.7743906356 0.036392377 -0.0692561299 -0.2425069504 
28 16 2.3088760732 2.3503749085 1.5616849525 1.4188488603 0.0191437441 -0.412026592 -0.0745878751 
29 16 2.3234877963 1.8185956455 2.2554358861 1.3245640079 -0.4539168842 -0.0593793753 -0.1450169419 
30 15 2.2481086936 1.8341572403 1.3182019112 1.9016335469 -0.1239311483 -0.2450040344 -0.0829707149 
31 14 2.1732494516 1.306103295 1.3931482586 2.0237616251 0.0536601355 -0.1340093503 -0.2500675253 
32 13 2.0592924247 1.4073980129 1.4076718436 1.4256154338 -0.0199725164 -0.0478611715 0.0202061875 
33 13 2.9108384404 5.4203909925 2.3463919654 0.706197468 2.0759134692 0.1584801868 0.2785161966 
34 12 2.137796736 1.424856934 1.4736498423 1.6716681082 -0.1490139378 0.026083266 -0.112807177 
35 12 2.0450912142 1.4534318942 1.5688714649 1.1600947151 -0.0445170759 0.0851194981 0.0050621668 
36 11 2.023724887 1.4162581511 0.9590639199 1.7201403474 0.2242633112 -0.1205347049 -0.1353175884 
37 11 2.0292398851 1.5360459978 1.2820306667 1.2997378467 0.2530519617 0.0578435126 -0.1618763285 
38 11 2.0367073322 1.4927941907 1.70306718 0.9523153863 0.0235462959 0.1347146816 0.1381950774 
39 11 2.0286334574 1.2469552131 1.4384602675 1.429938224 -0.3846159386 0.0994146531 0.027300993 
40 9 1.9244340257 0.8162580089 1.7383976013 1.1487907089 -0.037706554 0.3431746138 -0.2164224211 
41 9 1.8689754711 1.1413117914 1.0935880347 1.2581694854 0.1977469124 -0.1035119517 0.1656228757 
42 8 1.8012935176 1.4445927357 0.8862080222 0.9138575786 0.2300951947 -0.1839772805 -0.0349291111 
43 8 1.8463818273 1.2125734573 1.3047700597 0.8917823351 -0.4023447883 -0.2023522885 0.1195447849 
44 7 1.7391601583 0.4595422949 1.3296046369 1.2355311244 0.0744556188 -0.128597803 0.010063041 
45 7 1.7276626497 0.7932395261 1.0949671517 1.0966115536 -0.3137745228 0.2925962936 0.2030708977 
46 7 1.7388368894 0.4954944623 1.2976662662 1.2303929995 -0.0103279891 -0.2265652463 -0.0265560067 
47 6 1.5693433037 0.8396269803 0.811460799 0.8117506255 0.0392726627 0.0275027562 0.0462119375 
48 6 1.588013732 0.8019993972 0.8797993931 0.8399888228 0.026580109 -0.0011373957 0.0512918164 
49 5 1.5579584571 0.7623400134 0.5879431343 1.0769514064 0.0235054124 -0.3983923313 -0.0357415299 
50 5 1.5363324804 0.5494200259 0.7598616299 1.0510358345 -0.0964593513 -0.0626639796 0.3669470806 
51 5 1.8698550927 1.9135949112 0.305856686 1.2769064704 0.4124870928 -0.5110010594 0.3091673738 
52 5 1.543587501 0.6079881116 0.9426329219 0.8320413399 -0.0432160076 0.07046932 -0.3570000595 
53 5 1.6306312578 0.7058843018 0.8069435903 1.1461304068 0.1249084683 0.0127719426 0.5267090865 
54 4 1.398872797 0.6753202437 0.6712035864 0.610321272 -0.0662223481 -0.0056620995 2.1036546991e-04 
55 4 1.4092662562 0.6004301842 0.7193481131 0.6662530836 -0.061275539 -0.030266169 0.0501116943 
56 3 1.3437938631 0.3602441751 0.735324104 0.7102136673 -0.2126065993 -0.3835013505 -0.2027902646 
57 3 1.2766432315 0.505155014 0.7312487276 0.3934141989 0.1117018872 -0.3736525499 0.2049321788 
58 3 1.2745863444 0.7693273659 0.7648779174 0.090365066 0.1183193388 0.1658683045 -0.1764095507 
59 3 1.3569522864 0.9044659734 0.5168717604 0.4199817738 -0.0060209173 -0.1096804181 -0.4577301177 
60 3 1.3159951239 0.4724912278 0.4287136432 0.8306382952 0.3353476836 0.1963150601 -0.2386216108 
61 3 1.2879613022 0.5961240255 0.6887835077 0.3739367828 0.1963707522 -0.3012128405 0.2727795194 
62 2 1.1663216875 0.0604441406 0.5716629626 0.7281991755 0.1858861923 0.2097984112 0.6452011299 
63 1 0.0 0.0 0.0 0.0 0.0 0.0 0.0 
64 1 0.0 0.0 0.0 0.0 0.0 0.0 0.0 
65 1 0.0 0.0 0.0 0.0 0.0 0.0 0.0 
66 1 0.0 0.0 0.0 0.0 0.0 0.0 0.0 
67 1 0.0 0.0 0.0 0.0 0.0 0.0 0.0 
