# Cluster list (89 data points):
# "Cluster Identifier" "Cluster Size" "Radius of Gyration" "Gyration Tensor.XX" "Gyration Tensor.YY" "Gyration Tensor.ZZ" "Gyration Tensor.XY" "Gyration Tensor.XZ" "Gyration Tensor.YZ"
1 44 3.3142703552 3.8723920446 3.2973521459 3.8146437972 -0.1400331961 -0.723425045 0.5784184239 
2 41 3.2393870342 4.2379231394 2.8416103671 3.414094851 0.632412147 -0.1952449386 -0.3404211491 
3 35 3.0475798817 2.996082842 2.5724922527 3.7191680408 -0.2033477798 -0.3552805635 -0.3597309855 
4 32 2.9611814505 2.527026798 3.2849863744 2.9565824104 0.1361670556 0.1102513669 -0.4997128702 
5 30 2.9063457088 2.965718853 2.2590841508 3.2220423753 0.2106367168 -0.3256628742 -0.4674707019 
6 29 3.1050514567 4.1698752994 3.1435062945 2.3279629549 0.8134182055 0.4596357047 0.6976421981 
7 28 3.0265236301 2.2940270624 2.7790165476 4.0868016734 0.071414737 0.1530951278 -1.1315091796 
8 28 2.8256752269 2.6093081561 2.4759456114 2.8991867202 -0.1596355868 -0.0156443279 -0.6851966796 
9 26 2.8193671555 2.7759096076 2.6586660737 2.5142554763 0.7922398896 0.5048051627 0.6402740663 
10 25 2.7515137276 2.5451638516 2.7892887864 2.236375155 0.1236281721 -0.0838792445 0.0947446352 
11 24 2.6604662919 2.2565318905 2.0963714056 2.7251775943 0.4348100043 -0.1623556483 0.0616793177 
12 24 2.6507643327 2.2602230639 2.6232397299 2.1430887537 0.0869914546 -0.3739535042 0.2579594918 
13 23 2.606228581 2.4370034596 2.0387730115 2.3166509456 -0.2751379972 0.1942790287 0.4528674825 
14 23 2.688063588 3.018409628 2.2155897725 1.9916864526 0.2931799174 -0.4217399783 0.3476584139 
15 22 2.5865255542 2.3276749602 2.4873332003 1.8751062822 -0.1589172204 -0.3356495914 -0.5278795928 
16 22 2.6131720912 1.7507701696 2.3699128467 2.7079853617 0.0535962445 0.3257221186 -0.0468505688 
17 22 2.6196024421 2.5064753646 2.3200746473 2.0357669429 -0.2026714502 -0.0897112196 -0.0740275808 
18 22 2.9725715864 4.7730729207 2.0627761575 2.0003327581 1.4291525578 0.0287010834 0.1766817688 
19 21 2.5605990443 2.748412956 2.054347189 1.7539073205 -0.1426467936 -0.4386385011 -0.2473390896 
20 21 2.689561294 2.9562681932 1.4691224552 2.8083493055 -0.1385689335 -0.1448004486 -0.0087854033 
21 21 2.5664995291 2.3222607159 2.4407173764 1.8239417403 -0.1426819309 0.1832186055 0.5269124165 
22 21 2.5846502595 2.572841582 1.8217152434 2.2858601386 0.0221689304 0.0398859846 0.1151938784 
23 18 2.4506126826 1.8496525199 1.9089988153 2.2468511847 0.3002785843 -0.097687428 0.3268405294 
24 18 2.4219349573 1.998675413 1.8537236565 2.0133698682 0.0724993877 0.0152833106 -0.2050785248 
25 18 2.4838310651 2.0942376745 1.548021737 2.5271573482 0.2960303084 0.4421199385 0.5290487251 
26 17 2.4489228265 1.8916296596 2.3561122045 1.7494811459 0.0710182849 -0.3162516619 -0.5209738186 
27 16 2.3549294258 2.1641741452 1.756728749 1.6247897065 -0.0845215993 0.3176086075 0.0597221669 
28 14 2.1834045801 1.8785998904 1.3982672136 1.4903884566 0.1403618208 -0.265906285 -0.1257046438 
29 14 2.182107069 1.3808451069 1.4277117094 1.9530344443 0.0747696896 -0.2235707591 -0.2344202937 
30 13 2.0852881564 1.5787056585 1.375628218 1.3940928186 0.0808961582 0.0190545034 -0.0229811573 
31 13 2.0966519593 1.4265671725 1.4543387569 1.515043509 0.0161244293 -0.0485341959 0.0381552436 
32 13 2.0895431351 1.4499976104 1.4342186429 1.48197426 -0.0723615759 -0.0192619788 -0.0473232757 
33 12 2.0904560763 1.1801502777 1.6578283402 1.5320279892 -0.0773096251 0.0976928313 -0.1298771446 
34 11 2.1202850147 1.6369609446 1.6511798508 1.2074677481 0.1787519572 0.4638677228 0.1454297951 
35 11 2.0498704482 1.2036577225 1.6738341428 1.3244769892 -0.1423478722 0.1967196818 0.2657358053 
36 11 2.0327262671 1.5151903253 1.5138078134 1.1029779384 -0.1193632166 0.1835922589 0.0452004845 
37 11 2.0426483568 1.3704265495 1.4960861961 1.305899564 0.0180862908 0.3510216592 0.2095540961 
38 11 2.13948457 1.7261656635 1.4626977 1.3885308619 -0.0818020467 0.2030549535 0.0518179145 
39 10 1.9700796384 1.5951492756 0.7826949999 1.5033695062 -0.1234619639 0.0271402457 -0.2539460862 
40 10 1.9941190014 1.0503188616 1.5112337822 1.4149579477 -0.1889176642 -0.4414116374 -0.071915388 
41 9 2.025520313 1.2728825111 1.1611774893 1.668672538 -0.1574814367 0.3110291366 -0.6995403653 
42 9 1.9969650437 2.1253936472 1.013494612 0.8489811265 0.3217870688 -0.1888424521 -0.3529353817 
43 8 2.1902751303 0.9184984999 0.8996542384 2.9791524081 0.3454194229 -0.5889611044 -0.4037982275 
44 8 1.8589461527 0.7711073919 1.4126082985 1.2719651081 0.2523408074 -0.1184329403 -0.1766323561 
45 8 1.8282066613 1.0582685153 0.8442448642 1.439826217 0.028001857 0.3656361195 0.1265864474 
46 8 1.9058528989 0.7996131115 1.1422736696 1.6903884911 0.1727166498 0.0178192432 0.2761587658 
47 7 1.7371717036 0.8935596185 1.0493617133 1.0748441959 0.3914854185 -0.2747262911 0.2005764497 
48 7 1.7319650556 1.2530219191 1.1919244912 0.5547565438 -0.0332869966 -0.1001412036 -0.289928462 
49 6 1.6037858728 0.8964191732 0.8484494561 0.8272604965 -0.0196549964 -0.0206085347 0.0267685831 
50 5 1.5815281901 0.9337908678 0.5727843553 0.994656193 -0.0764994267 0.4588756392 -0.1354947438 
51 5 1.6238072664 0.9084260436 0.6738720479 1.0544519471 -0.1624600167 -0.2138182027 0.0600300905 
52 5 1.5449290451 0.5768277418 0.6407961307 1.1691818819 0.020062691 0.0144486405 0.2904043329 
53 5 1.5096358699 0.5681538972 1.1380782637 0.5727682988 0.1139554647 -0.1080620794 -0.1295560617 
54 4 1.3809604517 0.5844026873 0.6144992673 0.7081498147 -0.0135476685 0.0287121693 0.0197331273 
55 4 1.3998729356 0.6497204343 0.5916863807 0.7182374207 -0.0118371037 0.0178569034 -0.05942656 
56 4 1.3821497294 0.6305413368 0.5992988823 0.6804976553 -0.0458816025 -0.0421921831 0.0513331692 
57 4 1.4659944654 0.6909289939 0.7809613536 0.677249425 -0.0533090679 -0.0263266338 -0.0020360883 
58 4 1.4488968757 0.8474618803 0.7272893627 0.5245509133 -0.0770052739 0.167434404 -0.0073667769 
59 4 1.4454681623 0.5446477829 0.8449797428 0.6997506826 -0.1036777817 -0.0858399008 -0.0161266498 
60 3 1.3668237807 0.8771260927 0.3896508771 0.6014302776 -0.1750660365 0.2071204406 0.4013622789 
61 3 1.3405376757 0.5690175071 0.9056262554 0.3223974974 0.0502663256 -0.4271538919 -0.0773186908 
62 3 1.9172722995 0.2844715666 0.2258002509 3.165661253 0.2443253232 -0.81062725 -0.8130739407 
63 3 1.3777903898 0.3954603293 0.7080669794 0.7947790495 -0.3791789876 -0.3142640376 -0.1319938556 
64 3 1.2633551826 0.642468469 0.3858159256 0.5677819229 0.291071975 -0.2496976734 0.2326209562 
65 3 1.2744608087 0.766154703 0.264772822 0.5933228279 -0.1118734353 0.0861560085 0.3682035457 
66 3 1.3214937903 0.4925674273 1.0046880469 0.2490903635 -0.1620517473 -0.319282078 -0.0951657472 
67 3 1.3397554061 0.7427135912 0.2575493205 0.7946816367 0.1772876142 0.0756190335 -0.3935105958 
68 3 1.2799400453 0.7988932625 0.546597227 0.29275603 0.0921922036 -0.1671315625 0.3524191835 
69 3 1.3791421809 0.7052060954 0.4259108433 0.7709162166 -0.3940367881 -0.0867124701 -0.3470431177 
70 3 1.3334040034 0.2367298996 0.8851764363 0.6560599005 0.0973953668 0.3433558648 -0.2242103974 
71 3 1.3062614798 0.8501626184 0.6747958519 0.1813605833 -0.1030809397 -0.1017628714 -0.3223961078 
72 2 1.1813908637 1.7208267542e-04 0.349888943 1.0456233471 -0.007759499 0.0134139354 -0.6048570473 
73 2 1.1834931026 1.1548542807 0.2274199483 0.0183816948 0.5124811225 -0.1456989327 -0.0646557352 
74 2 1.0684273707 0.1344053763 0.4661218253 0.5410098449 0.2502983806 0.269656507 0.5021717798 
75 2 1.1102203649 0.0943705306 0.3305677534 0.8076509746 -0.1766234817 0.2760768933 -0.5167043335 
76 2 1.1265217795 0.600560109 0.3019790605 0.3665121502 -0.4258598097 -0.469161568 0.3326845274 
77 2 1.178701076 0.011445861 0.0214952674 1.3563950982 0.0156854022 0.1245997982 0.1707515019 
78 2 1.2234123185 0.1309580435 0.9431016068 0.4226780507 0.351435259 -0.2352723752 -0.6313702153 
79 1 0.0 0.0 0.0 0.0 0.0 0.0 0.0 
80 1 0.0 0.0 0.0 0.0 0.0 0.0 0.0 
81 1 0.0 0.0 0.0 0.0 0.0 0.0 0.0 
82 1 0.0 0.0 0.0 0.0 0.0 0.0 0.0 
83 1 0.0 0.0 0.0 0.0 0.0 0.0 0.0 
84 1 0.0 0.0 0.0 0.0 0.0 0.0 0.0 
85 1 0.0 0.0 0.0 0.0 0.0 0.0 0.0 
86 1 0.0 0.0 0.0 0.0 0.0 0.0 0.0 
87 1 0.0 0.0 0.0 0.0 0.0 0.0 0.0 
88 1 0.0 0.0 0.0 0.0 0.0 0.0 0.0 
89 1 0.0 0.0 0.0 0.0 0.0 0.0 0.0 
