# Cluster list (70 data points):
# "Cluster Identifier" "Cluster Size" "Radius of Gyration" "Gyration Tensor.XX" "Gyration Tensor.YY" "Gyration Tensor.ZZ" "Gyration Tensor.XY" "Gyration Tensor.XZ" "Gyration Tensor.YZ"
1 44 3.2753351427 3.9458703109 3.2119456401 3.5700043457 -0.2787068755 -0.5500072468 0.4503568665 
2 42 3.2324025275 4.0162095461 3.2350301 3.1971864537 0.5951966582 0.1286752619 -0.0786289257 
3 35 3.0104286826 2.8153263344 2.6024022613 3.6449522573 -0.3333571472 -0.153547977 -0.2112019832 
4 33 2.9789747613 2.8928052004 2.9820646392 2.9994207889 0.4571983314 -0.5057631668 -0.352855515 
5 32 2.9526584329 3.8064566533 2.4769264525 2.4348087156 0.3860572555 0.0941037367 0.4318510538 
6 32 2.9396519196 2.3661789872 3.2406575827 3.0347168387 -0.1296019645 0.3196459491 -0.4791608497 
7 30 2.8570371373 2.7243706705 2.7424402119 2.6958503217 -0.1332606623 -0.0361651093 -0.2685544441 
8 29 2.8548128468 2.7792174991 3.2339870507 2.1367518403 0.5613397006 0.1386746878 0.2270556099 
9 29 2.9265883791 2.0348520582 2.2018469703 4.3282205122 0.3641094287 -0.2298079672 -7.8235453224e-04 
10 29 2.8711116693 2.8071137969 3.0566255676 2.3795428529 -0.3471101595 0.0811086556 -0.6670616596 
11 27 2.7402013927 2.5159917779 2.3640471499 2.6286647446 0.1223387628 -0.1897671443 -0.1959797549 
12 26 2.7372140181 2.7579661331 2.4531431821 2.2812312655 0.4038466172 0.2473500691 0.595699059 
13 25 2.6943274254 2.5235227277 2.6131226754 2.1227548721 -0.1517851124 0.0624393991 -0.203284612 
14 24 2.6388203281 1.9446591706 2.3995063175 2.6192072358 0.2419799202 -0.0516512879 -0.0101175509 
15 23 2.5961067064 2.2030373126 1.9928635137 2.5438692046 -0.4845069394 0.1656062589 0.1906610922 
16 23 2.6690616019 3.1744969511 2.3386498763 1.6107430072 -0.2384504643 0.1806761223 0.111458787 
17 22 2.5933539974 2.1255810367 2.8057217915 1.7941821276 0.118575465 -0.5478988952 -0.0045261616 
18 22 2.5760874657 1.7410802177 2.4224359973 2.4727104158 0.2164628426 0.2938875385 0.2414657929 
19 22 2.6000911048 2.1798299727 2.3284953371 2.2521484436 -0.2187536585 -0.1637333229 0.0489242626 
20 22 2.6252678158 3.0314632373 2.1418741791 1.7186936882 -0.4235842786 -0.1898615846 -0.4004845475 
21 21 2.5433788356 1.9652097953 1.6803795998 2.8231865064 0.3249776298 0.0282366466 0.1875437085 
22 21 2.5824044198 2.3476726477 1.8545421335 2.4665978065 -0.3313097602 0.1146176649 -0.0019264871 
23 21 2.5324506463 2.7171140754 2.1602533886 1.5359388121 -0.1797338663 0.3215628509 -0.199044014 
24 20 2.5155449401 2.4161242384 1.7465505842 2.1652915228 0.548536101 0.25729045 0.3981738028 
25 18 2.4400253341 1.8950381856 1.3896556105 2.6690298351 0.1584782906 0.473224434 -0.0774298502 
26 18 2.4037021533 1.3553571663 2.2531703359 2.1692565394 -0.2243133738 0.0886410233 -0.0176820704 
27 17 2.3275752333 1.7550442753 1.8251048254 1.837457366 0.1200469949 -0.0694535025 -0.211906214 
28 16 2.3216180811 2.4681559337 1.6424006542 1.2793539264 0.1009590705 -0.2888820071 -0.0145158426 
29 16 2.3113896236 1.6840329993 2.3765236209 1.2819653718 -0.3124704267 -0.0794012365 -0.1928421313 
30 15 2.2786213909 1.9700847549 1.3458921227 1.8761385653 -0.0625070389 -0.2005551062 -0.1348338999 
31 14 2.1870533892 1.4029028648 1.3800855176 2.0002141449 0.0522314202 -0.0849666139 -0.26590638 
32 13 2.0748663576 1.4377127826 1.4350442328 1.4323133867 0.0108174885 0.0172674497 -0.0476765714 
33 13 2.0534630344 1.4191033511 1.4124745615 1.3851325212 0.0034185943 0.0236730813 0.0065847999 
34 12 2.2960068291 1.7131058439 1.3522340152 2.2063075 -0.0986515746 0.0440692963 0.1084872761 
35 12 2.0615432358 1.5197354826 1.5726453186 1.1575797117 0.0038887474 0.0341849303 0.0299777742 
36 11 2.0139542011 1.235329574 1.4016954395 1.4189865107 -0.3960393762 0.1151292469 -0.0569095142 
37 11 2.0192141227 1.3997617353 1.0598721335 1.6175918047 0.2106455467 -0.1230313111 0.0025522104 
38 11 2.0365720107 1.3787085224 1.3225456009 1.4463714316 0.2800424413 0.1110133419 -0.0811934169 
39 11 2.053120692 1.4673715941 1.767359562 0.9805734198 0.131916899 0.1503489938 -0.0397203205 
40 10 1.9749312286 1.5528970138 1.5671968872 0.7802594568 0.0246425925 0.1774635137 0.1769534978 
41 9 1.8912668993 1.2802085877 0.9482580823 1.3484238142 0.1824515615 -0.0227451452 0.1728364317 
42 9 1.9153444231 1.1119310891 1.5985213082 0.9580918619 -0.0863065519 0.4230393373 -0.1225893742 
43 8 1.8154831806 1.5161022231 0.9603072579 0.8195696982 0.124713204 -0.1750458228 -0.0652643376 
44 8 1.8213743025 1.1039808378 1.3385609828 0.8748625293 -0.3667634362 0.0043377654 0.0655110671 
45 7 1.7324405151 0.4302773333 1.2829798048 1.2880930004 0.0223608616 -0.0702105057 -0.0427420173 
46 7 1.7266834626 0.9298754742 0.8243563858 1.22720392 -0.4128354742 0.145017523 0.1586902455 
47 7 1.7245700228 0.5167719525 1.2949491479 1.1624206632 -0.0910141641 -0.2944973806 0.0686617722 
48 6 1.5812381493 0.8380045098 0.7894624759 0.8728470991 0.0054644058 -0.0162620591 0.0633229994 
49 6 1.6832880188 1.0378896785 0.8615665784 0.9340022975 0.0016804448 0.0557072559 0.0457091102 
50 5 1.5269887672 0.8681701061 0.5312014883 0.9323231008 -0.0941632178 -0.4146292603 0.0743187508 
51 5 1.5367639575 0.5438718822 0.7066234515 1.1111481275 0.0298298646 -0.0233632018 -0.3738243519 
52 5 1.5662479274 0.4981060121 0.54617531 1.4088512479 -0.0359073237 -0.0890835496 0.0374073576 
53 5 1.6990841811 1.0232477117 0.8225682049 1.0410711378 0.2325592945 0.1552338984 0.528045683 
54 4 1.3866622584 0.6825124392 0.628613222 0.6117065578 -0.0137680708 0.0265812845 0.0111543401 
55 4 1.3839932496 0.6723730251 0.6162939355 0.6267703545 -0.0268052414 -0.0300473703 0.0389434716 
56 3 1.3240946208 0.7323489063 0.7444390577 0.2764386008 0.1492689727 -0.3863717478 0.1489226841 
57 3 1.2809152806 0.5248785344 0.3967212827 0.7191441389 0.3206983512 0.2452662201 -0.1985344963 
58 3 1.2835194712 0.1564816992 0.7346451613 0.7562953724 -0.2728171704 0.1865567841 0.0466056044 
59 3 1.305733495 0.655236293 0.3863106744 0.6633929925 0.3127817366 -0.2173461067 0.2705994844 
60 3 1.2626396732 0.4410103195 0.7264177831 0.4268308418 -0.145760881 0.372215501 0.1534245483 
61 3 1.329414735 0.1728203706 0.7449381911 0.8495849761 -0.155368562 0.3222707137 0.0981924466 
62 3 1.316606658 0.8861598201 0.4486003447 0.3986929269 0.0610042263 0.0319908051 -0.4181145062 
63 3 1.2942533906 0.8327712902 0.7061111866 0.1362093624 -0.095147811 0.21905648 0.2087179699 
64 2 1.1593299851 0.8396770174 0.4897380797 0.0146309172 0.6412657874 0.1108388239 0.0846481972 
65 2 1.1656780466 0.640268125 0.0483661345 0.6701710489 -0.175975266 0.6550489759 -0.1800377268 
66 1 0.0 0.0 0.0 0.0 0.0 0.0 0.0 
67 1 0.0 0.0 0.0 0.0 0.0 0.0 0.0 
68 1 0.0 0.0 0.0 0.0 0.0 0.0 0.0 
69 1 0.0 0.0 0.0 0.0 0.0 0.0 0.0 
70 1 0.0 0.0 0.0 0.0 0.0 0.0 0.0 
