# Cluster list (80 data points):
# "Cluster Identifier" "Cluster Size" "Radius of Gyration" "Gyration Tensor.XX" "Gyration Tensor.YY" "Gyration Tensor.ZZ" "Gyration Tensor.XY" "Gyration Tensor.XZ" "Gyration Tensor.YZ"
1 44 3.2903445773 3.6793878507 3.182038928 3.9649406585 0.0830236387 -0.7722185593 0.4838557469 
2 41 3.2035791046 4.074586983 2.8645272117 3.3238048848 0.7186217246 -0.0127905014 -0.0232048164 
3 35 3.0043088046 2.8505260107 2.5435495455 3.6317958375 -0.2980461162 -0.2934582784 -0.2869457316 
4 32 3.2074415254 4.8300782694 3.0121355122 2.4454673572 1.2795308071 -0.7464111435 -0.1617052674 
5 32 2.9207336102 2.3729110745 3.0197658921 3.1380078554 0.0798169463 0.133428571 -0.4414381506 
6 30 2.8902076593 2.757776093 2.4328898665 3.1626343543 0.4160661837 -0.1222779002 -0.6779977331 
7 29 2.939508569 3.1163076656 2.6127793374 2.9116236242 -0.4577875187 0.4890568705 -0.7819518262 
8 29 2.8598392774 2.9050115707 3.1488359558 2.1248331663 0.6006557132 0.16303516 0.0942185282 
9 29 4.5504357918 3.4516540893 1.4323580432 15.8224537631 0.3657411373 -4.6780227001 -0.7289303748 
10 28 2.7778462613 2.6208560453 2.5639626622 2.5316111439 0.1002277104 0.0433740023 0.0397754162 
11 27 2.7491610611 2.4955272175 2.313880992 2.7484783304 0.006689805 -0.2436984692 -0.0641671717 
12 26 2.7348951369 3.0006407913 2.4915791295 1.9874314892 0.5350457605 0.1335155271 0.3872984416 
13 25 2.6928576268 2.5101166031 2.6527762092 2.0885893859 -0.0462140837 -0.0846960745 -0.0726992444 
14 24 2.6326801567 2.0592096386 2.3536488373 2.5181463313 0.2739882215 -0.2131764857 0.0258503701 
15 23 2.5987838637 2.4431923007 1.7901810883 2.5203041809 -0.3707796385 0.143642171 0.1812346652 
16 23 2.6584737915 3.0498512674 2.2046708639 1.8129607688 -0.2032449483 -0.3238253247 0.3281976241 
17 22 2.6051644787 2.5504986967 2.7215090615 1.5148742027 -0.012084885 -0.1715605592 -0.3453667813 
18 22 2.6268576701 3.0864005584 2.3014961667 1.512484494 -0.2538099296 -0.3259256184 -0.1912172529 
19 22 2.602816647 2.3554148086 2.3142425267 2.1049971629 -0.1747824373 -0.2000353028 -0.0055488693 
20 22 2.5708687416 1.6548163355 2.3704026225 2.5841471283 -0.0115639146 0.2267831695 0.2777615149 
21 21 2.5362588381 1.9306008866 1.5925241489 2.9094838583 0.2814715512 -0.016758203 0.0773267152 
22 21 2.5852723969 2.5512872896 1.7077262035 2.4246198729 -0.1205171897 0.1023281544 0.0324697989 
23 21 2.550989981 2.7168485177 2.2149713532 1.5757300121 -0.2762013869 -0.3603129523 -0.1464811304 
24 20 3.3174325557 7.0444134706 2.5099044273 1.4510408637 2.7426926924 -0.0561229924 0.1950164702 
25 18 2.4691359884 1.8012472925 1.3784395 2.9169457367 0.1364026131 0.3540484302 -0.0780403716 
26 18 2.4264221536 1.4242401097 2.1990208006 2.2642635573 0.3396102213 -0.1098717701 -0.0641601378 
27 17 2.344710682 1.8315458638 1.8837170797 1.7824052389 0.2014731694 -0.0994789757 -0.2849454834 
28 16 2.3171804892 1.713083821 2.3653566888 1.2908849097 -0.2307718399 -0.0621022836 -0.1654770102 
29 16 2.40252318 2.1714862175 2.0814136706 1.5192177422 -0.2549230182 -0.1375933749 -0.0257919847 
30 14 2.1776969519 1.6632241744 1.3834891569 1.6956506828 0.0418217518 -0.3405726305 -0.1152173795 
31 14 2.1771240598 1.436680765 1.3776129526 1.9255754542 0.097400335 -0.2519535926 -0.2138860837 
32 13 2.0568529633 1.4152390315 1.4182736559 1.3971314252 0.0051008664 0.0106892746 -0.0014724452 
33 13 2.069013716 1.4014412505 1.4399971444 1.4393793621 -0.0061230821 0.0649580284 -0.0359487445 
34 12 2.1022603266 1.4878306176 1.651324451 1.2803434123 0.0483307889 -0.1051347937 -0.0164599384 
35 11 2.0461627565 1.4771724643 1.6023636077 1.1072459539 0.1134459606 0.2861962443 0.0986238971 
36 11 2.0247416448 1.5094011439 1.1547326117 1.4354449725 -0.3373552633 0.0668565657 -0.0173495733 
37 11 2.0221763434 1.6837321932 1.4770716859 0.9283932849 0.0769763054 0.0726484537 0.0357630386 
38 10 1.9818959636 1.4663395127 1.5498974184 0.9116746795 0.0561151365 0.3234527994 -0.1381224157 
39 10 1.9788921478 1.1770900341 1.2580611838 1.4808629148 0.4224579099 -0.1723036082 0.1737448344 
40 9 1.9340469911 1.294146408 1.0148606582 1.4315306976 -0.119666949 0.130214858 -0.5848696514 
41 9 1.8908494275 0.8346363435 1.3861168463 1.3545583676 0.0526086114 0.2610167332 0.0075469951 
42 8 1.8138698816 1.1147004095 1.3333572911 0.8420662469 0.3123460402 -0.0261601197 -0.022725665 
43 8 1.8431644251 1.6829825153 0.8525728847 0.8616996981 0.0980763221 -0.133460718 0.0238952957 
44 7 1.7256870574 0.586922594 1.1325128775 1.2585603484 -0.2487256846 0.2016057008 0.1380054946 
45 7 1.7445195603 1.111306478 0.7475738424 1.1844681759 0.3302659188 0.1842770541 -0.3058086392 
46 6 1.6104046298 0.8867142524 0.8192998578 0.8873889616 0.0446454063 0.0485927777 -0.0099812884 
47 5 1.5355672882 0.6424454455 0.4969892843 1.2185321668 -0.0128511696 -0.2914181992 0.0778187223 
48 5 1.5358438119 0.5282344187 0.5086955435 1.3218862522 -0.0279725065 0.0882332569 -0.0386448609 
49 5 1.5574667712 0.5838105702 0.5483116855 1.2935804877 0.007489388 0.1124765276 0.2244408715 
50 5 1.5270089698 0.6085357076 0.8224956249 0.9007250613 0.0453841669 -0.1180181388 -0.3570304415 
51 5 1.5261079614 0.5180957552 0.5195205215 1.2913892331 -0.002032872 -0.1492341006 -0.0028718578 
52 4 1.4064510591 0.6727314659 0.5822433785 0.7231297371 -0.0267423204 -0.0239839428 -0.0175109476 
53 4 1.3873055657 0.6370186248 0.6428651846 0.6447329232 0.0303020527 -0.0040937623 0.0075370357 
54 4 1.3899483317 0.6661217619 0.6297881835 0.6360464194 -0.0324761196 0.0763651056 0.0197129479 
55 4 1.41356245 0.6770697601 0.6873693251 0.6337197149 0.0566107085 0.0128359717 0.0420577682 
56 3 1.3244909866 0.4172916605 0.5371845469 0.7998001662 -0.429165287 0.1625724172 0.098431091 
57 3 1.2848083626 0.5911956864 0.742891256 0.3166455861 0.1104786839 -0.3790042771 0.1598474467 
58 3 1.3023989365 0.4349487533 0.6425621342 0.6187321024 0.23318428 -0.2980608911 0.3033581192 
59 3 1.3181546684 0.7548125972 0.6638016619 0.3189174708 -0.212702601 0.2385683392 0.3162430757 
60 3 1.3668956964 0.0360087427 0.8835832534 0.9488118488 0.1138249983 0.1609357788 0.1619901916 
61 3 1.3034734045 0.8703782318 0.1507178325 0.6779468519 -0.011769071 0.0210574049 0.3190804024 
62 3 1.270178315 0.8275268837 0.437062384 0.3487636842 -0.0420704614 0.0325540566 -0.3904075852 
63 3 1.3275334787 0.1915151867 0.9358392429 0.6349907073 0.0224125536 -0.3478721483 -0.0945709896 
64 3 1.3375814003 0.7656180085 0.1730765928 0.8504294011 0.1986638513 0.0194423773 0.3264327132 
65 3 1.3253188831 0.7764581709 0.4730935782 0.5069183929 -0.1257560416 0.1476701799 0.4416801237 
66 3 1.3503167876 0.8110515911 0.23577088 0.7765329558 -0.2771869456 -0.1638196228 -0.267824976 
67 2 1.1203872241 0.0093035628 1.2297418544 0.0162221148 0.1069625193 -0.0122850911 -0.1412409767 
68 2 1.1159555311 1.1666614618 0.0607262955 0.0179689901 -0.2661710515 0.1447885641 -0.0330331683 
69 2 1.100067176 0.3783390965 0.7400046238 0.0918040715 -0.5291244473 -0.1863681021 0.2606442737 
70 2 1.1849837274 1.0315694487 0.1863906146 0.1862263707 -0.4384915776 0.4382983397 -0.1863084746 
71 2 1.0811025446 0.1054105037 0.1399937815 0.9233784267 -0.1214776318 -0.3119836294 0.3595375331 
72 2 1.1865280797 0.0350126306 0.1226050984 1.250231155 0.0655189058 -0.2092220867 -0.3915159176 
73 1 0.0 0.0 0.0 0.0 0.0 0.0 0.0 
74 1 0.0 0.0 0.0 0.0 0.0 0.0 0.0 
75 1 0.0 0.0 0.0 0.0 0.0 0.0 0.0 
76 1 0.0 0.0 0.0 0.0 0.0 0.0 0.0 
77 1 0.0 0.0 0.0 0.0 0.0 0.0 0.0 
78 1 0.0 0.0 0.0 0.0 0.0 0.0 0.0 
79 1 0.0 0.0 0.0 0.0 0.0 0.0 0.0 
80 1 0.0 0.0 0.0 0.0 0.0 0.0 0.0 
