# Cluster list (573 data points):
# "Cluster Identifier" "Cluster Size" "Radius of Gyration" "Gyration Tensor.XX" "Gyration Tensor.YY" "Gyration Tensor.ZZ" "Gyration Tensor.XY" "Gyration Tensor.XZ" "Gyration Tensor.YZ"
1 13 5.4973070547 10.5886500945 1.9155425417 17.7161922172 -1.4501775113 -8.9295548159 2.4999371203 
2 12 4.1147275701 9.8040111464 1.7806431254 5.3463287045 0.6470440362 3.0294952889 0.6805906854 
3 11 3.9444293415 5.1656095556 6.7618187609 3.6310945133 -3.7655966804 2.985647629 -1.0967949137 
4 9 3.4388259203 5.2811306238 3.8443604717 2.7000326149 3.6266239939 0.221864499 0.2665838118 
5 9 3.7267044712 8.5451749579 1.0029492617 4.3402019962 1.5912654977 -1.3312571355 0.5034560058 
6 9 4.234901954 3.7191048605 12.4564907596 1.7587989395 0.103410218 1.2857521127 3.0251960893 
7 8 3.5178457141 5.9764348295 4.1419364007 2.256867238 1.9526923557 2.7179661378 0.2754855584 
8 7 2.5095439923 1.8946829202 1.6636598219 2.7394683073 -0.9906555396 -1.1842810408 0.9755609916 
9 7 3.5402667314 5.2160247063 5.3027884389 2.0146753843 -4.4030228836 -1.7320782602 1.746952179 
10 7 3.8846728807 2.9100224198 6.8767185595 5.3039424106 -3.4969981583 -1.6293818423 5.2730532966 
11 7 3.2132569884 0.9842845729 4.0996350989 5.241100802 -0.1478006692 -1.5838071772 -0.1578063732 
12 7 3.4015291056 3.2205498504 6.3596033837 1.9902470219 -2.449219477 0.3477494507 1.7449545987 
13 7 3.6773413657 6.7418627155 5.3166267016 1.4643501028 -4.4101752024 0.4126220184 -1.2328484471 
14 7 3.2141934012 3.8121140752 4.7624611957 1.7564639495 0.7879449132 -1.0331331204 -0.3219208915 
15 6 2.3892689213 1.1967379199 2.7699314847 1.7419365739 -0.747018734 1.0111151896 -0.9125821146 
16 6 3.1953656556 2.3855053434 0.3373798155 7.487476514 0.231539846 -0.966857461 0.7495560015 
17 6 2.9318211383 1.6699388664 3.9137560765 3.0118802444 -1.4578527818 -1.7357476104 0.4171084882 
18 6 2.8066976611 2.1209272228 3.6034364842 2.1531880538 -1.525996987 -0.3097790341 1.6391823116 
19 6 3.6970640446 1.2182735709 8.1390954691 4.3109135096 2.0166417889 0.6577125081 5.3901421698 
20 6 4.0594436212 13.1490574383 0.6792638812 2.650761194 0.9045121419 -1.1506327324 -0.8723814443 
21 6 2.7736121617 1.0338491462 0.6312650943 6.0278101829 0.0678329635 1.7230132381 0.3139044244 
22 6 3.2201262632 3.6229445918 1.8918362933 4.8544322656 -0.2908751499 -3.6949450202 -0.5720558911 
23 6 2.9566156602 1.6037213619 1.1686334092 5.9692213911 -0.4279998421 2.2222237146 -0.165479175 
24 6 3.3936123269 2.0456891373 4.2459664986 5.2249489895 1.6875858446 1.7009217871 4.2346489257 
25 6 3.1830662927 3.8930231194 3.5078180948 2.7310698093 1.0319637346 0.5396438467 -2.1869231446 
26 6 4.3304558114 12.4718235212 4.4793094147 1.8017145988 6.6686290404 2.3686503025 1.7109014537 
27 5 2.5549849519 1.8056422157 2.5300340021 2.1922718864 -0.1197930701 1.2723720122 1.1393076462 
28 5 2.561437666 2.8973673782 2.0019642598 1.6616312791 0.0772657021 1.0481916919 0.5176478956 
29 5 3.130163152 3.953461697 2.7549852573 3.0894744038 2.742932818 -2.8863291181 -2.6063234278 
30 5 3.016307075 0.7289940982 1.8193722601 6.5497420122 -0.9004538734 -1.8624719426 1.8863203895 
31 5 3.1241050187 1.7295296942 2.3883667438 5.6421357301 -0.9825182244 1.8233212443 -3.5784392457 
32 4 3.1239649207 3.0733407246 6.1206159153 0.5652001858 3.6959895113 -1.1135049557 -1.5709562409 
33 4 2.3024516954 1.6710308718 2.5537799015 1.0764730361 0.7345227499 0.4086691853 -1.2098512979 
34 4 2.2995597704 0.929413863 3.0087432158 1.3498180587 -0.1442058579 -0.0205592302 -1.8557183544 
35 4 2.3558841651 1.924547641 3.1985131188 0.4271294394 -1.0596793154 0.4589490188 0.6477724655 
36 4 2.5320815842 1.4555835588 3.698368938 1.2574846521 2.2377334574 -0.9438097067 -1.522683556 
37 4 2.3246492415 1.6224610529 0.6410379897 3.1404950535 0.0134269968 0.6702418565 0.4270107091 
38 4 2.0624538186 1.6072895838 2.1956682102 0.45075796 -0.7688528561 0.6955952604 -0.8494718603 
39 4 2.5487012085 4.963128986 0.2942936872 1.2384551772 -0.8610391609 -0.2684356769 0.4396882736 
40 4 2.9757958901 3.8331035876 1.9407578062 3.0814997858 2.2600914494 3.3533658802 1.7128268514 
41 4 2.7247936861 1.0800432191 0.5254723795 5.8189850333 -0.5129835467 -1.9323515486 1.0138476813 
42 4 2.4691415861 4.3764021028 0.6409539564 1.079304113 1.2974616819 0.8223423702 -0.242850631 
43 4 2.6483172351 0.2512435372 1.8356871497 4.9266534908 0.410711195 0.8644715357 2.5168643207 
44 4 2.8693295413 4.6437389934 1.0763966876 2.5129163357 0.3124944283 3.0627823283 -0.4496569035 
45 4 2.4209988531 1.3867060713 4.0911946563 0.383334719 0.0411095622 -0.6954022739 0.1817429643 
46 4 2.0513617132 0.2649942742 3.0248345888 0.9182560152 0.1807188522 0.4901947581 0.2881945005 
47 4 2.3252723929 2.9999056901 0.5733662652 1.8336197459 -1.0493238603 0.269958182 0.184394406 
48 4 3.0023939862 0.3013632398 7.965600548 0.7474058605 -0.993608652 0.2627690602 -2.182480366 
49 4 2.3520844136 3.5071350305 1.9061020531 0.1190640053 0.3202121777 -0.3119598683 -0.3698641197 
50 4 2.6633626199 1.5879334875 3.1277325974 2.3778343604 -0.96427089 1.0261851738 -2.3637318249 
51 3 2.1440396424 1.6160065694 2.1133720595 0.8675273594 -1.0894063169 0.0881960866 1.0312559028 
52 3 1.7793269184 0.611217221 1.7538483544 0.800938707 -0.6837204625 -0.6009633027 0.2164522738 
53 3 2.4067460637 0.206822429 2.9453880567 2.6402161292 0.0744955253 0.3960873174 2.4861146218 
54 3 1.6045913055 1.1748673416 0.7178951115 0.6819508046 -0.5888783085 -0.0038537548 -0.5349827065 
55 3 1.7306386583 2.2510115743 0.3155152378 0.4285833535 -0.4939391268 0.7545947109 0.0251473676 
56 3 1.3590538137 0.6508569013 0.5099394088 0.6862309584 0.0110766062 -0.0030396177 -0.5914903264 
57 3 1.86464218 1.2042739404 0.2498944191 2.0227220999 -0.3317307431 -1.0105315205 0.709892355 
58 3 1.84802851 1.3233374166 1.2992482718 0.7926236855 -0.8964404142 0.0347866783 -0.7637378783 
59 3 2.0198075835 0.5214865721 2.4902541147 1.0678819875 0.9062633899 -0.3714057004 -1.5029574792 
60 3 2.0812484682 1.6933172132 2.4679042659 0.1703737072 -1.7332618327 -0.4687937147 0.6476572653 
61 3 1.8658250713 0.0036442881 2.3383524597 1.1393064488 0.0875673146 0.0250382834 0.1256484133 
62 3 2.228108168 1.6599336607 1.4538582317 1.8506741161 -1.545353505 -1.7444171451 1.6077211317 
63 3 1.5957888661 0.6212186606 1.4051774135 0.520146031 -0.3196968204 -0.4851249077 -0.169034428 
64 3 1.8504228694 0.7654462108 1.386696879 1.2719217059 -0.407924857 -0.5824893467 -0.6739319139 
65 3 1.4215062395 0.0238759642 1.1752457449 0.8215582799 -0.1272701577 0.0945651094 -0.0328087069 
66 3 2.278592268 0.0895610155 3.4927264339 1.6096952741 0.0386730623 -0.303654315 1.2889725239 
67 3 1.958077164 1.9517969973 0.2751861722 1.6070830105 0.2427476687 1.2676642236 -0.280535015 
68 3 2.1012582301 3.5258859723 0.1753635115 0.7140366658 0.2957640923 0.9291301022 0.3437189918 
69 3 1.7644168118 0.3407131747 0.0508764378 2.7215770732 0.0739428733 -0.014992309 0.3045888539 
70 3 2.0367848487 2.9751236126 0.6025180598 0.5708508474 1.2852752777 1.0659075117 0.3659690512 
71 3 1.7111780963 1.7969162524 0.8407113159 0.2905029088 -0.1667984342 -0.3737417285 -0.384332885 
72 3 1.9493300429 1.845709129 0.1465111768 1.8076673105 -0.2451148327 0.6566075191 0.3363349436 
73 3 2.3052648186 0.6545272125 0.9616894001 3.6980292711 -0.7451571058 -1.5488886432 1.7024726459 
74 3 1.6937425425 0.9551091912 0.7866956866 1.1269589226 0.0837243115 0.769988629 0.6956037912 
75 3 1.9793275522 0.4876268198 2.4464843583 0.9836263809 -0.9840290532 0.2949670228 -1.204315124 
76 3 2.2284793977 0.5388797087 0.4545054211 3.9727352963 0.3905577025 -1.4555873233 -1.138786156 
77 3 2.1030791652 3.5458931533 0.0047158831 0.8723329387 -0.0063650017 1.1876500117 0.0451172344 
78 3 2.0955941926 3.2393228609 0.2341815932 0.9180105661 0.848550646 -1.5940078756 -0.3776760975 
79 3 1.6637714969 2.0474472182 0.5115680469 0.2091203287 -0.3558940911 -0.5885068387 0.2363546508 
80 3 1.6560859071 0.8355499833 0.8552418196 1.0518287287 -0.8261863355 -0.100972063 0.2994212356 
81 3 2.4612566287 5.5173235891 0.3777005124 0.1627600907 -1.4431206002 -0.0858656047 0.0286237427 
82 3 2.4272676764 3.3325687373 1.3275444297 1.2315152059 -1.9194625448 1.8748824222 -0.8818129962 
83 3 2.4231880311 0.441059181 3.0993865844 2.3313944688 -0.988264098 -0.3470046954 2.1272301138 
84 3 2.5265540714 0.1600991565 1.7917102932 4.4316660258 0.3482081353 -0.530334754 -2.8168408426 
85 3 1.4197605092 0.6299248713 1.3210193721 0.06477566 -0.0014874408 -0.1201797484 0.2354026629 
86 3 1.8555220607 0.1643268605 0.9768352477 2.3018000094 -0.2463764949 -0.6147775253 0.8886530887 
87 3 2.3819458569 0.1265486479 0.2826388185 5.2644785987 0.1554600009 -0.7353842667 -1.2047984063 
88 3 1.8619727887 0.6552621095 1.9379668221 0.8737137344 -0.9584228377 -0.4899233529 0.1950195676 
89 3 1.6328406295 1.1121667753 1.4606113375 0.0933904085 -0.6232903641 -0.2465575491 0.3456425882 
90 3 2.3655298994 3.8297090336 1.5141906126 0.2518320588 1.9637884643 -0.3573950945 0.1496226541 
91 3 1.8488353042 0.0869845517 2.6663612662 0.664846164 0.3533767717 -0.0874040904 0.4876368834 
92 3 1.7435778779 1.2055530899 0.6916847591 1.1428259675 -0.342657785 -0.6885290132 0.8631389373 
93 3 1.708174085 0.9174832601 0.9855498341 1.0148256106 -0.6890057953 -0.0272272503 0.7094219812 
94 3 2.2552765104 1.9702636922 3.1074746556 0.0085337905 2.2771812339 -0.1139909888 -0.1013833192 
95 2 1.6382059519 0.2116149508 2.0226917334 0.4494120566 0.6542414017 -0.3083866246 -0.9534264794 
96 2 1.1793949439 0.2132111091 0.8089816816 0.3687796429 -0.4153117884 -0.2804066987 0.5462014058 
97 2 1.4737414559 1.6658042199 0.277821934 0.2282877249 -0.6802918124 0.6166706216 -0.251839904 
98 2 0.9718533439 0.0137483372 0.3062814233 0.6244691616 0.0648911418 -0.0926575016 -0.4373366022 
99 2 1.4494984153 0.6940116497 1.3425193647 0.0645146416 -0.9652585556 0.2115984707 -0.2942994319 
100 2 1.4137232483 0.8132551311 5.4467708105e-04 1.1848136146 0.0210466489 0.9816087568 0.0254035592 
101 2 1.5598912835 1.0664828364 0.9719779777 0.3948000024 1.0181344855 0.6488816736 0.6194650175 
102 2 1.5430184193 0.0061369399 0.3426368983 2.0321320042 -0.0458556653 -0.1116739535 0.8344359813 
103 2 1.6107618243 0.8704947248 0.740981203 0.9830777267 0.8031315138 -0.9250751187 -0.8534882053 
104 2 1.0035094406 0.1510799121 0.2976028089 0.5583484764 -0.2120419916 0.2904397334 -0.4076347322 
105 2 1.2660220061 0.0283487006 1.5730439083 0.001419111 -0.2111723249 0.0063427085 -0.0472474745 
106 2 1.2630889781 0.0602363494 1.0516313005 0.4835261167 0.2516871679 -0.1706629665 -0.7130856883 
107 2 1.3173106049 1.4129934616 0.0019830195 0.3203307485 -0.0529338603 -0.6727742959 0.0252036132 
108 2 1.7361692776 1.2340975844 1.4308143324 0.3493718437 -1.3288207221 -0.6566269476 0.707026337 
109 2 1.0942855999 1.19566121 0.0017890266 1.0737581761e-05 -0.046250078 0.0035830867 -1.3859949286e-04 
110 2 1.6683534553 0.045727345 2.7040541063 0.0336218005 -0.3516379032 -0.0392101476 0.3015214218 
111 2 1.0806946082 0.0058236768 1.1582434068 0.0038337527 0.0821293815 0.0047250965 0.066636467 
112 2 1.0926471382 0.5813115209 0.3501970158 0.262369232 -0.4511912675 0.3905358591 -0.3031186601 
113 2 1.4248784657 1.1594070787 0.4999066741 0.3709648891 0.7613115897 -0.6558195776 -0.4306365334 
114 2 1.3978798925 1.3197499663 0.401120614 0.2331976136 -0.7275843022 -0.5547635016 0.3058437019 
115 2 1.2003607017 0.0157032991 0.6643564541 0.760806061 0.1021400418 0.1093030885 0.7109475487 
116 2 1.7161829763 0.1526944525 0.3095823541 2.4830072016 0.2174201188 -0.6157446104 -0.876752653 
117 2 1.1683682365 0.4866399486 0.6273800331 0.2510643544 0.5525469999 -0.3495396179 -0.3968787761 
118 2 1.3472007145 0.2356749256 0.04465873 1.5346161097 -0.1025911442 -0.6013905033 0.2617900045 
119 2 1.4782942373 0.1786671671 0.95732113 1.0493655548 -0.4135720666 0.4329978879 -1.0022872935 
120 2 1.6515217543 0.0252223262 1.940362337 0.7619394417 -0.2212248895 -0.1386285869 1.2159106035 
121 2 1.7326512461 1.6912280978 0.7663202671 0.5445319758 1.1384297816 0.9596498203 0.645976694 
122 2 1.2456770496 0.9218436196 0.6185696505 0.0112980419 0.7551320981 0.1020540439 0.0835980015 
123 2 1.6558173841 1.9860239248 0.713890074 0.0418172108 1.1907152333 0.2881839361 0.1727798938 
124 2 1.0038344276 0.0027502836 0.3687400814 0.636193193 -0.0318455619 0.0418295557 -0.484344846 
125 2 1.3085947133 1.18756193 0.2265531433 0.2983050505 -0.5186963352 -0.595193852 0.2599652801 
126 2 1.6329258941 0.0874048374 1.1494189676 1.4296231706 0.3169617926 -0.3534911325 -1.2818876662 
127 2 1.7468653031 0.8803659773 0.020098971 2.151073439 -0.133020488 1.3761293073 -0.2079287441 
128 2 1.714526074 0.1035836253 0.2659960242 2.570020009 0.1659904591 -0.5159573526 -0.8268101987 
129 2 1.6160835468 0.5179404339 1.124733251 0.9690523454 0.7632462434 0.7084570504 1.0439949209 
130 2 1.5753016019 0.0018808956 1.4954153913 0.98427885 -0.0530350848 -0.0430270351 1.2132212253 
131 2 1.0591631856 3.3004267607e-05 0.9986369489 0.1231567005 -0.0057410174 0.0020161093 -0.3506976356 
132 2 1.1588553822 0.8899237616 0.4525482891 4.7374608494e-04 0.634612855 0.0205328492 0.0146421645 
133 2 1.6145153917 0.3391934675 2.2669317972 5.3468535248e-04 -0.8768856579 -0.0134670627 0.034815158 
134 2 1.6787853664 1.9885567874 0.1869509875 0.6428125314 -0.609723425 -1.1306056883 0.3466618489 
135 2 1.6828359698 0.7144526183 1.3894673905 0.7280168926 0.9963476377 -0.7212028668 -1.0057612699 
136 2 1.0137067777 0.9696666535 0.0085569945 0.049377783 0.0910902424 -0.2188149665 -0.0205554231 
137 2 1.4086761849 1.3703684056 0.1141198109 0.4998803773 0.3954569298 0.8276595167 0.2388435767 
138 2 1.1684468108 0.0597206508 0.9379403314 0.3676069675 -0.2366736298 -0.1481679026 0.5871911111 
139 2 1.4008650906 1.1950840857 0.0946359617 0.6727029546 -0.3363003595 -0.8966251142 0.2523130815 
140 2 1.2319035275 1.1576389592 0.1611775432 0.1987697988 -0.4319553256 -0.4796912163 0.1789894629 
141 2 1.07779602 1.0217883449 0.1184048089 0.0214511068 0.3478284833 0.1480489477 0.0503975615 
142 2 1.5897002381 1.1385223928 0.4772042437 0.9114202106 -0.7370941035 -1.018662024 0.6594949524 
143 2 1.6407199472 0.0284269525 0.0375440146 2.6259909781 0.0326689749 -0.273219547 -0.3139908337 
144 2 1.4559815217 1.0266511498 0.3496822266 0.7435488153 0.5991674724 -0.8737077578 -0.5099076439 
145 2 1.4516275191 0.5766764258 0.1175741409 1.4129718874 -0.2603886237 0.9026780034 -0.4075891999 
146 2 1.3738401388 0.0862775876 1.8005794518 5.7968749303e-04 -0.3941442012 -0.0070720604 0.0323074819 
147 2 1.1221997944 0.0496939379 0.060218211 1.1494202297 -0.0547035651 0.2389962708 -0.2630893954 
148 2 1.4485179145 1.6678822678 0.4291752056 0.0011466751 0.8460577493 0.0437323563 0.0221838793 
149 2 1.3072944082 0.1013259756 0.0457076357 1.5619850583 0.0680541753 0.3978311953 0.267197762 
150 2 1.6997160213 0.319635243 2.3522107922 0.217188518 0.8670925372 0.2634788506 0.7147539268 
151 2 1.6305375062 1.5822866172 0.206425685 0.8699402571 -0.5715108038 1.173241163 -0.423766461 
152 2 1.7331471954 1.5615917572 0.5069044657 0.9353029781 0.8897066007 1.2085368927 0.6885559211 
153 2 1.6327483868 0.0199790898 1.9134102387 0.7324779662 -0.1955203187 -0.1209720756 1.1838626779 
154 2 1.6647184237 1.89212018 0.2624977208 0.6166695294 0.7047533148 1.0801911224 0.4023361107 
155 2 1.4575899141 0.7284974689 1.369688046 0.0263828428 0.9989065395 -0.1386356166 -0.1900954086 
156 2 1.5675460633 0.3915852242 2.0601048898 0.0055105465 0.8981684892 0.0464526487 0.1065471902 
157 2 1.2833997509 1.2994659748 0.2797047236 0.0679442222 -0.6028820542 0.2971383599 -0.1378561565 
158 2 1.7285535587 2.9363029389 0.0504123208 0.0011821455 0.3847412712 -0.0589163593 -0.0077197603 
159 2 1.5429852292 0.009532832 0.3171813461 2.0540892394 0.054987603 -0.1399331542 -0.8071671388 
160 2 1.7462893109 2.7708594749 0.204307145 0.0743597376 -0.7524004177 0.4539167142 -0.123256747 
161 2 1.6769357317 0.0690088272 1.1955908215 1.5475137995 0.2872391345 -0.3267906247 -1.3602181056 
162 2 1.5022083433 0.2548854691 1.7497334019 0.2520110357 0.6678185524 -0.2534441774 -0.6640422628 
163 2 1.1514610892 1.1643438955 0.0469203373 0.114598407 -0.2337336269 0.3652833908 -0.0733280022 
164 2 1.7383746545 0.0982263038 2.8617181497 0.062001986 0.5301848701 -0.0780398995 -0.4212270273 
165 2 1.0573470785 0.3848194103 0.4237004594 0.3094629748 0.4037922249 0.3450903642 0.3621044112 
166 2 1.3960662986 1.3676440771 0.5331987319 0.0481583012 0.8539473564 -0.2566386864 -0.1602433933 
167 2 1.6482335719 2.0788632049 0.0485935309 0.5892171718 -0.3178353402 -1.1067528623 0.169210351 
168 2 1.7198302473 0.005000874 0.9813386464 1.9714765593 0.0700539143 0.0992930302 1.3909299544 
169 2 1.7182251753 0.8460579966 2.1061904493 4.9307135669e-05 1.3349004727 -0.0064588464 -0.0101906927 
170 2 1.1984921585 0.3106269743 0.068300085 1.0574563947 0.1456566125 0.5731269321 0.2687459054 
171 2 1.7121474272 0.0135374185 1.3616659942 1.5562453999 0.1357698139 -0.1451466335 -1.4557082261 
172 2 1.615084734 0.29183793 0.1235767462 2.1930840218 0.1899062447 -0.8000156881 -0.5205902299 
173 2 1.3279584074 0.2535650566 0.232130857 1.2777776181 0.2426113639 -0.5692097628 -0.5446206143 
174 2 1.585657893 0.0205051248 2.2170264588 0.2767793701 -0.2132144557 -0.0753352209 0.7833435943 
175 2 1.4753207209 0.3655780056 0.4092794573 1.4017137668 0.3868120574 -0.7158461589 -0.7574250126 
176 2 1.13045155 0.1417200342 0.0488666443 1.0873340284 0.0832188831 0.3925519274 0.2305089264 
177 2 1.3497557492 0.4874928774 1.2772235747 0.0571241305 -0.789073758 -0.1668760221 0.270111618 
178 2 1.1889939351 0.0230602282 0.0353668496 1.3552794999 0.0285581446 -0.1767853347 -0.218933703 
179 2 1.6687936848 0.1198481596 2.6497731626 0.0152510402 -0.5635338827 0.0427528841 -0.2010268565 
180 2 1.1788479402 0.8123527803 0.402358259 0.1749714267 0.5717139585 0.3770126324 0.265332242 
181 2 1.6490569962 1.0162647147 1.5890933518 0.1140309102 1.2708026998 0.3404197269 0.4256827003 
182 2 1.3903449383 0.1491876499 1.0846509277 0.6992204698 0.402264245 0.3229784182 0.8708674591 
183 2 1.4444730295 0.0087281927 2.077371562 4.0257829914e-04 0.1346539985 0.0018745082 0.0289189334 
184 2 1.1181622606 0.1433404433 5.9316574721e-04 1.106353232 -0.0092208807 -0.3982275264 0.0256173933 
185 2 1.5836119992 1.4966915096 0.513768366 0.4973670885 0.8768995104 -0.8627891391 -0.505501213 
186 2 1.3829094794 0.6669318793 0.118454038 1.127052711 0.2810707636 -0.8669875331 -0.3653819161 
187 2 1.249919004 0.0021130841 1.1999802408 0.3602041915 -0.0503553287 -0.0275887973 0.6574480303 
188 2 1.4631547274 0.4136233326 0.7454043628 0.981794061 0.5552626736 -0.6372542126 -0.855472721 
189 2 1.3751242541 0.6619520462 0.6643152567 0.5646994114 -0.6631325988 -0.6113950694 0.6124854565 
190 2 1.1196634796 0.1464382792 1.0520116485 0.0551963799 0.3924981217 0.0899047435 0.2409714395 
191 1 0.0 0.0 0.0 0.0 0.0 0.0 0.0 
192 1 0.0 0.0 0.0 0.0 0.0 0.0 0.0 
193 1 0.0 0.0 0.0 0.0 0.0 0.0 0.0 
194 1 0.0 0.0 0.0 0.0 0.0 0.0 0.0 
195 1 0.0 0.0 0.0 0.0 0.0 0.0 0.0 
196 1 0.0 0.0 0.0 0.0 0.0 0.0 0.0 
197 1 0.0 0.0 0.0 0.0 0.0 0.0 0.0 
198 1 0.0 0.0 0.0 0.0 0.0 0.0 0.0 
199 1 0.0 0.0 0.0 0.0 0.0 0.0 0.0 
200 1 0.0 0.0 0.0 0.0 0.0 0.0 0.0 
201 1 0.0 0.0 0.0 0.0 0.0 0.0 0.0 
202 1 0.0 0.0 0.0 0.0 0.0 0.0 0.0 
203 1 0.0 0.0 0.0 0.0 0.0 0.0 0.0 
204 1 0.0 0.0 0.0 0.0 0.0 0.0 0.0 
205 1 0.0 0.0 0.0 0.0 0.0 0.0 0.0 
206 1 0.0 0.0 0.0 0.0 0.0 0.0 0.0 
207 1 0.0 0.0 0.0 0.0 0.0 0.0 0.0 
208 1 0.0 0.0 0.0 0.0 0.0 0.0 0.0 
209 1 0.0 0.0 0.0 0.0 0.0 0.0 0.0 
210 1 0.0 0.0 0.0 0.0 0.0 0.0 0.0 
211 1 0.0 0.0 0.0 0.0 0.0 0.0 0.0 
212 1 0.0 0.0 0.0 0.0 0.0 0.0 0.0 
213 1 0.0 0.0 0.0 0.0 0.0 0.0 0.0 
214 1 0.0 0.0 0.0 0.0 0.0 0.0 0.0 
215 1 0.0 0.0 0.0 0.0 0.0 0.0 0.0 
216 1 0.0 0.0 0.0 0.0 0.0 0.0 0.0 
217 1 0.0 0.0 0.0 0.0 0.0 0.0 0.0 
218 1 0.0 0.0 0.0 0.0 0.0 0.0 0.0 
219 1 0.0 0.0 0.0 0.0 0.0 0.0 0.0 
220 1 0.0 0.0 0.0 0.0 0.0 0.0 0.0 
221 1 0.0 0.0 0.0 0.0 0.0 0.0 0.0 
222 1 0.0 0.0 0.0 0.0 0.0 0.0 0.0 
223 1 0.0 0.0 0.0 0.0 0.0 0.0 0.0 
224 1 0.0 0.0 0.0 0.0 0.0 0.0 0.0 
225 1 0.0 0.0 0.0 0.0 0.0 0.0 0.0 
226 1 0.0 0.0 0.0 0.0 0.0 0.0 0.0 
227 1 0.0 0.0 0.0 0.0 0.0 0.0 0.0 
228 1 0.0 0.0 0.0 0.0 0.0 0.0 0.0 
229 1 0.0 0.0 0.0 0.0 0.0 0.0 0.0 
230 1 0.0 0.0 0.0 0.0 0.0 0.0 0.0 
231 1 0.0 0.0 0.0 0.0 0.0 0.0 0.0 
232 1 0.0 0.0 0.0 0.0 0.0 0.0 0.0 
233 1 0.0 0.0 0.0 0.0 0.0 0.0 0.0 
234 1 0.0 0.0 0.0 0.0 0.0 0.0 0.0 
235 1 0.0 0.0 0.0 0.0 0.0 0.0 0.0 
236 1 0.0 0.0 0.0 0.0 0.0 0.0 0.0 
237 1 0.0 0.0 0.0 0.0 0.0 0.0 0.0 
238 1 0.0 0.0 0.0 0.0 0.0 0.0 0.0 
239 1 0.0 0.0 0.0 0.0 0.0 0.0 0.0 
240 1 0.0 0.0 0.0 0.0 0.0 0.0 0.0 
241 1 0.0 0.0 0.0 0.0 0.0 0.0 0.0 
242 1 0.0 0.0 0.0 0.0 0.0 0.0 0.0 
243 1 0.0 0.0 0.0 0.0 0.0 0.0 0.0 
244 1 0.0 0.0 0.0 0.0 0.0 0.0 0.0 
245 1 0.0 0.0 0.0 0.0 0.0 0.0 0.0 
246 1 0.0 0.0 0.0 0.0 0.0 0.0 0.0 
247 1 0.0 0.0 0.0 0.0 0.0 0.0 0.0 
248 1 0.0 0.0 0.0 0.0 0.0 0.0 0.0 
249 1 0.0 0.0 0.0 0.0 0.0 0.0 0.0 
250 1 0.0 0.0 0.0 0.0 0.0 0.0 0.0 
251 1 0.0 0.0 0.0 0.0 0.0 0.0 0.0 
252 1 0.0 0.0 0.0 0.0 0.0 0.0 0.0 
253 1 0.0 0.0 0.0 0.0 0.0 0.0 0.0 
254 1 0.0 0.0 0.0 0.0 0.0 0.0 0.0 
255 1 0.0 0.0 0.0 0.0 0.0 0.0 0.0 
256 1 0.0 0.0 0.0 0.0 0.0 0.0 0.0 
257 1 0.0 0.0 0.0 0.0 0.0 0.0 0.0 
258 1 0.0 0.0 0.0 0.0 0.0 0.0 0.0 
259 1 0.0 0.0 0.0 0.0 0.0 0.0 0.0 
260 1 0.0 0.0 0.0 0.0 0.0 0.0 0.0 
261 1 0.0 0.0 0.0 0.0 0.0 0.0 0.0 
262 1 0.0 0.0 0.0 0.0 0.0 0.0 0.0 
263 1 0.0 0.0 0.0 0.0 0.0 0.0 0.0 
264 1 0.0 0.0 0.0 0.0 0.0 0.0 0.0 
265 1 0.0 0.0 0.0 0.0 0.0 0.0 0.0 
266 1 0.0 0.0 0.0 0.0 0.0 0.0 0.0 
267 1 0.0 0.0 0.0 0.0 0.0 0.0 0.0 
268 1 0.0 0.0 0.0 0.0 0.0 0.0 0.0 
269 1 0.0 0.0 0.0 0.0 0.0 0.0 0.0 
270 1 0.0 0.0 0.0 0.0 0.0 0.0 0.0 
271 1 0.0 0.0 0.0 0.0 0.0 0.0 0.0 
272 1 0.0 0.0 0.0 0.0 0.0 0.0 0.0 
273 1 0.0 0.0 0.0 0.0 0.0 0.0 0.0 
274 1 0.0 0.0 0.0 0.0 0.0 0.0 0.0 
275 1 0.0 0.0 0.0 0.0 0.0 0.0 0.0 
276 1 0.0 0.0 0.0 0.0 0.0 0.0 0.0 
277 1 0.0 0.0 0.0 0.0 0.0 0.0 0.0 
278 1 0.0 0.0 0.0 0.0 0.0 0.0 0.0 
279 1 0.0 0.0 0.0 0.0 0.0 0.0 0.0 
280 1 0.0 0.0 0.0 0.0 0.0 0.0 0.0 
281 1 0.0 0.0 0.0 0.0 0.0 0.0 0.0 
282 1 0.0 0.0 0.0 0.0 0.0 0.0 0.0 
283 1 0.0 0.0 0.0 0.0 0.0 0.0 0.0 
284 1 0.0 0.0 0.0 0.0 0.0 0.0 0.0 
285 1 0.0 0.0 0.0 0.0 0.0 0.0 0.0 
286 1 0.0 0.0 0.0 0.0 0.0 0.0 0.0 
287 1 0.0 0.0 0.0 0.0 0.0 0.0 0.0 
288 1 0.0 0.0 0.0 0.0 0.0 0.0 0.0 
289 1 0.0 0.0 0.0 0.0 0.0 0.0 0.0 
290 1 0.0 0.0 0.0 0.0 0.0 0.0 0.0 
291 1 0.0 0.0 0.0 0.0 0.0 0.0 0.0 
292 1 0.0 0.0 0.0 0.0 0.0 0.0 0.0 
293 1 0.0 0.0 0.0 0.0 0.0 0.0 0.0 
294 1 0.0 0.0 0.0 0.0 0.0 0.0 0.0 
295 1 0.0 0.0 0.0 0.0 0.0 0.0 0.0 
296 1 0.0 0.0 0.0 0.0 0.0 0.0 0.0 
297 1 0.0 0.0 0.0 0.0 0.0 0.0 0.0 
298 1 0.0 0.0 0.0 0.0 0.0 0.0 0.0 
299 1 0.0 0.0 0.0 0.0 0.0 0.0 0.0 
300 1 0.0 0.0 0.0 0.0 0.0 0.0 0.0 
301 1 0.0 0.0 0.0 0.0 0.0 0.0 0.0 
302 1 0.0 0.0 0.0 0.0 0.0 0.0 0.0 
303 1 0.0 0.0 0.0 0.0 0.0 0.0 0.0 
304 1 0.0 0.0 0.0 0.0 0.0 0.0 0.0 
305 1 0.0 0.0 0.0 0.0 0.0 0.0 0.0 
306 1 0.0 0.0 0.0 0.0 0.0 0.0 0.0 
307 1 0.0 0.0 0.0 0.0 0.0 0.0 0.0 
308 1 0.0 0.0 0.0 0.0 0.0 0.0 0.0 
309 1 0.0 0.0 0.0 0.0 0.0 0.0 0.0 
310 1 0.0 0.0 0.0 0.0 0.0 0.0 0.0 
311 1 0.0 0.0 0.0 0.0 0.0 0.0 0.0 
312 1 0.0 0.0 0.0 0.0 0.0 0.0 0.0 
313 1 0.0 0.0 0.0 0.0 0.0 0.0 0.0 
314 1 0.0 0.0 0.0 0.0 0.0 0.0 0.0 
315 1 0.0 0.0 0.0 0.0 0.0 0.0 0.0 
316 1 0.0 0.0 0.0 0.0 0.0 0.0 0.0 
317 1 0.0 0.0 0.0 0.0 0.0 0.0 0.0 
318 1 0.0 0.0 0.0 0.0 0.0 0.0 0.0 
319 1 0.0 0.0 0.0 0.0 0.0 0.0 0.0 
320 1 0.0 0.0 0.0 0.0 0.0 0.0 0.0 
321 1 0.0 0.0 0.0 0.0 0.0 0.0 0.0 
322 1 0.0 0.0 0.0 0.0 0.0 0.0 0.0 
323 1 0.0 0.0 0.0 0.0 0.0 0.0 0.0 
324 1 0.0 0.0 0.0 0.0 0.0 0.0 0.0 
325 1 0.0 0.0 0.0 0.0 0.0 0.0 0.0 
326 1 0.0 0.0 0.0 0.0 0.0 0.0 0.0 
327 1 0.0 0.0 0.0 0.0 0.0 0.0 0.0 
328 1 0.0 0.0 0.0 0.0 0.0 0.0 0.0 
329 1 0.0 0.0 0.0 0.0 0.0 0.0 0.0 
330 1 0.0 0.0 0.0 0.0 0.0 0.0 0.0 
331 1 0.0 0.0 0.0 0.0 0.0 0.0 0.0 
332 1 0.0 0.0 0.0 0.0 0.0 0.0 0.0 
333 1 0.0 0.0 0.0 0.0 0.0 0.0 0.0 
334 1 0.0 0.0 0.0 0.0 0.0 0.0 0.0 
335 1 0.0 0.0 0.0 0.0 0.0 0.0 0.0 
336 1 0.0 0.0 0.0 0.0 0.0 0.0 0.0 
337 1 0.0 0.0 0.0 0.0 0.0 0.0 0.0 
338 1 0.0 0.0 0.0 0.0 0.0 0.0 0.0 
339 1 0.0 0.0 0.0 0.0 0.0 0.0 0.0 
340 1 0.0 0.0 0.0 0.0 0.0 0.0 0.0 
341 1 0.0 0.0 0.0 0.0 0.0 0.0 0.0 
342 1 0.0 0.0 0.0 0.0 0.0 0.0 0.0 
343 1 0.0 0.0 0.0 0.0 0.0 0.0 0.0 
344 1 0.0 0.0 0.0 0.0 0.0 0.0 0.0 
345 1 0.0 0.0 0.0 0.0 0.0 0.0 0.0 
346 1 0.0 0.0 0.0 0.0 0.0 0.0 0.0 
347 1 0.0 0.0 0.0 0.0 0.0 0.0 0.0 
348 1 0.0 0.0 0.0 0.0 0.0 0.0 0.0 
349 1 0.0 0.0 0.0 0.0 0.0 0.0 0.0 
350 1 0.0 0.0 0.0 0.0 0.0 0.0 0.0 
351 1 0.0 0.0 0.0 0.0 0.0 0.0 0.0 
352 1 0.0 0.0 0.0 0.0 0.0 0.0 0.0 
353 1 0.0 0.0 0.0 0.0 0.0 0.0 0.0 
354 1 0.0 0.0 0.0 0.0 0.0 0.0 0.0 
355 1 0.0 0.0 0.0 0.0 0.0 0.0 0.0 
356 1 0.0 0.0 0.0 0.0 0.0 0.0 0.0 
357 1 0.0 0.0 0.0 0.0 0.0 0.0 0.0 
358 1 0.0 0.0 0.0 0.0 0.0 0.0 0.0 
359 1 0.0 0.0 0.0 0.0 0.0 0.0 0.0 
360 1 0.0 0.0 0.0 0.0 0.0 0.0 0.0 
361 1 0.0 0.0 0.0 0.0 0.0 0.0 0.0 
362 1 0.0 0.0 0.0 0.0 0.0 0.0 0.0 
363 1 0.0 0.0 0.0 0.0 0.0 0.0 0.0 
364 1 0.0 0.0 0.0 0.0 0.0 0.0 0.0 
365 1 0.0 0.0 0.0 0.0 0.0 0.0 0.0 
366 1 0.0 0.0 0.0 0.0 0.0 0.0 0.0 
367 1 0.0 0.0 0.0 0.0 0.0 0.0 0.0 
368 1 0.0 0.0 0.0 0.0 0.0 0.0 0.0 
369 1 0.0 0.0 0.0 0.0 0.0 0.0 0.0 
370 1 0.0 0.0 0.0 0.0 0.0 0.0 0.0 
371 1 0.0 0.0 0.0 0.0 0.0 0.0 0.0 
372 1 0.0 0.0 0.0 0.0 0.0 0.0 0.0 
373 1 0.0 0.0 0.0 0.0 0.0 0.0 0.0 
374 1 0.0 0.0 0.0 0.0 0.0 0.0 0.0 
375 1 0.0 0.0 0.0 0.0 0.0 0.0 0.0 
376 1 0.0 0.0 0.0 0.0 0.0 0.0 0.0 
377 1 0.0 0.0 0.0 0.0 0.0 0.0 0.0 
378 1 0.0 0.0 0.0 0.0 0.0 0.0 0.0 
379 1 0.0 0.0 0.0 0.0 0.0 0.0 0.0 
380 1 0.0 0.0 0.0 0.0 0.0 0.0 0.0 
381 1 0.0 0.0 0.0 0.0 0.0 0.0 0.0 
382 1 0.0 0.0 0.0 0.0 0.0 0.0 0.0 
383 1 0.0 0.0 0.0 0.0 0.0 0.0 0.0 
384 1 0.0 0.0 0.0 0.0 0.0 0.0 0.0 
385 1 0.0 0.0 0.0 0.0 0.0 0.0 0.0 
386 1 0.0 0.0 0.0 0.0 0.0 0.0 0.0 
387 1 0.0 0.0 0.0 0.0 0.0 0.0 0.0 
388 1 0.0 0.0 0.0 0.0 0.0 0.0 0.0 
389 1 0.0 0.0 0.0 0.0 0.0 0.0 0.0 
390 1 0.0 0.0 0.0 0.0 0.0 0.0 0.0 
391 1 0.0 0.0 0.0 0.0 0.0 0.0 0.0 
392 1 0.0 0.0 0.0 0.0 0.0 0.0 0.0 
393 1 0.0 0.0 0.0 0.0 0.0 0.0 0.0 
394 1 0.0 0.0 0.0 0.0 0.0 0.0 0.0 
395 1 0.0 0.0 0.0 0.0 0.0 0.0 0.0 
396 1 0.0 0.0 0.0 0.0 0.0 0.0 0.0 
397 1 0.0 0.0 0.0 0.0 0.0 0.0 0.0 
398 1 0.0 0.0 0.0 0.0 0.0 0.0 0.0 
399 1 0.0 0.0 0.0 0.0 0.0 0.0 0.0 
400 1 0.0 0.0 0.0 0.0 0.0 0.0 0.0 
401 1 0.0 0.0 0.0 0.0 0.0 0.0 0.0 
402 1 0.0 0.0 0.0 0.0 0.0 0.0 0.0 
403 1 0.0 0.0 0.0 0.0 0.0 0.0 0.0 
404 1 0.0 0.0 0.0 0.0 0.0 0.0 0.0 
405 1 0.0 0.0 0.0 0.0 0.0 0.0 0.0 
406 1 0.0 0.0 0.0 0.0 0.0 0.0 0.0 
407 1 0.0 0.0 0.0 0.0 0.0 0.0 0.0 
408 1 0.0 0.0 0.0 0.0 0.0 0.0 0.0 
409 1 0.0 0.0 0.0 0.0 0.0 0.0 0.0 
410 1 0.0 0.0 0.0 0.0 0.0 0.0 0.0 
411 1 0.0 0.0 0.0 0.0 0.0 0.0 0.0 
412 1 0.0 0.0 0.0 0.0 0.0 0.0 0.0 
413 1 0.0 0.0 0.0 0.0 0.0 0.0 0.0 
414 1 0.0 0.0 0.0 0.0 0.0 0.0 0.0 
415 1 0.0 0.0 0.0 0.0 0.0 0.0 0.0 
416 1 0.0 0.0 0.0 0.0 0.0 0.0 0.0 
417 1 0.0 0.0 0.0 0.0 0.0 0.0 0.0 
418 1 0.0 0.0 0.0 0.0 0.0 0.0 0.0 
419 1 0.0 0.0 0.0 0.0 0.0 0.0 0.0 
420 1 0.0 0.0 0.0 0.0 0.0 0.0 0.0 
421 1 0.0 0.0 0.0 0.0 0.0 0.0 0.0 
422 1 0.0 0.0 0.0 0.0 0.0 0.0 0.0 
423 1 0.0 0.0 0.0 0.0 0.0 0.0 0.0 
424 1 0.0 0.0 0.0 0.0 0.0 0.0 0.0 
425 1 0.0 0.0 0.0 0.0 0.0 0.0 0.0 
426 1 0.0 0.0 0.0 0.0 0.0 0.0 0.0 
427 1 0.0 0.0 0.0 0.0 0.0 0.0 0.0 
428 1 0.0 0.0 0.0 0.0 0.0 0.0 0.0 
429 1 0.0 0.0 0.0 0.0 0.0 0.0 0.0 
430 1 0.0 0.0 0.0 0.0 0.0 0.0 0.0 
431 1 0.0 0.0 0.0 0.0 0.0 0.0 0.0 
432 1 0.0 0.0 0.0 0.0 0.0 0.0 0.0 
433 1 0.0 0.0 0.0 0.0 0.0 0.0 0.0 
434 1 0.0 0.0 0.0 0.0 0.0 0.0 0.0 
435 1 0.0 0.0 0.0 0.0 0.0 0.0 0.0 
436 1 0.0 0.0 0.0 0.0 0.0 0.0 0.0 
437 1 0.0 0.0 0.0 0.0 0.0 0.0 0.0 
438 1 0.0 0.0 0.0 0.0 0.0 0.0 0.0 
439 1 0.0 0.0 0.0 0.0 0.0 0.0 0.0 
440 1 0.0 0.0 0.0 0.0 0.0 0.0 0.0 
441 1 0.0 0.0 0.0 0.0 0.0 0.0 0.0 
442 1 0.0 0.0 0.0 0.0 0.0 0.0 0.0 
443 1 0.0 0.0 0.0 0.0 0.0 0.0 0.0 
444 1 0.0 0.0 0.0 0.0 0.0 0.0 0.0 
445 1 0.0 0.0 0.0 0.0 0.0 0.0 0.0 
446 1 0.0 0.0 0.0 0.0 0.0 0.0 0.0 
447 1 0.0 0.0 0.0 0.0 0.0 0.0 0.0 
448 1 0.0 0.0 0.0 0.0 0.0 0.0 0.0 
449 1 0.0 0.0 0.0 0.0 0.0 0.0 0.0 
450 1 0.0 0.0 0.0 0.0 0.0 0.0 0.0 
451 1 0.0 0.0 0.0 0.0 0.0 0.0 0.0 
452 1 0.0 0.0 0.0 0.0 0.0 0.0 0.0 
453 1 0.0 0.0 0.0 0.0 0.0 0.0 0.0 
454 1 0.0 0.0 0.0 0.0 0.0 0.0 0.0 
455 1 0.0 0.0 0.0 0.0 0.0 0.0 0.0 
456 1 0.0 0.0 0.0 0.0 0.0 0.0 0.0 
457 1 0.0 0.0 0.0 0.0 0.0 0.0 0.0 
458 1 0.0 0.0 0.0 0.0 0.0 0.0 0.0 
459 1 0.0 0.0 0.0 0.0 0.0 0.0 0.0 
460 1 0.0 0.0 0.0 0.0 0.0 0.0 0.0 
461 1 0.0 0.0 0.0 0.0 0.0 0.0 0.0 
462 1 0.0 0.0 0.0 0.0 0.0 0.0 0.0 
463 1 0.0 0.0 0.0 0.0 0.0 0.0 0.0 
464 1 0.0 0.0 0.0 0.0 0.0 0.0 0.0 
465 1 0.0 0.0 0.0 0.0 0.0 0.0 0.0 
466 1 0.0 0.0 0.0 0.0 0.0 0.0 0.0 
467 1 0.0 0.0 0.0 0.0 0.0 0.0 0.0 
468 1 0.0 0.0 0.0 0.0 0.0 0.0 0.0 
469 1 0.0 0.0 0.0 0.0 0.0 0.0 0.0 
470 1 0.0 0.0 0.0 0.0 0.0 0.0 0.0 
471 1 0.0 0.0 0.0 0.0 0.0 0.0 0.0 
472 1 0.0 0.0 0.0 0.0 0.0 0.0 0.0 
473 1 0.0 0.0 0.0 0.0 0.0 0.0 0.0 
474 1 0.0 0.0 0.0 0.0 0.0 0.0 0.0 
475 1 0.0 0.0 0.0 0.0 0.0 0.0 0.0 
476 1 0.0 0.0 0.0 0.0 0.0 0.0 0.0 
477 1 0.0 0.0 0.0 0.0 0.0 0.0 0.0 
478 1 0.0 0.0 0.0 0.0 0.0 0.0 0.0 
479 1 0.0 0.0 0.0 0.0 0.0 0.0 0.0 
480 1 0.0 0.0 0.0 0.0 0.0 0.0 0.0 
481 1 0.0 0.0 0.0 0.0 0.0 0.0 0.0 
482 1 0.0 0.0 0.0 0.0 0.0 0.0 0.0 
483 1 0.0 0.0 0.0 0.0 0.0 0.0 0.0 
484 1 0.0 0.0 0.0 0.0 0.0 0.0 0.0 
485 1 0.0 0.0 0.0 0.0 0.0 0.0 0.0 
486 1 0.0 0.0 0.0 0.0 0.0 0.0 0.0 
487 1 0.0 0.0 0.0 0.0 0.0 0.0 0.0 
488 1 0.0 0.0 0.0 0.0 0.0 0.0 0.0 
489 1 0.0 0.0 0.0 0.0 0.0 0.0 0.0 
490 1 0.0 0.0 0.0 0.0 0.0 0.0 0.0 
491 1 0.0 0.0 0.0 0.0 0.0 0.0 0.0 
492 1 0.0 0.0 0.0 0.0 0.0 0.0 0.0 
493 1 0.0 0.0 0.0 0.0 0.0 0.0 0.0 
494 1 0.0 0.0 0.0 0.0 0.0 0.0 0.0 
495 1 0.0 0.0 0.0 0.0 0.0 0.0 0.0 
496 1 0.0 0.0 0.0 0.0 0.0 0.0 0.0 
497 1 0.0 0.0 0.0 0.0 0.0 0.0 0.0 
498 1 0.0 0.0 0.0 0.0 0.0 0.0 0.0 
499 1 0.0 0.0 0.0 0.0 0.0 0.0 0.0 
500 1 0.0 0.0 0.0 0.0 0.0 0.0 0.0 
501 1 0.0 0.0 0.0 0.0 0.0 0.0 0.0 
502 1 0.0 0.0 0.0 0.0 0.0 0.0 0.0 
503 1 0.0 0.0 0.0 0.0 0.0 0.0 0.0 
504 1 0.0 0.0 0.0 0.0 0.0 0.0 0.0 
505 1 0.0 0.0 0.0 0.0 0.0 0.0 0.0 
506 1 0.0 0.0 0.0 0.0 0.0 0.0 0.0 
507 1 0.0 0.0 0.0 0.0 0.0 0.0 0.0 
508 1 0.0 0.0 0.0 0.0 0.0 0.0 0.0 
509 1 0.0 0.0 0.0 0.0 0.0 0.0 0.0 
510 1 0.0 0.0 0.0 0.0 0.0 0.0 0.0 
511 1 0.0 0.0 0.0 0.0 0.0 0.0 0.0 
512 1 0.0 0.0 0.0 0.0 0.0 0.0 0.0 
513 1 0.0 0.0 0.0 0.0 0.0 0.0 0.0 
514 1 0.0 0.0 0.0 0.0 0.0 0.0 0.0 
515 1 0.0 0.0 0.0 0.0 0.0 0.0 0.0 
516 1 0.0 0.0 0.0 0.0 0.0 0.0 0.0 
517 1 0.0 0.0 0.0 0.0 0.0 0.0 0.0 
518 1 0.0 0.0 0.0 0.0 0.0 0.0 0.0 
519 1 0.0 0.0 0.0 0.0 0.0 0.0 0.0 
520 1 0.0 0.0 0.0 0.0 0.0 0.0 0.0 
521 1 0.0 0.0 0.0 0.0 0.0 0.0 0.0 
522 1 0.0 0.0 0.0 0.0 0.0 0.0 0.0 
523 1 0.0 0.0 0.0 0.0 0.0 0.0 0.0 
524 1 0.0 0.0 0.0 0.0 0.0 0.0 0.0 
525 1 0.0 0.0 0.0 0.0 0.0 0.0 0.0 
526 1 0.0 0.0 0.0 0.0 0.0 0.0 0.0 
527 1 0.0 0.0 0.0 0.0 0.0 0.0 0.0 
528 1 0.0 0.0 0.0 0.0 0.0 0.0 0.0 
529 1 0.0 0.0 0.0 0.0 0.0 0.0 0.0 
530 1 0.0 0.0 0.0 0.0 0.0 0.0 0.0 
531 1 0.0 0.0 0.0 0.0 0.0 0.0 0.0 
532 1 0.0 0.0 0.0 0.0 0.0 0.0 0.0 
533 1 0.0 0.0 0.0 0.0 0.0 0.0 0.0 
534 1 0.0 0.0 0.0 0.0 0.0 0.0 0.0 
535 1 0.0 0.0 0.0 0.0 0.0 0.0 0.0 
536 1 0.0 0.0 0.0 0.0 0.0 0.0 0.0 
537 1 0.0 0.0 0.0 0.0 0.0 0.0 0.0 
538 1 0.0 0.0 0.0 0.0 0.0 0.0 0.0 
539 1 0.0 0.0 0.0 0.0 0.0 0.0 0.0 
540 1 0.0 0.0 0.0 0.0 0.0 0.0 0.0 
541 1 0.0 0.0 0.0 0.0 0.0 0.0 0.0 
542 1 0.0 0.0 0.0 0.0 0.0 0.0 0.0 
543 1 0.0 0.0 0.0 0.0 0.0 0.0 0.0 
544 1 0.0 0.0 0.0 0.0 0.0 0.0 0.0 
545 1 0.0 0.0 0.0 0.0 0.0 0.0 0.0 
546 1 0.0 0.0 0.0 0.0 0.0 0.0 0.0 
547 1 0.0 0.0 0.0 0.0 0.0 0.0 0.0 
548 1 0.0 0.0 0.0 0.0 0.0 0.0 0.0 
549 1 0.0 0.0 0.0 0.0 0.0 0.0 0.0 
550 1 0.0 0.0 0.0 0.0 0.0 0.0 0.0 
551 1 0.0 0.0 0.0 0.0 0.0 0.0 0.0 
552 1 0.0 0.0 0.0 0.0 0.0 0.0 0.0 
553 1 0.0 0.0 0.0 0.0 0.0 0.0 0.0 
554 1 0.0 0.0 0.0 0.0 0.0 0.0 0.0 
555 1 0.0 0.0 0.0 0.0 0.0 0.0 0.0 
556 1 0.0 0.0 0.0 0.0 0.0 0.0 0.0 
557 1 0.0 0.0 0.0 0.0 0.0 0.0 0.0 
558 1 0.0 0.0 0.0 0.0 0.0 0.0 0.0 
559 1 0.0 0.0 0.0 0.0 0.0 0.0 0.0 
560 1 0.0 0.0 0.0 0.0 0.0 0.0 0.0 
561 1 0.0 0.0 0.0 0.0 0.0 0.0 0.0 
562 1 0.0 0.0 0.0 0.0 0.0 0.0 0.0 
563 1 0.0 0.0 0.0 0.0 0.0 0.0 0.0 
564 1 0.0 0.0 0.0 0.0 0.0 0.0 0.0 
565 1 0.0 0.0 0.0 0.0 0.0 0.0 0.0 
566 1 0.0 0.0 0.0 0.0 0.0 0.0 0.0 
567 1 0.0 0.0 0.0 0.0 0.0 0.0 0.0 
568 1 0.0 0.0 0.0 0.0 0.0 0.0 0.0 
569 1 0.0 0.0 0.0 0.0 0.0 0.0 0.0 
570 1 0.0 0.0 0.0 0.0 0.0 0.0 0.0 
571 1 0.0 0.0 0.0 0.0 0.0 0.0 0.0 
572 1 0.0 0.0 0.0 0.0 0.0 0.0 0.0 
573 1 0.0 0.0 0.0 0.0 0.0 0.0 0.0 
