# Cluster list (52 data points):
# "Cluster Identifier" "Cluster Size" "Radius of Gyration" "Gyration Tensor.XX" "Gyration Tensor.YY" "Gyration Tensor.ZZ" "Gyration Tensor.XY" "Gyration Tensor.XZ" "Gyration Tensor.YZ"
1 54 3.5108154585 4.2170341985 3.222838069 4.885952916 -0.2261527324 0.4031001042 -0.4773435148 
2 48 3.3655399313 3.6516187244 3.2072494424 4.4679908626 -0.0475151581 -0.3500437535 0.6049990109 
3 45 3.6748696212 5.0405904972 2.8515663063 5.6125099294 0.075662497 -2.7142620461 -0.1964505367 
4 37 3.1016785151 3.1371800528 3.6751347983 2.8080947599 -0.8626748824 -0.0908057524 0.2728688877 
5 36 3.0298296262 2.891688981 3.1158855233 3.1722930597 -0.2463795861 -0.0431249852 -0.162211018 
6 35 3.0072334174 2.588787548 2.7720315298 3.682633749 -0.4179276683 0.0631696552 0.2670307076 
7 33 2.9839206017 3.0565205291 2.4607797031 3.3864819248 0.4413892917 -0.1801378184 -0.2993024947 
8 32 2.972535929 3.5368596013 2.780764313 2.5183459346 0.4428835499 0.3621704658 0.5477134553 
9 31 2.8952891506 2.388487516 3.6031531259 2.391058624 0.1674231505 -0.1878041841 -0.2094159681 
10 30 2.834220496 2.9652184205 2.7471321727 2.3204552267 0.1946122587 -0.0195117909 0.002781492 
11 29 2.8989663291 3.2991861957 2.5978302502 2.5069893312 -0.6863388775 0.4160924649 0.0033311735 
12 29 2.8457069214 2.3330484034 3.1380980444 2.6269014346 0.1536382221 0.0030060919 0.6685161851 
13 29 2.8769144369 2.6902090208 2.3187235628 3.2677040936 -0.1429208147 -0.0963860937 -0.7193897504 
14 27 2.7373074862 2.3366935462 2.3229142013 2.8332445262 0.0295606096 -0.0986895194 -0.0904253864 
15 26 2.7382024081 2.9234214985 2.2602330101 2.314097919 0.2702581596 0.4572391115 0.5204521139 
16 25 2.6812933522 2.4619608261 2.5488883194 2.1784848951 0.1049915718 0.0127605064 -0.1674815288 
17 25 2.6915412042 2.1889700379 2.2658902269 2.7895337892 0.2078504828 0.0780603211 -0.1827402574 
18 23 2.6599591953 1.8685866272 3.1506878809 2.0561084124 0.2054119382 -0.5968585233 -0.1858932342 
19 23 2.6660976859 2.5531794283 2.351201162 2.2036962805 -0.3657706615 0.6973152267 -0.0244938921 
20 22 2.6229418303 3.3657215397 1.4836112375 2.0304910681 -0.4664157533 0.1315431938 -0.0675059438 
21 22 2.5662480235 1.6352474423 2.2265390078 2.723842468 0.0443111676 -0.2318836341 0.0310967148 
22 21 2.5445331997 1.8271895665 2.3636684401 2.2837911978 0.1822668496 -0.2773640043 0.5436960068 
23 21 2.5686469456 2.3168777373 1.8920039948 2.3890653993 -0.3891562126 0.0612858141 -0.05088853 
24 21 2.5643485357 2.4967594877 2.2825355104 1.7965884145 -0.5325860338 -0.3899111021 -0.1873094452 
25 20 2.4974386065 2.3426149805 1.5500201877 2.3445644251 0.0627967934 0.500362047 0.3480214712 
26 18 2.4722527119 1.842026737 1.5260892616 2.7439174731 -0.1537455342 0.2431740572 -0.466905661 
27 18 2.4352672326 2.055870144 2.3065325383 1.568123812 0.0169396092 0.4668816763 -0.0818833147 
28 17 2.3488481475 1.7393859192 1.8330034308 1.9446982701 0.0042471783 0.0858032387 -0.2959181947 
29 16 2.3184678411 1.2941426053 1.7593673511 2.3217831736 0.1207162533 -0.2134896183 -0.3144796162 
30 16 2.3122688473 1.8019666202 1.7014735213 1.8431470806 -0.2171534451 -0.5826614747 0.1257591428 
31 15 2.2593315448 1.8414780105 1.7151906589 1.5479103598 0.0038554004 -0.4025698618 -0.1073664163 
32 14 2.1660493178 1.3160687574 1.3537766763 2.0219242136 0.0166179197 0.2106718158 0.0220778833 
33 13 2.0719065298 1.4258552885 1.4523654255 1.4145759542 -0.0194502271 0.0029939498 -0.0499178762 
34 12 2.1466423918 1.5157067583 1.6137915933 1.4785752065 -0.2891888186 0.1069456655 -0.722986795 
35 12 2.0763818232 1.5225788957 1.3632708864 1.4255116938 -0.1497661618 -0.1483253563 -0.194778497 
36 12 2.0630407918 1.5692648253 1.513152932 1.1737195513 -0.0112768512 0.0764451056 -0.0473845904 
37 11 2.0424866781 1.6014541949 1.4767219402 1.0935756952 -0.1132398913 0.2928363307 -0.1101738753 
38 9 1.8631472965 0.8540159052 1.3324437843 1.284858159 0.0512221321 -0.0776849777 0.018030217 
39 8 1.8151851613 0.9961834586 1.4634574519 0.8352562592 -0.3245574739 -0.0152142305 -0.0074449839 
40 8 1.8120602482 1.0325277358 1.3066458098 0.9443887974 -0.2064250934 -0.0636081836 0.1564151033 
41 7 1.7488072463 1.2938704358 1.2102778213 0.5541785278 0.0810110634 0.1602290947 -0.3247961107 
42 7 1.7277776391 0.6756512136 1.0692180584 1.2403462981 -0.4056811629 0.1295324578 0.0518313071 
43 6 1.589868689 0.8122592334 0.8427308805 0.8726923345 -0.0298817857 0.0561257683 -0.0428142249 
44 6 1.6086925259 0.8528905029 0.9197422844 0.8152588554 -0.023837464 -0.0108697824 -0.1322975923 
45 5 1.5508323058 0.5139882487 0.5630091582 1.3280834337 -0.0331063171 -0.0993048506 0.0110718773 
46 5 1.5362096368 1.0398135637 0.7116881077 0.6084383768 -0.3250674385 0.2291123366 -0.1227172212 
47 5 1.5484831642 0.7855476777 0.5694458141 1.0428066181 0.0312196086 -0.2129656414 -0.1538740873 
48 5 1.5335608115 0.5340459014 0.9997722836 0.8179905775 0.0301680022 -0.0229970273 0.4087816739 
49 4 1.3777024151 0.7001113235 0.6119757399 0.585976881 -0.0051811543 0.0540102119 0.0156442093 
50 3 1.320483338 0.6738191375 0.2035904424 0.8662666659 -0.369129734 0.0995813627 -0.0887682085 
51 3 1.3639085442 0.6528025485 0.4241101852 0.7833337832 -0.3750732476 -0.2701579972 -0.2190605703 
52 1 0.0 0.0 0.0 0.0 0.0 0.0 0.0 
