# Cluster list (46 data points):
# "Cluster Identifier" "Cluster Size" "Radius of Gyration" "Gyration Tensor.XX" "Gyration Tensor.YY" "Gyration Tensor.ZZ" "Gyration Tensor.XY" "Gyration Tensor.XZ" "Gyration Tensor.YZ"
1 73 5.0791881289 7.7170888877 3.6906323468 14.3904308147 -1.0920838564 7.9698293724 -0.9964823862 
2 54 3.511547214 4.1013115701 3.193649452 5.0360028144 -0.2613010632 0.4702663971 0.0888877664 
3 48 3.3640603593 3.5965239858 3.1416846197 4.5786934955 0.1198396676 -0.4283044784 0.2491117937 
4 45 3.3238988822 3.9140305929 2.9219736772 4.2122995091 -0.6143536891 -0.8170825177 0.2629129478 
5 37 3.2401678031 3.1569714892 3.1274859476 4.2142299554 -0.8323222109 -1.2746229384 0.9077195602 
6 36 3.0360012622 3.1435797013 2.9761504199 3.0975735431 -0.1653032675 -0.018807361 -0.2263228674 
7 36 3.0650248737 3.853109422 2.7624997946 2.7787682596 -0.2221122901 0.283764933 -0.444843931 
8 35 3.0006125842 2.8525034196 2.4464808732 3.7046915877 -0.3500840261 -0.0378390092 0.0875971943 
9 34 2.9817565166 2.8078941248 2.6887946047 3.3941831946 -0.0468921265 -0.1882987885 -0.5178180837 
10 32 2.9651713376 3.5807118295 2.6235623288 2.5879669028 0.3079414116 0.5585316807 0.4790055824 
11 31 2.8945646923 2.4450542131 3.4086246178 2.5248259269 0.1771426498 0.2161589085 0.477531074 
12 30 2.854782463 2.9287298233 2.7047470639 2.516306024 -0.0479821488 -0.2167366814 0.0299591498 
13 29 2.82396206 2.7025044461 2.7570393905 2.5152178797 -0.1452183601 -0.0538262199 -0.0457165413 
14 29 2.8504189059 2.3230060301 2.9881022245 2.8137796846 0.1887191365 0.2876294633 0.7041863379 
15 27 2.7442727939 2.4775826454 2.4641714799 2.5892790417 -0.0852537817 0.1939517532 -0.1696031583 
16 26 2.7355399039 2.9288442819 2.0428564957 2.5114777883 0.5474026972 0.4588483437 0.0941774742 
17 25 2.6745118328 1.9883927991 2.4238722057 2.7407485389 0.1644910882 -0.0561289149 -0.0818314945 
18 23 2.6700370979 2.5032546702 2.6035052306 2.0223382035 0.6653551981 -0.6062081207 0.2733176921 
19 22 2.5842727401 1.9302397262 2.2175026355 2.5307232336 0.0844284582 -0.5136977143 -0.0722438493 
20 22 2.6094625402 3.021196866 1.890509199 1.8975886837 -0.6712275518 0.1498897714 -0.4290283395 
21 21 2.5447424377 1.6238418434 2.3611235882 2.4907486425 0.2355930762 -0.1865781393 0.4540073599 
22 21 2.565837187 2.4706739499 1.7839065887 2.3289399316 -0.2833563484 -0.0220731589 -0.0277627658 
23 21 2.5475569362 1.9560445316 2.5211292674 2.012872544 -0.2798166327 -0.5484061243 0.2306490963 
24 20 2.4822506938 2.2819559383 1.4683565902 2.4112559787 -0.0955455887 0.4912220039 0.1130563295 
25 18 2.4680514967 1.8526366331 1.5325129871 2.7061285703 0.1097314238 0.5541767018 -0.2522212019 
26 18 2.4236930215 1.7402940107 1.8795340786 2.2544597732 0.3269652677 0.2701697244 -0.197017849 
27 17 2.3507649541 1.9833878712 1.831375934 1.7113320642 0.2548455086 0.001351506 0.049936902 
28 16 2.3123957585 1.2449460908 2.4233946509 1.6788334023 0.0792192553 -0.0384836563 0.204372189 
29 16 2.3040230709 1.4041767971 1.6174010831 2.2869444312 -0.2562613148 -0.3002977478 0.2462308442 
30 15 2.2702087744 1.2896077606 2.0465432618 1.8176968568 -0.2082861708 -0.0074369462 -0.2837389682 
31 14 2.1706841761 1.3786593671 1.543031535 1.7901788904 -0.0365586082 -0.0729982055 0.3224037388 
32 13 2.0743337954 1.4314744947 1.4305780087 1.4408081913 -0.0243396512 0.0018267405 0.0311914425 
33 12 2.1779580111 1.9074519895 1.3861345126 1.4499145961 -0.2574507914 0.4358780274 -0.6139712242 
34 12 2.0389935555 1.3682472628 1.3495236233 1.4397238331 0.1268394743 -0.0938333311 0.1922976092 
35 11 2.0376269699 1.2109848619 1.4998195699 1.4411192366 0.0169389683 -0.4119668761 -0.0854751989 
36 9 1.895031206 1.3676178223 1.0025670392 1.2209584103 0.0981093963 -0.0595013946 0.2597525346 
37 8 1.8266213396 1.1651036007 1.2830512152 0.8883907025 -0.3463197017 0.0956283488 -0.1424951273 
38 7 1.7288196796 1.0879793233 0.5651376044 1.3357005569 -0.305371733 -0.0661461694 -0.010765168 
39 7 1.7459554938 0.8398907103 1.1346737358 1.0737961402 0.3026835373 0.354791608 -0.1972657164 
40 6 1.5892311781 0.8250649896 0.8477111197 0.8528796283 0.0417230129 0.0154498978 0.0035734907 
41 6 1.5833742226 0.8864515879 0.7842153617 0.8364069794 0.1186487947 -0.0265554638 0.0889576879 
42 5 1.5655346959 0.6565398809 1.1815523056 0.6128066975 0.3232606421 0.123224243 0.3023846438 
43 5 1.597966842 1.2390121678 0.8118997366 0.5025861239 0.4191213557 -0.1403499188 -0.0680442777 
44 4 1.4196770043 0.6902003808 0.6684329862 0.6568494293 -0.0703132319 -0.0112411202 -0.0626934778 
45 3 1.3034422858 0.8619860793 0.0432965348 0.7936791783 0.1743120254 -0.0238672025 -0.0847098148 
46 1 0.0 0.0 0.0 0.0 0.0 0.0 0.0 
