# Cluster list (126 data points):
# "Cluster Identifier" "Cluster Size" "Radius of Gyration" "Gyration Tensor.XX" "Gyration Tensor.YY" "Gyration Tensor.ZZ" "Gyration Tensor.XY" "Gyration Tensor.XZ" "Gyration Tensor.YZ"
1 40 4.4375064123 4.755872066 4.5416434972 10.3939475957 -1.5501243285 -4.4924334957 4.0367463784 
2 35 3.4529337678 2.7874019898 3.2062279011 5.9291217139 0.6672575785 -0.7302794735 -0.5218902684 
3 33 3.2099278693 4.6024392977 3.1058192696 2.595378359 -0.0166753804 0.3421172669 -0.2307498946 
4 32 4.8163052509 3.3427392035 1.3504852589 18.503571807 0.1875223217 5.1555925317 1.5094408611 
5 30 3.1714550594 2.9008374926 4.4382282045 2.7190614964 0.132688716 -0.2048606426 -0.7969813825 
6 28 3.0523650585 2.2473320542 3.4411093208 3.6284910751 -0.0664263454 0.1099291002 -0.9253737049 
7 26 5.0659129429 7.3538923696 2.2778045583 16.0317770171 2.3136282757 8.841877087 2.3729335206 
8 24 3.0907410056 3.1673055508 3.5311885379 2.8541858752 0.7664321193 -0.5594151464 0.740023358 
9 24 2.8179235989 2.2504783281 3.1553576905 2.5348573906 0.3240253702 -0.3708420995 0.7129057534 
10 23 2.93167109 3.7938201715 2.4129738674 2.3879013411 0.0805607885 -0.4487944741 0.3984051593 
11 22 2.7580780394 2.807610623 2.518788998 2.2805948502 -0.1660043723 0.3670835649 -0.3815931352 
12 21 2.9541308675 2.5207352924 2.4753266758 3.7308272141 0.8892397917 -1.1449454789 -1.1413013951 
13 21 2.9665293354 2.574267914 3.0528885138 3.1731398701 -0.4160428679 0.9882132791 -0.0464227643 
14 20 2.6035896493 2.23481326 2.2232279765 2.3206378256 -0.0655923544 0.0195282651 0.3660435379 
15 19 2.8442754819 2.9948075838 1.8692955915 3.2257998416 0.2211384715 -1.2904904083 0.1908278432 
16 19 2.6996945542 2.6996269191 2.5327255821 2.0559981845 0.2827464925 -0.3554736751 0.3330356126 
17 19 2.7773413093 2.9845475501 2.0270073404 2.7020698581 -0.5062215066 -0.0310859689 0.2895898656 
18 18 2.7404911634 2.0124100652 4.0593928856 1.4384888656 1.0653245412 -0.3423939678 -0.1705213632 
19 17 2.7594970012 1.6104376208 4.2635316138 1.7408544649 -0.2251823252 0.0278647781 0.1914152445 
20 16 2.8778366322 2.7443340348 2.7463938912 2.7912157559 -1.0786600545 -1.4315606381 0.9763728316 
21 15 2.4980505592 1.4183795449 1.9482146756 2.8736623761 0.1912504636 0.3103719183 -0.0481272087 
22 14 2.4217263517 1.834317863 1.5344029832 2.4960376766 0.1892023496 0.4560444107 -0.049401119 
23 14 2.3431682861 1.8122215394 2.1086873994 1.5695286781 0.2964876504 0.194136259 -0.1290774938 
24 14 2.8016852177 3.5605442853 2.4519601683 1.8369356056 -0.0558439496 -0.1332066221 -0.8643873176 
25 13 2.3119427532 1.4002110239 2.4207247724 1.5241434977 0.1619891169 0.1211510053 -0.119674586 
26 13 2.5108562681 1.648302774 2.8595166719 1.7965797531 -0.6119353188 -0.1724296902 -0.1462587637 
27 13 2.2605761233 1.5829183519 2.1296668422 1.3976192151 0.1048796272 -0.1105908091 0.0917110923 
28 13 2.7847345201 1.206961753 1.4487296647 5.0990549298 0.4143613133 0.5062951983 1.3138349481 
29 13 2.7300324863 2.3622641118 3.6968694242 1.39394384 -1.2226398494 0.5242287914 0.0981740014 
30 13 4.1000190784 11.4788028249 3.2298558927 2.1014977258 1.3186261596 -0.1103813914 1.6949189719 
31 12 2.4683503632 1.3055007427 3.2722194055 1.5150333676 0.2297867851 0.0583886979 0.5879082057 
32 12 2.2357829104 2.0327991023 1.4032066449 1.562719475 -0.0917681321 0.2435409107 0.031981856 
33 12 3.155899319 6.6075478248 1.580636192 1.771516495 -0.4355600704 -1.6211056918 0.9211329213 
34 11 2.2876231458 0.8675876596 2.3349815131 2.0306504847 0.1117126523 0.4755194034 0.5519921132 
35 11 2.2090381187 1.3288330159 2.1715613719 1.3794550222 0.1219550865 -0.1749711219 -0.4503503164 
36 11 2.362370323 1.9168401855 2.0349777916 1.6289755658 -0.0878980562 -0.5195996568 1.1803207374 
37 10 2.2558347914 2.5914980879 1.3706810596 1.1266114584 0.4412579758 0.6273456211 0.2228478074 
38 10 2.1504903433 2.3779215955 1.1245883749 1.1220987463 -0.3062970201 0.3029487217 0.1010384937 
39 10 2.4320051759 3.3851133996 1.0083252373 1.5212105386 0.2310317222 0.1406827781 -0.2974537619 
40 10 2.1337806969 1.5677700711 1.5399084813 1.4453415099 0.4545712275 0.1885301318 0.1243017445 
41 9 2.180867841 2.0015756369 1.1549137901 1.5996951131 0.2509175949 0.7375483737 0.6197940008 
42 9 3.2486805948 4.4609116875 4.1452571935 1.947756726 3.5778126998 -2.2037400418 -2.1616929269 
43 8 2.0037144371 1.6883666084 1.5314235971 0.79508134 -0.6322391496 -0.3246375828 0.2065950343 
44 8 1.8736890551 1.3959574258 0.957848929 1.1569043205 0.1388355936 -0.4575544322 -0.0897137864 
45 8 1.9490939254 1.4309361406 1.3085683164 1.0594626732 0.1002674039 0.4191038974 0.3583915254 
46 8 2.1714055781 2.0988231879 1.6202089585 0.9959700385 0.1228051175 0.2848777075 -0.0679292989 
47 8 2.1112758747 2.5296537191 0.6746143733 1.2532177267 0.2654417937 -0.7057803132 -0.0794061393 
48 8 3.2681649368 2.623300628 0.9536570978 7.1039443286 -0.724029936 3.5781512993 -1.4929090058 
49 7 1.9740935859 1.2798972155 1.3024925914 1.3146556792 0.1052395663 0.2839832986 -0.513087361 
50 7 2.1601715091 2.5813668096 0.7583070021 1.3266671371 0.6147996825 -0.0185537144 0.1618562979 
51 7 1.9396550432 1.2825046924 1.206985613 1.2727713813 -0.4152716033 0.4514857037 0.3071722781 
52 7 2.0499342669 2.3384695149 0.9233896044 0.9403713792 -0.1076705349 0.3145302822 0.0815684529 
53 7 1.7597890082 1.4935186097 0.8848481568 0.718490587 0.2949851322 0.1138520909 0.1174344175 
54 7 2.1084709235 1.7619553648 0.9961571268 1.6875371439 -0.2227077447 0.5100288944 0.2838463265 
55 6 1.6656637325 0.9148988439 0.9110127569 0.9485240689 -0.0011161919 -0.1433700181 0.0452914409 
56 5 1.7497684035 1.2480357528 1.4241008371 0.389552876 0.2163417158 -0.0077122827 0.2015459484 
57 5 1.6131084026 0.6667903843 0.5512395961 1.3840887381 0.0243053775 -0.0853557545 -0.1868213649 
58 5 1.6289476892 0.6856232503 0.8982356088 1.0696117151 -0.291040186 -0.274588567 0.2656419671 
59 5 1.724598836 0.6804082353 1.2974414849 0.9963914247 0.2803941129 0.20240272 0.6010901826 
60 4 1.6783285762 0.2075405756 1.7599258053 0.8493204287 -0.3718252356 -0.2690278586 0.2043180872 
61 4 1.8212053669 1.704727101 0.4447387098 1.1673231776 0.7325466602 -0.2069622568 -0.2218046959 
62 4 1.9137803467 1.509971192 1.0666736915 1.0859103318 1.1164904875 0.8495371169 0.7070570573 
63 4 1.5250281218 0.8510117456 0.7372440672 0.7374549596 -0.2360010994 -0.1249573266 0.094478958 
64 4 1.9892894986 1.4126580663 0.7339204074 1.8106942355 -0.6784560066 1.5183396088 -0.4693760194 
65 4 1.5933310778 1.0894367786 1.4214308214 0.0278363234 -0.070927377 0.0349206493 0.0633144425 
66 4 1.9490555606 0.9272749265 0.3223677777 2.5491748741 0.0220941299 -1.172383737 -0.6017024883 
67 3 1.9014389664 0.7149371524 1.6504072433 1.2501257472 -0.6654126554 -0.1099647287 -1.0252832232 
68 3 1.5327729369 1.1897764773 0.1675155397 0.9921008591 0.3991211729 -0.311620881 0.0704399407 
69 3 1.3684678117 0.4622820363 0.7309447982 0.6794773171 0.1847735297 -0.3533496562 0.3774257082 
70 3 1.6870854064 0.9643441425 1.6439738377 0.2379391883 -0.9690566933 -0.4271932776 0.6099357437 
71 3 1.2526205533 0.6635264864 0.6772849507 0.2282468135 0.1830575946 0.2326586993 -0.239009891 
72 3 1.5467273823 0.3558238966 0.9100633145 1.1264783841 0.2907238017 0.537701714 -0.02016173 
73 3 1.4413350954 0.5827990875 1.0331667285 0.4614810411 0.1579130754 0.4238056306 -0.2748068303 
74 3 1.7048057815 1.6901191268 0.5205477618 0.6956958639 -0.0828047914 -0.1214514683 -0.5897114077 
75 3 1.3875219196 0.5005484619 0.569463569 0.8552050465 0.5152652192 -0.1011329829 -0.2846525853 
76 3 1.40823156 0.4463673038 1.0293181237 0.5074306992 0.0482483613 0.3994993491 -0.3485965858 
77 3 1.4003778223 0.7445001122 0.4870207929 0.7295371401 0.3440555249 0.1753456345 -0.3941076627 
78 3 1.3592350544 0.8761674466 0.9576370114 0.0137154749 0.1555680118 -0.106841774 -0.0442463578 
79 3 1.6900493444 0.2774681249 0.580097108 1.9987015537 0.377457457 0.6384685497 0.6807257988 
80 3 1.3664223799 0.7906999796 0.3950813588 0.681328782 0.3446040063 0.1686136274 -0.3240681753 
81 3 1.3405022363 0.4946303269 0.2991765528 1.0031393658 -0.3701904462 0.0547315275 -0.1894702945 
82 3 1.4374097392 0.9741680413 0.9681601525 0.1238185645 -0.2190044799 -0.0477092441 0.3448407359 
83 3 1.354766356 0.7322463076 0.6345645237 0.4685810481 0.2954054964 -0.0469438882 0.470910007 
84 2 1.1112756277 0.7266350519 0.234967194 0.2733312748 -0.4132014027 -0.4456591579 0.2534243135 
85 2 1.1288281313 1.1099048174 0.0137230772 0.1506250554 0.1234151913 -0.408875867 -0.0454647034 
86 2 1.1062904445 0.8971929217 0.0304884505 0.2961971753 0.1653905136 -0.5155055859 -0.0950294318 
87 2 1.1154719585 1.0277958083 0.0880119335 0.1284699485 -0.3007628573 0.36337429 -0.1063338543 
88 2 1.1870712752 0.3532626687 0.2237980687 0.8320774751 0.2811752176 0.5421640983 0.4315290627 
89 2 1.2327457501 1.494870779 0.024300945 4.9036024399e-04 0.1905958357 0.0270744381 0.0034519874 
90 2 1.16077519 0.0994345305 1.0332082622 0.2147562491 0.3205254724 0.1461307182 0.4710498179 
91 2 1.278354759 1.5031036495 0.0286437909 0.1024434494 -0.2074959919 -0.3924068332 0.054169814 
92 2 1.1571951358 0.0674217089 0.670823105 0.6008557684 -0.2126688508 0.201272757 -0.6348763126 
93 2 1.3261256789 0.7988252024 0.7730932275 0.1866908864 0.7858539012 0.386177919 0.3799071727 
94 2 1.2558290301 0.3621789808 0.7065618877 0.5083656845 0.5058674375 0.4290913253 0.5993261363 
95 2 1.1228209578 1.1501258242 0.016718767 0.0938823121 0.1386675365 0.3285977352 0.0396181335 
96 2 1.1280073239 0.9617482046 0.1161519849 0.1945003333 -0.334228908 0.4325047356 -0.1503050224 
97 1 0.0 0.0 0.0 0.0 0.0 0.0 0.0 
98 1 0.0 0.0 0.0 0.0 0.0 0.0 0.0 
99 1 0.0 0.0 0.0 0.0 0.0 0.0 0.0 
100 1 0.0 0.0 0.0 0.0 0.0 0.0 0.0 
101 1 0.0 0.0 0.0 0.0 0.0 0.0 0.0 
102 1 0.0 0.0 0.0 0.0 0.0 0.0 0.0 
103 1 0.0 0.0 0.0 0.0 0.0 0.0 0.0 
104 1 0.0 0.0 0.0 0.0 0.0 0.0 0.0 
105 1 0.0 0.0 0.0 0.0 0.0 0.0 0.0 
106 1 0.0 0.0 0.0 0.0 0.0 0.0 0.0 
107 1 0.0 0.0 0.0 0.0 0.0 0.0 0.0 
108 1 0.0 0.0 0.0 0.0 0.0 0.0 0.0 
109 1 0.0 0.0 0.0 0.0 0.0 0.0 0.0 
110 1 0.0 0.0 0.0 0.0 0.0 0.0 0.0 
111 1 0.0 0.0 0.0 0.0 0.0 0.0 0.0 
112 1 0.0 0.0 0.0 0.0 0.0 0.0 0.0 
113 1 0.0 0.0 0.0 0.0 0.0 0.0 0.0 
114 1 0.0 0.0 0.0 0.0 0.0 0.0 0.0 
115 1 0.0 0.0 0.0 0.0 0.0 0.0 0.0 
116 1 0.0 0.0 0.0 0.0 0.0 0.0 0.0 
117 1 0.0 0.0 0.0 0.0 0.0 0.0 0.0 
118 1 0.0 0.0 0.0 0.0 0.0 0.0 0.0 
119 1 0.0 0.0 0.0 0.0 0.0 0.0 0.0 
120 1 0.0 0.0 0.0 0.0 0.0 0.0 0.0 
121 1 0.0 0.0 0.0 0.0 0.0 0.0 0.0 
122 1 0.0 0.0 0.0 0.0 0.0 0.0 0.0 
123 1 0.0 0.0 0.0 0.0 0.0 0.0 0.0 
124 1 0.0 0.0 0.0 0.0 0.0 0.0 0.0 
125 1 0.0 0.0 0.0 0.0 0.0 0.0 0.0 
126 1 0.0 0.0 0.0 0.0 0.0 0.0 0.0 
