# Cluster list (191 data points):
# "Cluster Identifier" "Cluster Size" "Radius of Gyration" "Gyration Tensor.XX" "Gyration Tensor.YY" "Gyration Tensor.ZZ" "Gyration Tensor.XY" "Gyration Tensor.XZ" "Gyration Tensor.YZ"
1 35 4.991396301 3.8754764431 5.7051322993 15.3334282916 1.5073704318 -1.1820200312 0.8301236988 
2 35 5.9709002616 8.9154088173 6.4102536652 20.3259874519 -3.8252445764 -8.6301712943 2.6543721193 
3 33 4.4162678804 10.5167828473 4.8115657019 4.1750734426 -1.6364843188 -0.5303424114 1.3863560403 
4 30 7.3962089823 5.538240871 2.2110148832 46.954651556 1.6362205355 9.2615742618 2.8881165115 
5 27 3.7364573893 4.4629505462 4.7727734082 4.725389868 -0.6623509338 2.272755564 -2.0140782484 
6 26 3.7654096511 4.450014704 3.4174903017 6.3108048349 0.4370146899 1.7347174879 0.3120141941 
7 24 4.9484150993 5.2002941661 13.3119473658 5.9745704631 5.4238161571 -0.4113686047 3.2844301017 
8 24 3.3422841757 3.7143755171 5.127521663 2.3289663309 -0.7200725015 0.9640214991 -1.4254334454 
9 22 4.227606974 8.1734248416 5.7803641802 3.9188717048 4.1045608402 0.3284701695 0.4075787302 
10 21 4.3677520637 10.0775262127 3.1910479866 5.8086838905 2.3669132866 -1.4417843723 -2.3775856314 
11 21 5.601445758 3.2129630132 11.0357603247 17.1274712416 2.1531201643 5.1742850312 3.1278988308 
12 20 2.944879401 2.2339631858 4.0060151333 2.4323363674 -0.0330630683 -0.5396765889 -0.3440659164 
13 19 4.1219196396 9.8327755624 4.6866552344 2.4707907185 5.4131295877 -1.5430133039 -1.1776554181 
14 18 3.3951400927 3.3283226211 5.4556186673 2.7430349608 -0.8668477883 1.6116864898 0.2053387988 
15 17 3.0449889165 4.3337169921 1.8653417222 3.0728987871 -1.1018820416 -1.3049840623 0.628733598 
16 17 4.5129524716 13.180018322 4.650007239 2.5367144502 -5.5044772007 3.4793993079 -1.2753986848 
17 16 2.8244687321 1.9103990989 3.5280432209 2.5391812989 -0.4227909133 0.073235798 1.4486273798 
18 15 2.9925294569 2.5638964112 2.1100780289 4.2812581103 0.954759795 -0.5346442644 -0.3549577231 
19 14 3.6196322213 1.4903487162 2.824383484 8.7870052171 0.787918739 0.3674196979 0.8022803314 
20 13 2.9018574967 3.5856379185 2.0977297107 2.7374093018 -0.1975609505 -1.2487446696 1.0317230616 
21 13 2.5500118059 1.9124050547 2.6034818294 1.9866733262 0.0841410198 -0.3341794054 0.3338468802 
22 13 3.2377399105 3.5191246607 1.5533031867 5.4105318805 -1.2335943064 2.3154521572 -0.1896590752 
23 13 2.7705672192 3.3252744203 1.6189445633 2.7318237322 -0.614220329 0.2605634105 0.6959130523 
24 12 3.9056929308 2.3646591034 10.3910862411 2.4986919251 -3.5352538732 -1.370951833 3.3767105347 
25 12 3.5251484536 6.4372220171 0.6140555812 5.3753940218 0.3983761146 -2.8133928763 -0.7677581904 
26 12 2.761198859 2.2630935038 3.7156770046 1.6454486307 1.0175802748 -0.2941467819 0.4151624857 
27 12 3.4016163104 6.3923937446 2.1524587953 3.0261409832 -2.5296720681 2.9636775318 -1.5493064545 
28 11 3.4534119934 5.2213525684 5.8090842698 0.8956175582 -3.4423641898 0.3213125983 -0.6256014636 
29 11 3.4500620924 6.9126240597 2.7203020313 2.2700023503 2.1774243927 2.1692532421 1.2738669778 
30 11 3.6250866142 1.3639648851 1.2416651792 10.5356228958 -0.6029166558 1.9830605281 -1.6374642661 
31 10 2.8760147003 4.2805811963 1.9653872444 2.0254921159 -0.7486771194 0.8654134064 0.9862020321 
32 10 2.4988493594 1.7919430323 2.4662992134 1.9860058754 -1.0897712764 0.6405990143 -1.0837946916 
33 9 2.1153681367 1.4551217001 1.6731854296 1.3464752241 -0.0987206244 -0.4058820957 -0.0861622009 
34 9 4.2347009659 3.3639647202 1.8826868469 12.6860407039 0.8571486508 4.711466096 3.1117928469 
35 9 2.2222288925 1.4223037206 1.9145286644 1.6014688659 -0.7195155945 0.261017344 -0.6895256017 
36 9 4.4598431916 0.4226721237 8.6947408228 10.772788347 0.0698982432 0.1151126662 7.7524876403 
37 8 2.2704432936 2.4989871691 1.7237818547 0.9321437258 0.2014146755 0.9931518256 0.2035119079 
38 8 2.6831295872 2.695377328 1.6337900099 2.8700170441 -1.5378559859 1.6684675885 -1.3775925915 
39 8 2.4400306737 2.4454397643 2.7711817032 0.7371282212 1.0318294108 -0.0796220291 -0.6597179614 
40 8 3.8066912169 8.7938506382 2.0449799746 3.652067408 2.5893284184 4.29695693 2.0534921566 
41 8 2.1511133616 1.8951936788 1.3255419905 1.4065530249 -0.4022438441 0.3849717823 -0.6270792567 
42 8 2.422086802 1.626375133 2.8015555306 1.438573813 -0.7150509661 -0.8164547976 0.3689976795 
43 8 2.4771941455 3.8919308914 1.076361045 1.1681988979 1.1913567534 0.9857102745 0.4577950291 
44 7 2.5917419865 2.2618640597 0.6782571472 3.7770053175 -0.0032670723 2.3833886996 -0.5243516651 
45 7 2.0943311415 1.0279879699 2.1198016345 1.2384333256 -0.0221886117 -0.3215363619 -0.7923820501 
46 7 2.5768501833 2.1014874215 2.796289908 1.7423795374 0.1234910182 -0.8501781381 -1.4558854547 
47 6 2.0414930361 1.0871060659 0.9851955863 2.0953921642 -7.7449107206e-04 -0.7679666577 0.2429051494 
48 6 2.3058490255 2.1443265223 0.4078231672 2.764790039 0.6257225368 -1.3767693028 -0.0206348612 
49 6 2.6970971861 2.0776065894 3.9022696225 1.2944570193 2.0814003708 -0.8286772434 -0.2847746564 
50 6 2.1440823989 0.9836877118 0.9654542686 2.647947353 0.2328439208 0.6748303775 0.6762458082 
51 6 1.9062042504 0.974248102 1.9650325608 0.6943339814 -0.1452173598 -0.4243208781 0.1689088153 
52 6 2.2853684646 2.9725274661 1.5816731612 0.6687083916 1.5171397348 -0.6044611414 -0.8264494907 
53 5 2.1088508574 0.7474887934 2.5731915038 1.1265716415 -0.1108448093 -0.1616172939 -1.3354617842 
54 5 2.0393340479 1.3327973607 1.5325535579 1.2935324404 0.4174882782 -0.4581178523 0.0082700287 
55 5 2.3324032059 2.2796213483 1.9312981049 1.2291852617 -1.0520161162 -1.0145630569 1.1135059206 
56 5 2.34834188 2.5514536674 1.1336038715 1.8296520462 1.2393041857 -0.6526998068 0.6210146778 
57 5 2.3108390899 1.4345172434 0.8562477398 3.0492123161 -0.117078147 -1.0841946453 0.587993011 
58 5 1.8652652318 0.7400851317 0.8887509077 1.8503783457 1.358046597e-05 0.0696076238 0.5026893245 
59 5 2.0381771219 1.0822245566 1.6290242141 1.4429172095 0.9646418924 0.0894979703 0.0551965908 
60 5 2.3397959891 1.0196683467 0.9853829275 3.4695939965 -0.0135761564 1.5884452505 0.0268793795 
61 5 2.386896165 1.0233632711 2.1676203671 2.5062896644 -0.9763240661 -1.2857728917 2.0613477964 
62 4 2.4535015126 0.0587546052 5.6512560629 0.3096590042 -0.2537556527 -0.0953934795 0.7547230035 
63 4 2.2598862288 0.7474000029 4.3041794339 0.0555063306 -0.0752099447 -0.0514254418 0.3171164083 
64 4 1.8039101758 1.7828200357 0.669836756 0.8014351308 -0.0825206981 -1.1837596375 -0.0328623509 
65 4 2.5720057862 5.2067103042 0.4271454331 0.9813580269 -0.036016362 1.3954507673 -0.0413542851 
66 4 1.9910009655 0.7553123635 1.9412059716 1.2675665096 -0.4799260923 0.4648871436 0.065628702 
67 4 2.9681982467 1.9115608447 3.6558108377 3.242829149 -2.6220192018 -2.3848856929 3.2891159034 
68 4 1.7271868419 0.9601334092 1.3489183462 0.6741226316 -0.0110298392 -0.280309189 0.7890802101 
69 3 1.7244679676 0.1817686475 2.2695393978 0.5224817258 0.3417977647 -0.206990488 0.29380031 
70 3 1.7797660216 1.7738374623 1.3394968869 0.0542327423 -0.1313403866 0.2785181215 0.0975488508 
71 3 2.0695512921 0.0097441103 0.0782658902 4.1950325501 -0.0274400043 -0.1278789473 0.410111002 
72 3 1.7481814485 1.8783028125 1.1679904046 0.0098451597 0.9978686087 -0.0965041884 0.0045628765 
73 3 2.0534980642 0.3171051864 1.7333262178 2.1664228953 -0.2258316343 0.2559469796 -1.9377938017 
74 3 2.0633994878 1.5043635237 1.4361563358 1.3170975868 -1.403246049 1.3500741928 -1.143476564 
75 3 1.4786727531 0.5875129293 1.2698607622 0.3290994194 0.6856708829 -0.0993572854 0.2670108419 
76 3 1.8804067267 1.285858567 0.525399255 1.7246716359 -0.5987275248 -1.1409982614 0.1121778555 
77 3 1.4720973343 0.7994120129 0.8385781096 0.529080439 -0.5439659708 0.396097802 0.1253182246 
78 3 1.8972706779 2.9619396951 0.3558878744 0.2818084558 -0.4539463267 -0.5197455148 -0.1539539372 
79 3 1.2587417214 0.419933832 0.7776037256 0.3868931637 -0.0745653644 0.3972201194 0.0218199444 
80 3 1.2357001956 0.3079065289 0.6641312807 0.5549171638 -0.2387758651 -0.3141425404 -0.091463272 
81 3 1.7700168662 0.7016455955 0.0472384597 2.3840756515 0.1068823459 0.6152004324 0.332681421 
82 3 2.2157124566 0.7401013911 3.7465816826 0.4226986168 1.3792965316 -0.1747197745 0.3441607214 
83 3 1.5432994895 0.6077303721 0.2873550404 1.4866879017 0.1407186262 0.7801229045 -0.1709795691 
84 3 1.5804314755 1.3212615237 0.9213571433 0.2551449816 0.3799650207 0.5726758115 0.0896729838 
85 3 1.4002828518 0.4913361581 0.623362415 0.846093492 -0.2089547121 -0.4713278541 -0.2584340754 
86 3 1.5314286664 0.1849369188 1.0323237121 1.1280131293 -0.190449192 0.2858164033 0.4632090906 
87 3 1.576649149 0.6630665946 1.7722094473 0.0505464973 0.3639449475 -0.1140188309 0.1579886836 
88 3 2.2263239046 2.4454531881 0.9175645868 1.5935003534 1.4630591708 1.949136839 1.2072080609 
89 3 1.5577081631 0.9382727716 1.3858617227 0.1023202271 -0.0972701388 -0.2926382686 -0.0929554847 
90 3 1.4081075889 0.1283339257 0.4713736504 1.3830594057 -0.2430059209 -0.0219904191 0.1661034646 
91 2 1.1097133162 0.0063202815 0.3083535857 0.916789777 -0.0441461377 -0.0761207561 0.5316910899 
92 2 1.1173735255 0.0074963094 0.0964559843 1.1445713018 -0.0268898476 -0.0926286167 0.3322660854 
93 2 1.5430077369 0.7084782848 1.4989254426 0.1734691486 -1.0305125553 0.3505697147 -0.5099189351 
94 2 1.645839471 0.1218575721 2.0322376209 0.5546923712 0.4976379632 0.2599874336 1.061728169 
95 2 1.17974096 1.2116623051 0.1524694494 0.0276569782 -0.4298156401 -0.1830598753 0.0649372331 
96 2 1.2452040747 0.9801892419 0.2804409584 0.2899029874 -0.5242949651 -0.5330664025 0.2851327263 
97 2 1.5165603012 0.7078923211 1.0797559197 0.5123069062 0.8742716536 -0.6022110302 -0.7437515813 
98 2 1.1056974037 0.01918046 0.0405453644 1.1628409241 -0.0278868919 0.149344648 -0.2171354623 
99 2 1.7096258694 0.0243707194 0.6791860302 2.2192638635 -0.1286555562 0.2325619419 -1.2277186215 
100 2 1.0731192473 0.0232052767 0.5205408043 0.607838838 0.1099058388 0.1187647609 0.5624988156 
101 2 1.1253360752 0.2985129143 0.0463342113 0.9215341564 0.1176068044 0.5244900825 0.2066362948 
102 2 1.1617778231 0.1094938327 0.2878331848 0.9524006926 -0.177527346 0.3229272397 -0.5235766654 
103 2 1.2080946521 0.9349119601 0.1619372865 0.3626434419 -0.3890978102 0.5822711491 -0.2423334375 
104 2 1.2650135087 0.0542969073 1.1664966542 0.3794656157 -0.2516687519 0.1435402708 -0.6653159934 
105 2 1.45992907 1.9657883784 0.0026501715 0.1629543396 -0.0721780876 -0.5659803416 0.0207811681 
106 2 1.5132385871 1.4193238718 0.8300761119 0.0404910379 1.0854247284 -0.2397287982 -0.1833320575 
107 2 1.2905068196 0.1470748862 1.1231864608 0.3951465043 -0.406438828 -0.2410728669 0.6662005732 
108 2 1.2906009597 0.476259995 1.1811769489 0.0082138932 -0.7500315512 0.0625455733 -0.0984990422 
109 2 1.1473713369 1.0033100772 0.3024650679 0.0106858397 -0.5508777093 0.1035432793 -0.0568515017 
110 2 1.4254343828 1.457619219 0.0400907649 0.5341531956 0.2417376046 0.8823785831 0.1463373165 
111 2 1.1925639214 0.6502576022 0.2631885815 0.508762523 -0.4136911601 -0.5751753631 0.3659241544 
112 2 1.1328914719 0.33655038 0.0664025144 0.8804901927 0.1494917772 0.5443613771 0.2417990131 
113 2 1.3208708069 0.03717673 0.2553763269 1.4521466315 0.0974374505 -0.2323490118 -0.6089695172 
114 2 1.2895575292 0.7167340764 0.6439944028 0.3022301418 0.6793914435 0.465423078 0.4411740242 
115 1 0.0 0.0 0.0 0.0 0.0 0.0 0.0 
116 1 0.0 0.0 0.0 0.0 0.0 0.0 0.0 
117 1 0.0 0.0 0.0 0.0 0.0 0.0 0.0 
118 1 0.0 0.0 0.0 0.0 0.0 0.0 0.0 
119 1 0.0 0.0 0.0 0.0 0.0 0.0 0.0 
120 1 0.0 0.0 0.0 0.0 0.0 0.0 0.0 
121 1 0.0 0.0 0.0 0.0 0.0 0.0 0.0 
122 1 0.0 0.0 0.0 0.0 0.0 0.0 0.0 
123 1 0.0 0.0 0.0 0.0 0.0 0.0 0.0 
124 1 0.0 0.0 0.0 0.0 0.0 0.0 0.0 
125 1 0.0 0.0 0.0 0.0 0.0 0.0 0.0 
126 1 0.0 0.0 0.0 0.0 0.0 0.0 0.0 
127 1 0.0 0.0 0.0 0.0 0.0 0.0 0.0 
128 1 0.0 0.0 0.0 0.0 0.0 0.0 0.0 
129 1 0.0 0.0 0.0 0.0 0.0 0.0 0.0 
130 1 0.0 0.0 0.0 0.0 0.0 0.0 0.0 
131 1 0.0 0.0 0.0 0.0 0.0 0.0 0.0 
132 1 0.0 0.0 0.0 0.0 0.0 0.0 0.0 
133 1 0.0 0.0 0.0 0.0 0.0 0.0 0.0 
134 1 0.0 0.0 0.0 0.0 0.0 0.0 0.0 
135 1 0.0 0.0 0.0 0.0 0.0 0.0 0.0 
136 1 0.0 0.0 0.0 0.0 0.0 0.0 0.0 
137 1 0.0 0.0 0.0 0.0 0.0 0.0 0.0 
138 1 0.0 0.0 0.0 0.0 0.0 0.0 0.0 
139 1 0.0 0.0 0.0 0.0 0.0 0.0 0.0 
140 1 0.0 0.0 0.0 0.0 0.0 0.0 0.0 
141 1 0.0 0.0 0.0 0.0 0.0 0.0 0.0 
142 1 0.0 0.0 0.0 0.0 0.0 0.0 0.0 
143 1 0.0 0.0 0.0 0.0 0.0 0.0 0.0 
144 1 0.0 0.0 0.0 0.0 0.0 0.0 0.0 
145 1 0.0 0.0 0.0 0.0 0.0 0.0 0.0 
146 1 0.0 0.0 0.0 0.0 0.0 0.0 0.0 
147 1 0.0 0.0 0.0 0.0 0.0 0.0 0.0 
148 1 0.0 0.0 0.0 0.0 0.0 0.0 0.0 
149 1 0.0 0.0 0.0 0.0 0.0 0.0 0.0 
150 1 0.0 0.0 0.0 0.0 0.0 0.0 0.0 
151 1 0.0 0.0 0.0 0.0 0.0 0.0 0.0 
152 1 0.0 0.0 0.0 0.0 0.0 0.0 0.0 
153 1 0.0 0.0 0.0 0.0 0.0 0.0 0.0 
154 1 0.0 0.0 0.0 0.0 0.0 0.0 0.0 
155 1 0.0 0.0 0.0 0.0 0.0 0.0 0.0 
156 1 0.0 0.0 0.0 0.0 0.0 0.0 0.0 
157 1 0.0 0.0 0.0 0.0 0.0 0.0 0.0 
158 1 0.0 0.0 0.0 0.0 0.0 0.0 0.0 
159 1 0.0 0.0 0.0 0.0 0.0 0.0 0.0 
160 1 0.0 0.0 0.0 0.0 0.0 0.0 0.0 
161 1 0.0 0.0 0.0 0.0 0.0 0.0 0.0 
162 1 0.0 0.0 0.0 0.0 0.0 0.0 0.0 
163 1 0.0 0.0 0.0 0.0 0.0 0.0 0.0 
164 1 0.0 0.0 0.0 0.0 0.0 0.0 0.0 
165 1 0.0 0.0 0.0 0.0 0.0 0.0 0.0 
166 1 0.0 0.0 0.0 0.0 0.0 0.0 0.0 
167 1 0.0 0.0 0.0 0.0 0.0 0.0 0.0 
168 1 0.0 0.0 0.0 0.0 0.0 0.0 0.0 
169 1 0.0 0.0 0.0 0.0 0.0 0.0 0.0 
170 1 0.0 0.0 0.0 0.0 0.0 0.0 0.0 
171 1 0.0 0.0 0.0 0.0 0.0 0.0 0.0 
172 1 0.0 0.0 0.0 0.0 0.0 0.0 0.0 
173 1 0.0 0.0 0.0 0.0 0.0 0.0 0.0 
174 1 0.0 0.0 0.0 0.0 0.0 0.0 0.0 
175 1 0.0 0.0 0.0 0.0 0.0 0.0 0.0 
176 1 0.0 0.0 0.0 0.0 0.0 0.0 0.0 
177 1 0.0 0.0 0.0 0.0 0.0 0.0 0.0 
178 1 0.0 0.0 0.0 0.0 0.0 0.0 0.0 
179 1 0.0 0.0 0.0 0.0 0.0 0.0 0.0 
180 1 0.0 0.0 0.0 0.0 0.0 0.0 0.0 
181 1 0.0 0.0 0.0 0.0 0.0 0.0 0.0 
182 1 0.0 0.0 0.0 0.0 0.0 0.0 0.0 
183 1 0.0 0.0 0.0 0.0 0.0 0.0 0.0 
184 1 0.0 0.0 0.0 0.0 0.0 0.0 0.0 
185 1 0.0 0.0 0.0 0.0 0.0 0.0 0.0 
186 1 0.0 0.0 0.0 0.0 0.0 0.0 0.0 
187 1 0.0 0.0 0.0 0.0 0.0 0.0 0.0 
188 1 0.0 0.0 0.0 0.0 0.0 0.0 0.0 
189 1 0.0 0.0 0.0 0.0 0.0 0.0 0.0 
190 1 0.0 0.0 0.0 0.0 0.0 0.0 0.0 
191 1 0.0 0.0 0.0 0.0 0.0 0.0 0.0 
