# Cluster list (108 data points):
# "Cluster Identifier" "Cluster Size" "Radius of Gyration" "Gyration Tensor.XX" "Gyration Tensor.YY" "Gyration Tensor.ZZ" "Gyration Tensor.XY" "Gyration Tensor.XZ" "Gyration Tensor.YZ"
1 42 3.7128492025 4.0026757815 4.6609858968 5.1215875226 -0.6558963081 -1.7540101046 1.7572810247 
2 41 3.628119316 6.3622010742 3.7451811819 3.0558675153 1.365809563 -1.6870985203 -1.0298315242 
3 35 3.1121972196 2.7673613054 2.7840202915 4.1343899367 -0.042925233 -0.1671859466 -0.053000116 
4 32 3.4178635189 2.6248908399 2.0737880744 6.9831121192 0.1683879543 0.8653639558 -0.0898244246 
5 30 2.9576092111 2.8584910121 2.9289018944 2.9600593391 0.2049055273 -0.1238726231 -0.6906725851 
6 28 2.9116518807 2.3698028586 2.8998194798 3.2080943359 -0.1665285923 -0.1890933134 -0.8740191258 
7 26 3.0923629604 3.946538804 1.9645789927 3.6515908824 0.6372969317 1.8050965371 0.5542315852 
8 24 2.7668486265 2.235104056 2.0576480001 3.3626992656 0.4002998101 -0.2106080045 -0.0270235917 
9 24 2.6643500044 1.8798930185 2.6812813983 2.537586529 0.3032255309 -0.226570575 0.1826385572 
10 23 2.7601483758 3.2462036329 2.5459134463 1.8263019774 -0.1463583186 -0.059052776 0.4811120237 
11 23 2.9622159016 3.4921200559 3.131459713 2.1511432786 0.9178462711 -0.358774696 -0.7740992621 
12 22 2.7750683445 2.0150844795 3.0127765876 2.6731432497 0.1895458904 -0.6453709823 0.1282839765 
13 22 2.802558702 1.7643215005 3.3173981353 2.7726156422 -0.5282232365 -0.0609029533 -0.8111244417 
14 22 2.7059285334 2.8138559658 2.4032765129 2.1049167491 -0.014005214 0.1625198387 -0.5283304638 
15 21 2.7238687046 2.697420952 2.4431673756 2.2788723924 0.0221665299 -0.2463341567 -0.6581399467 
16 21 2.6142323226 2.5487064108 2.263431831 2.0220723946 0.036506345 0.1327945134 0.5389577449 
17 20 2.6196537473 2.2206246595 1.8455006067 2.7964604897 0.0016334655 -0.3575057361 0.1046710038 
18 19 2.5886540201 2.4945008275 2.0722059453 2.1344228631 -0.0494890568 -0.5856172009 -0.0902108222 
19 19 2.5232203697 1.8883796545 1.6987620122 2.7794993673 -0.217208498 0.0260103282 0.0965106381 
20 18 2.7475012216 1.4691189001 3.9006785695 2.178965493 -0.3119846404 0.1142472015 0.8393791351 
21 18 3.2426094055 3.3214654346 5.1952594048 1.9977909174 2.0371706139 0.6911373054 1.2839047044 
22 15 2.3724701964 1.7093782778 1.6429000113 2.2763365438 0.455247807 0.1668400089 0.3371237877 
23 14 2.3771408896 1.8751552203 1.9732812964 1.8023622922 -0.5852899774 0.051222212 -0.2069345858 
24 14 2.2665095527 1.8736024173 1.6034705106 1.6599926248 0.2324581831 0.0927615266 0.0651617754 
25 14 2.4311364476 2.2234724537 1.4851957939 2.2017561792 0.1904455565 0.1197728259 0.0639148998 
26 13 2.5187899546 2.648826622 1.1678266002 2.527649613 -0.0678048983 -0.5716063075 0.5754339709 
27 13 2.3391896503 1.683973854 1.9450602146 1.8427741516 -0.4891497831 -0.3097844399 0.1346355261 
28 13 2.2250217039 1.6883908913 1.7764626903 1.4858680012 0.3333585511 -0.3422548313 -0.1568277707 
29 13 2.2017903614 1.3276177584 1.8561312644 1.6641317726 0.0354921727 -0.1683692951 0.2865641396 
30 13 2.1020578525 1.4408565728 1.5406496482 1.4371409942 -0.0271723655 0.0143331758 0.0261148104 
31 12 2.2371599745 1.4477485008 1.5016814011 2.0554548497 -0.0389953099 0.3386804189 -0.0802713799 
32 12 2.148801072 1.7480140777 1.3345442114 1.534787758 -0.1371470344 -0.19337837 -0.1934718119 
33 12 2.3359399751 2.1751290662 1.2013003897 2.0801861112 0.0047020573 0.121691412 -0.4734232968 
34 11 2.1635136427 1.0521397864 1.8024227583 1.8262287376 -0.0428206254 0.1781990296 0.1930417064 
35 11 2.0866398441 1.4011392646 1.4043262361 1.5486003382 0.1987104528 -0.1653484867 0.1604201468 
36 11 2.3175190329 1.9683146235 1.1855579759 2.2170218687 0.5531945641 0.9515818964 0.0230695385 
37 11 2.1619121873 1.3112556252 1.7406153879 1.6219932924 0.1065712417 -0.3130211607 0.7334742129 
38 11 2.7805624751 3.6714556094 1.3473046192 2.7127674491 -0.5284927571 2.2943972117 -0.8051072578 
39 10 2.0100241653 1.4861313838 1.0541365755 1.499929186 -0.2462128951 -0.1400273896 -0.1636890293 
40 10 2.0424427844 1.6949970034 1.2240086461 1.2525668779 -0.2950715608 0.2615543846 -0.1686093722 
41 10 2.1546167939 1.613734523 1.4784900588 1.550148947 0.1415578715 0.0360802421 -0.1687432008 
42 9 2.0682605559 1.8222344246 1.0287233968 1.4267439058 0.2648491012 -0.1502430346 -0.0768726801 
43 9 2.2550194907 0.8791795636 1.9975459402 2.2083873996 0.1294697228 -0.3040611824 -1.1999962341 
44 8 2.0453849328 1.4305725043 1.4667208864 1.2863061326 -0.0230188574 0.3821267411 -0.1368077838 
45 8 1.9166900747 1.4131190781 0.7808603009 1.4797214636 -0.4822706303 0.3614936333 0.0299792361 
46 8 1.9223268943 1.5197168886 1.0941494954 1.0814743044 -0.420080991 -0.2894140156 -0.1428167851 
47 8 2.3464374699 0.6324289113 3.5703174514 1.3030224375 0.5873821778 -0.044771333 0.1562409976 
48 8 1.8570790103 1.3215372134 0.7693893292 1.3578159079 -0.0946648762 -0.2885478511 -0.2404501488 
49 7 1.9248319591 1.8378302518 0.9256738003 0.9414740185 -0.0080622037 -0.2234925887 0.1227372313 
50 7 1.900271304 1.5856443022 0.8551086376 1.170278089 -0.431292809 0.2825459573 -0.0422726418 
51 7 1.9320770905 1.2906047617 1.8801349694 0.5621821525 0.2258541627 -0.2311590776 -0.1055088263 
52 7 1.7968335139 0.9953661225 1.4096272967 0.8236172577 -0.4573146338 0.1680994428 -0.2022495565 
53 6 1.6224216422 0.7664188847 0.8141728027 1.0516602976 0.0405641368 0.030993377 -0.0204200368 
54 5 1.605082383 0.6349722341 0.5320152311 1.409301991 -0.0538165938 0.0572312209 -0.1149099954 
55 5 1.538878531 0.7509907298 1.0314293278 0.5857270756 0.3350579292 -0.0406839004 0.1376855158 
56 5 1.5731280495 0.5451975747 1.0593514362 0.8701828491 0.0502640715 -0.1149737743 0.1551515838 
57 5 1.5301995575 0.4848638709 0.8582686655 0.9983781493 -0.1077901227 0.1270757585 -0.0597927104 
58 4 1.4803568823 0.6179745294 0.8431894835 0.7302924859 -0.1018021431 -0.0073546098 0.1940431331 
59 4 1.4993301738 0.4908056895 0.6570639535 1.1001213271 0.0019915603 -0.1582465938 -0.3438743686 
60 4 1.6912699912 1.5387903461 0.811863339 0.509740498 -0.710642267 0.1149248944 -0.0338140163 
61 4 1.7387857601 1.5586486303 0.8145729466 0.6501543428 -0.9359246618 0.5450460935 -0.0917282897 
62 4 1.4433467207 0.8672301357 0.5485887853 0.6674308351 0.1279856841 0.1021912076 -0.0285791735 
63 4 1.49456603 0.7596119769 0.7011114972 0.773004144 0.1961033421 -0.1516428907 0.1871253786 
64 4 1.5474348522 1.007720342 0.4190893487 0.9677449311 0.4236712128 -0.2481977257 0.0768919465 
65 4 1.4630615625 0.6322873459 0.7892583218 0.7190034681 -0.0711907172 -0.0326167092 -0.1966600584 
66 3 1.3349670536 0.8061694494 0.3030805788 0.6728870061 -0.0291578967 0.0646489262 -0.4514078938 
67 3 1.4625574845 1.0516733956 0.9436436308 0.1437573689 -0.1442978767 0.1702846075 0.304259108 
68 3 1.4361550368 0.4387481225 0.6243842498 0.9994089173 0.4834683608 -0.0711020314 0.2225284618 
69 3 1.4050051725 0.3156609895 0.7253499938 0.9330285514 0.432894193 0.1810076951 -0.082216721 
70 3 1.3894149791 0.8876686019 0.2249415616 0.8178638208 -0.2098924951 0.0581851649 0.3640149557 
71 3 1.3701968548 0.7778606558 0.2528483066 0.8467304585 0.3116566533 -0.0342674616 0.3151650496 
72 3 1.4582089602 0.9144765239 0.9855859713 0.2263108765 -0.1212213427 0.1294798127 -0.4662050167 
73 3 1.4564020962 0.5144125053 0.48588053 1.1208140305 0.4558021465 0.0729918718 0.3664527606 
74 3 1.431218634 0.4551013133 1.2001740574 0.3931114077 0.014249906 0.4173016217 -0.0990097718 
75 3 1.3318971844 0.8047325925 0.4221123678 0.5471051496 -0.1535243186 0.069283969 0.4478381244 
76 3 1.3485379264 0.7705089506 1.0013889727 0.0466566158 -0.037372087 -0.1770463747 -0.0686955394 
77 3 1.3054693657 0.6380175013 0.856178999 0.2100537646 -0.1317849195 -0.3157844917 -0.1458720936 
78 3 1.335854219 0.8673229838 0.7824958244 0.1346876862 0.1087955419 0.2096244854 -0.227872659 
79 3 1.2991306813 0.8012719273 0.0381263673 0.8483422325 -0.1373947098 -0.0022597053 0.1115534342 
80 2 1.1307610537 0.5284211913 0.6486911692 0.1015082002 -0.5854760118 0.2316011314 -0.2566076247 
81 2 1.1591049999 1.096956858 0.1383199564 0.1082475865 0.3895266676 0.3445909639 0.1223633991 
82 2 1.1215709198 0.8318304346 0.1536404176 0.272450476 0.3574951403 0.4760594478 0.2045957108 
83 2 1.1431084181 0.2840076683 1.0004931104 0.0221960769 0.5330550773 0.0793968264 0.1490202067 
84 2 1.1906506804 0.8218675753 0.3388403105 0.256941157 -0.5277138092 -0.4595341181 0.2950627415 
85 2 1.1401229639 0.9531859003 0.1390494381 0.2076450345 -0.3640603849 0.444886861 -0.1699203501 
86 2 1.177552428 0.2374444814 1.1116999639 0.0374852755 0.5137772099 0.0943433718 0.204138138 
87 2 1.1238759607 1.0579742619 0.042587542 0.162535371 -0.2122652194 -0.4146784769 0.0831984492 
88 2 1.1376293664 0.0556794876 0.2846921655 0.9538289222 0.1259027954 0.2304532613 0.5211023137 
89 2 1.1285582491 0.2657762102 0.7648241231 0.2430433882 0.4508570249 -0.2541557606 -0.431144345 
90 2 1.0719151956 0.0036143698 1.1343602091 0.0110276077 0.064031221 -0.0063133075 -0.1118448898 
91 2 1.1655291026 0.2177600059 1.0905068848e-06 1.1406969927 -4.8730769095e-04 -0.4983956098 0.0011153197 
92 1 0.0 0.0 0.0 0.0 0.0 0.0 0.0 
93 1 0.0 0.0 0.0 0.0 0.0 0.0 0.0 
94 1 0.0 0.0 0.0 0.0 0.0 0.0 0.0 
95 1 0.0 0.0 0.0 0.0 0.0 0.0 0.0 
96 1 0.0 0.0 0.0 0.0 0.0 0.0 0.0 
97 1 0.0 0.0 0.0 0.0 0.0 0.0 0.0 
98 1 0.0 0.0 0.0 0.0 0.0 0.0 0.0 
99 1 0.0 0.0 0.0 0.0 0.0 0.0 0.0 
100 1 0.0 0.0 0.0 0.0 0.0 0.0 0.0 
101 1 0.0 0.0 0.0 0.0 0.0 0.0 0.0 
102 1 0.0 0.0 0.0 0.0 0.0 0.0 0.0 
103 1 0.0 0.0 0.0 0.0 0.0 0.0 0.0 
104 1 0.0 0.0 0.0 0.0 0.0 0.0 0.0 
105 1 0.0 0.0 0.0 0.0 0.0 0.0 0.0 
106 1 0.0 0.0 0.0 0.0 0.0 0.0 0.0 
107 1 0.0 0.0 0.0 0.0 0.0 0.0 0.0 
108 1 0.0 0.0 0.0 0.0 0.0 0.0 0.0 
