# Cluster list (94 data points):
# "Cluster Identifier" "Cluster Size" "Radius of Gyration" "Gyration Tensor.XX" "Gyration Tensor.YY" "Gyration Tensor.ZZ" "Gyration Tensor.XY" "Gyration Tensor.XZ" "Gyration Tensor.YZ"
1 44 3.4392914626 3.7228347187 3.7236577217 4.3822333246 0.1550752876 -0.8250690882 1.0001314777 
2 41 3.2983294387 4.5942278783 2.7886015639 3.496147644 0.8536128468 -0.6417500778 -0.2882154154 
3 35 3.0306744019 2.9126346356 2.6553879664 3.6169647285 -0.2074034159 -0.3726279972 -0.2730315143 
4 32 3.0272606729 2.7010333585 3.1248514886 3.3384223344 0.1240961474 0.246657623 -0.508251223 
5 30 2.9249558311 2.850040129 2.2652311693 3.4400953157 0.3193371929 -0.1971914714 -0.5540430835 
6 29 4.4298321538 6.8815666831 9.9616348836 2.7802113445 6.7319009403 1.6846128264 1.6494729105 
7 28 3.8496039198 1.959298064 3.2657267008 9.5944255747 -0.9225036745 1.5012454288 -3.626983998 
8 28 2.8494540833 2.5583431903 2.5213353805 3.0397100022 -0.1297261411 -0.0775726061 -0.7193341998 
9 26 2.8921913668 2.8784629939 2.4980740359 2.9882338722 0.9560543055 0.8488981502 0.7855379749 
10 25 2.9167582586 2.3425165377 3.6456040721 2.5193581292 0.7653063311 -0.4380398967 -0.6976355454 
11 24 2.6748552127 2.4230635905 2.0017897341 2.7299970845 0.5041048276 0.0254644391 -0.0497751064 
12 24 2.6535366284 2.2214715505 2.6194259437 2.2003591442 0.1684007232 -0.2572615953 0.2454187747 
13 23 2.6549026109 2.8600403486 2.2011293154 1.9873382096 -0.3406691717 -0.119815784 0.3611159848 
14 23 2.7071673927 2.8039954508 2.2918491492 2.2329106921 0.4280835226 -0.4014713898 0.2342743307 
15 22 2.6248328661 2.2753137229 2.4081831409 2.2062507112 -0.4531518602 -0.4857577395 -0.4161208815 
16 22 2.609293847 2.4890112415 2.2500683177 2.0693348208 -0.1541011505 -0.0371880915 -0.1026858761 
17 22 2.6344352026 1.8088761221 2.550884229 2.5804884853 0.2682397986 0.2547063261 -0.2810366218 
18 21 2.5743805686 2.5111144552 2.1775440649 1.9387767918 -0.1933764932 -0.6015887843 -0.2605733914 
19 21 2.5738229086 2.3579916048 2.3237010022 1.9428717581 -0.0879221556 0.094583579 0.5519532266 
20 20 2.5720577189 2.5066621372 1.8404355799 2.2683831922 0.0393537474 -0.2708120287 0.0201240356 
21 19 2.4903649125 1.5267162661 1.5173526346 3.1578484968 0.0344515286 -0.0723069024 -0.0512800841 
22 18 2.5511067207 2.415510165 1.9651679896 2.127467346 0.6035300193 0.2429136788 0.4326521032 
23 18 2.4299611831 2.1430942744 1.9062858585 1.8553312182 -0.0660029049 -0.1586482482 0.1185958244 
24 18 2.4646038902 1.8531670192 1.8002396368 2.4208656798 0.2869437827 -0.008752261 0.3899763987 
25 17 2.5097167415 2.0639999595 2.315178255 1.9194999078 0.2736899838 -0.0562559056 -0.3987154804 
26 16 2.5056236147 2.4599150451 2.3931416569 1.4250929964 -0.7549501763 0.073753592 0.0957448705 
27 14 2.2152227192 2.1676397671 1.3907421456 1.3488297828 0.0610854096 -0.1797417813 -0.0178004106 
28 14 2.2137242842 1.3371628283 1.4794871079 2.0839252701 -0.0040851066 -0.0770325784 -0.122522076 
29 13 2.107260957 1.4824044231 1.4611810704 1.4969632473 -0.0765743838 -0.0064080956 0.0124010423 
30 13 2.0892474327 1.3432749674 1.4635127998 1.558167068 -0.0675652482 -0.0190231064 0.0138930774 
31 13 2.0703492406 1.4083509102 1.4003431598 1.4776519082 0.0651684561 0.0037025181 -0.1053567016 
32 12 2.1920841318 1.7742170532 1.2666372603 1.7643785276 -0.1740216195 -0.0930951492 0.0321502154 
33 12 2.0814679515 1.2666420209 1.4370237721 1.6288430401 -0.0424399822 0.0231467892 0.0808294962 
34 11 2.0541191675 1.038396732 1.7822282209 1.3987806015 0.032794174 0.2426708782 0.0545036264 
35 11 2.0735698143 1.6215066427 1.4069929501 1.2711921818 0.0371702288 -0.0665610597 0.1141726773 
36 11 2.3439184949 1.3904446327 1.8546380037 2.2488712741 -0.5887134618 0.3235477905 -0.4434971374 
37 11 2.0445003822 1.5494643941 1.2788367998 1.3516806187 -0.0515885329 0.3133783299 0.1871585405 
38 11 2.1203181024 1.669371004 1.5557479307 1.2706299205 0.3063592141 0.5405030453 0.1289256349 
39 10 2.0005093295 1.6313521604 0.7419328949 1.6287525221 -0.2584542989 -0.0357109524 -0.1379727674 
40 10 2.0185577138 1.2192284846 1.1548894201 1.7004573392 -0.0171268488 -0.0182371931 0.0744515287 
41 10 1.9881241555 1.0274165066 1.5462853486 1.3789358026 -0.2273958316 -0.3286257073 -0.1608240752 
42 9 1.9725766338 1.4196229537 1.3050935294 1.1663420932 0.3686144435 0.2638263562 -0.1563794524 
43 9 2.1520028106 1.4522546086 0.8863927253 2.292468763 0.112139432 -0.9513678399 -0.1537666099 
44 8 1.8751267488 0.796056188 1.5046496776 1.2153944585 0.2691257643 0.1186911052 -0.1784673856 
45 8 1.853849307 0.7528263855 1.0740104898 1.6099203778 0.1435140696 0.069240469 0.1291938749 
46 8 1.8352038534 1.593022885 0.7223567506 1.0525935479 0.0803653492 0.2770284596 0.0024355741 
47 7 1.7713306797 0.8239932878 1.306917446 1.0067016431 0.0868977078 -0.3357852715 0.2221752253 
48 7 1.7752458456 1.2611502092 1.2101478703 0.6801997328 -0.0782923481 -0.2268836255 -0.404343327 
49 6 1.6333893553 0.9509857004 0.9588294908 0.7581455947 -0.0162964887 -0.0191115302 0.1091257387 
50 5 1.5597969503 0.8118150631 0.5401196915 1.0810317715 -0.0814789637 0.382945779 -0.1868906535 
51 5 1.5662559844 0.866775682 0.5583725844 1.0280095424 0.0805899998 -0.2395501872 -0.27358805 
52 5 1.7745770971 0.671932583 1.769376784 0.7078145065 -0.1144542049 -0.170702849 0.2467127861 
53 5 1.5700379849 0.5159527657 0.6096624342 1.3394040742 0.0289843573 0.1463841039 0.244159714 
54 5 1.5444275672 0.6316413468 1.213953012 0.5396621516 0.12941557 0.0392521754 -0.0824027414 
55 4 1.4544086493 0.7165541923 0.7575986472 0.6411516797 -0.0264297807 -0.1820252045 0.0431884651 
56 4 1.3677959278 0.6378686467 0.6198580369 0.6131390166 -0.0196369431 0.0546263996 0.0213553157 
57 4 1.5298899165 1.0780455655 0.4803569208 0.7821606704 0.0716889083 0.170230657 0.1327851508 
58 4 1.3592299383 0.6785065594 0.5613552952 0.6076441705 -0.0938170496 -0.0766739118 -0.0065573194 
59 4 1.3940359205 0.5806238902 0.6880999643 0.6746122932 0.0145390207 0.014542277 0.0190451259 
60 4 1.4400832153 0.6254422471 0.7534360361 0.6949613839 0.0245529696 0.005071474 0.1229084586 
61 3 1.3559443512 0.9238511003 0.3811176078 0.5336163755 0.1640197063 -0.154504726 0.3953415793 
62 3 1.3104772583 0.9131460982 0.0208044826 0.7834000637 0.1276971697 0.0780921696 -0.0369221498 
63 3 1.3457542363 1.0008490153 0.1541792592 0.6560261901 0.015661359 0.0433280292 0.3180045217 
64 3 1.3725421489 0.2506087541 0.774424199 0.8588389973 0.1257596357 -0.4363451163 0.0465379321 
65 3 1.4617817989 0.1494216249 0.5744105586 1.4129738442 -0.2502669022 -0.0212287793 -0.4322881393 
66 3 1.3203898432 0.6015653159 0.5747047092 0.567159313 0.2111111082 -0.3457631368 0.3081237687 
67 3 1.3398851495 0.3862794626 0.9344825911 0.4745301602 0.148359346 -0.3366922415 0.2692834083 
68 3 1.325328047 0.7236699871 0.5272051574 0.5056192876 0.1912334724 -0.3308652198 0.3235495014 
69 3 1.3129416735 0.2041351659 0.6775629437 0.8421177283 0.3718957143 0.0428932464 0.0838579066 
70 3 1.3396386559 0.8879857312 0.904199595 0.0024464022 0.0022871501 -0.040882401 -0.0226916678 
71 3 1.3382078423 0.7223960967 0.1862286857 0.8821754468 -0.3608568671 -0.0428134758 0.093857469 
72 3 1.2939827592 0.7802520391 0.1715990402 0.7225403017 -0.0746597134 -0.0472658363 -0.3395042684 
73 2 1.1981389484 1.1735587656 0.0053627331 0.256615441 -0.0793314716 0.5487743618 -0.037096632 
74 2 1.1179244786 0.1716891109 0.5299002349 0.548165794 0.3016257619 0.3067802109 0.538955641 
75 2 1.1913830779 0.3908389355 0.6442967384 0.3842579645 -0.5018129645 0.3875344808 -0.4975702495 
76 2 1.158050351 0.4577839832 0.3638760773 0.5194205549 0.4081380159 0.4876293783 0.4347467239 
77 2 1.0729060889 0.2079197742 0.6699551984 0.273252503 0.3732250442 0.2383581313 0.4278632198 
78 2 1.161269169 0.1593337715 0.0272155469 1.1619967645 -0.0658510116 -0.4302851693 0.1778324419 
79 2 1.1690374965 0.062998929 0.6999000681 0.6037496713 0.2099832247 0.1950271331 0.6500495643 
80 2 1.1838851999 0.7506601205 0.0706493861 0.5802746598 0.2302904182 0.6599917015 0.2024748095 
81 2 1.1582555274 1.0418036229 0.2647521035 0.0350001403 -0.5251853964 0.1909535885 -0.0962619383 
82 1 0.0 0.0 0.0 0.0 0.0 0.0 0.0 
83 1 0.0 0.0 0.0 0.0 0.0 0.0 0.0 
84 1 0.0 0.0 0.0 0.0 0.0 0.0 0.0 
85 1 0.0 0.0 0.0 0.0 0.0 0.0 0.0 
86 1 0.0 0.0 0.0 0.0 0.0 0.0 0.0 
87 1 0.0 0.0 0.0 0.0 0.0 0.0 0.0 
88 1 0.0 0.0 0.0 0.0 0.0 0.0 0.0 
89 1 0.0 0.0 0.0 0.0 0.0 0.0 0.0 
90 1 0.0 0.0 0.0 0.0 0.0 0.0 0.0 
91 1 0.0 0.0 0.0 0.0 0.0 0.0 0.0 
92 1 0.0 0.0 0.0 0.0 0.0 0.0 0.0 
93 1 0.0 0.0 0.0 0.0 0.0 0.0 0.0 
94 1 0.0 0.0 0.0 0.0 0.0 0.0 0.0 
