# Cluster list (46 data points):
# "Cluster Identifier" "Cluster Size" "Radius of Gyration" "Gyration Tensor.XX" "Gyration Tensor.YY" "Gyration Tensor.ZZ" "Gyration Tensor.XY" "Gyration Tensor.XZ" "Gyration Tensor.YZ"
1 73 4.6857579128 6.3471138787 3.8454492503 11.7637640884 -1.1615856596 5.8524783097 -0.9043300014 
2 54 3.5120776891 4.1089888519 3.2247384149 5.0009624277 -0.2690798644 0.4538051699 0.1128108468 
3 48 3.36980918 3.5862866569 3.1704323023 4.5988949503 0.0940765486 -0.3621034148 0.3227325479 
4 45 3.321894838 3.9043331685 2.9153846876 4.2152674588 -0.5476335296 -0.7637076462 0.280488896 
5 37 3.2380605331 2.9995420774 3.1937451349 4.2917488038 -0.8404597973 -1.1156157055 0.8864574517 
6 36 3.0308876579 3.1918750113 2.9589477066 3.0354572768 -0.1947500037 -0.0282692398 -0.1838825735 
7 36 3.0833242697 3.9323967898 2.7512599156 2.8232318467 -0.1608976133 0.3187103336 -0.4956137143 
8 35 3.007497608 2.8774274073 2.4789540165 3.6886604385 -0.3425330491 -0.0445463514 -0.021035397 
9 34 2.9841119348 2.9013459406 2.6951584226 3.308419676 -0.0972211543 -0.2130488892 -0.5500454661 
10 32 2.9649297021 3.5951402072 2.6302523346 2.5654155966 0.1799630502 0.5934467387 0.4342086731 
11 31 2.9097792442 2.4254179094 3.457555391 2.5838419495 0.1158557843 0.2036157132 0.5377073889 
12 30 2.8550339083 3.0213879761 2.6457150776 2.4841155639 -0.0260165558 -0.2218156761 0.0436747337 
13 29 2.8101692012 2.7709266946 2.66025935 2.465864895 -0.174651479 -0.0435694591 -0.0530076027 
14 29 2.8549877064 2.3183590679 2.9672624585 2.8653332771 0.186298527 0.3173179121 0.7016327009 
15 27 2.7300763757 2.4603632909 2.3634103944 2.6295433319 -0.1282532987 0.1727458706 -0.1086553973 
16 26 2.7474965429 3.0311312442 2.0099703978 2.5076356111 0.5790388479 0.4305115776 0.1367509847 
17 25 2.6918604677 2.0618042253 2.447421044 2.7368875083 0.1353085454 0.0260688069 -0.1299822925 
18 23 2.6526016557 2.5367010783 2.5940570628 1.9055374029 0.7149874019 -0.4914656778 0.2780346994 
19 22 2.5760297098 1.9156902738 2.2449304996 2.4753082923 0.0652545775 -0.4548504806 -0.1488514945 
20 22 2.6081076847 3.0040623824 1.865845981 1.9323173314 -0.6113423648 0.234860113 -0.4544007661 
21 21 2.550409426 1.5549481389 2.4080912745 2.5415488266 0.2543879967 -0.1848323976 0.4631140348 
22 21 2.5738045025 2.412489711 1.8183483017 2.3936316044 -0.3552183767 -0.0717798086 -0.0275191968 
23 21 2.5428028082 1.9849963639 2.5591225178 1.9217272398 -0.3021316887 -0.5406400122 0.2101348977 
24 20 2.4891442744 2.3707270618 1.4333681932 2.3917439637 -0.1561308885 0.5324540596 -0.0283172012 
25 18 2.4633705592 1.9733948467 1.5098639738 2.5849356912 0.1356995657 0.621814669 -0.2126873507 
26 18 2.40758471 1.7604984051 1.8811483594 2.1548173716 0.3293294761 0.2766148804 -0.2143494735 
27 17 2.329377001 2.0621555083 1.692885794 1.6709559105 0.1763054386 -0.0924942912 0.0220026988 
28 16 2.2990183405 1.2389956358 2.3274500056 1.7190396885 0.1061514123 0.0172424184 0.2723751099 
29 16 2.3075395654 1.4597647839 1.6073018951 2.2576721668 -0.2729470533 -0.3003508723 0.2680840911 
30 15 2.2580501838 1.2332222491 2.0801429002 1.7854254832 -0.0556751321 0.0198200449 -0.1034696744 
31 14 2.1820025269 1.3707913944 1.4829598871 1.9073837457 -0.061675783 -0.1281722665 0.2535366761 
32 13 2.0644916968 1.3911394002 1.4392930806 1.4316934854 0.0520113852 -0.0228933104 -0.035289351 
33 12 2.1947650347 1.8754064142 1.3902273821 1.5513597613 -0.2219646621 0.4927564834 -0.68303028 
34 12 2.0716697147 1.472084245 1.308484563 1.5112465988 0.2093827072 -0.0900391322 0.0306447536 
35 11 2.0333703631 1.3497278107 1.448133441 1.3367337818 0.096468405 -0.3466196586 -0.0952007432 
36 9 1.8852198334 1.3342553737 1.0450934034 1.1747050432 0.0907050504 -0.0439399005 0.2663182127 
37 8 1.8143326874 1.1917978868 1.2505556088 0.8494496052 -0.4071195852 0.0804844929 -0.0427515655 
38 7 1.7358023119 1.0126259711 0.6655274231 1.3348562717 -0.4346909793 0.0111285511 -0.0241400516 
39 7 1.7189261993 0.7821809476 1.0097699758 1.1627563552 0.4011812694 0.2086560153 -0.2128701073 
40 6 1.5809129451 0.8282520064 0.8464303579 0.8246033756 0.0166500354 -0.0238967194 0.0117150692 
41 6 1.6058120153 0.8815248815 0.8720803249 0.825027022 0.0181331972 -0.0323829696 -0.0225432256 
42 5 1.546755836 0.6571482583 1.0732509241 0.6620544336 0.1176178301 0.0715034238 0.3309553225 
43 5 1.5489393841 0.9481176086 0.7932584165 0.6578371905 0.2808619737 -0.2133802477 -0.189904134 
44 4 1.4247671314 0.680063668 0.6067682623 0.7431294484 -0.0314681733 -0.051185906 -0.04851401 
45 3 1.3299460401 0.8911260647 0.0946572041 0.7829732008 0.0822489371 -0.0340617796 -0.264020888 
46 1 0.0 0.0 0.0 0.0 0.0 0.0 0.0 
