# Cluster list (47 data points):
# "Cluster Identifier" "Cluster Size" "Radius of Gyration" "Gyration Tensor.XX" "Gyration Tensor.YY" "Gyration Tensor.ZZ" "Gyration Tensor.XY" "Gyration Tensor.XZ" "Gyration Tensor.YZ"
1 54 3.5092449111 4.2483930769 3.1307234166 4.9356833524 -0.2323848321 0.4705661905 0.084500051 
2 48 3.3728677597 3.6270292851 3.1366448612 4.6125627782 0.1414959287 -0.3924568728 0.22242125 
3 45 3.3267328744 3.9815033266 2.8265516697 4.2590966211 -0.5412931655 -0.839327057 0.2178413241 
4 42 4.028438382 3.7683559305 7.1766132979 5.2833465691 1.8472367894 1.9480766519 3.3235951917 
5 37 3.2431779235 2.8940631663 3.2284170681 4.3957228093 -0.7303056821 -1.0794360901 0.9789213746 
6 36 3.0243695917 3.0671375744 3.0019309867 3.0777428658 -0.1549922088 -0.1089487508 -0.2102917218 
7 36 3.0805712559 3.8767975444 2.6846623909 2.9284593271 -0.170349985 0.3125246026 -0.544982575 
8 35 3.0086671958 2.7826695582 2.534812205 3.7345965319 -0.3493037788 0.0285230983 0.0773173933 
9 34 2.9860135096 2.9141877561 2.7021460491 3.2999428745 -0.116603911 -0.2282022749 -0.4840214712 
10 32 2.9599671729 3.602914962 2.3683114665 2.7901792364 0.2676929742 0.4908469118 0.4322899133 
11 31 2.8968540217 2.5474726931 3.5517620558 2.292528474 0.2195091246 0.1004992095 0.243867095 
12 31 3.0129877767 2.9180126846 3.5328614291 2.6272212288 -1.0845163184 0.9525454137 -0.5424989519 
13 30 2.8605116229 2.9561811552 2.6700270048 2.5563185849 0.0615354737 -0.2941146015 0.0188943697 
14 29 2.8374858204 2.3097840783 2.9787534824 2.7627882204 0.092245801 0.2067164112 0.7325405805 
15 29 2.8111291722 2.7226147214 2.7242365871 2.4555959142 -0.1896551605 -0.0164248174 -0.0287787203 
16 27 2.7465322943 2.3569618421 2.5545514222 2.6319263796 -0.0109812224 0.0143697263 -0.2470599039 
17 26 2.7461326714 3.0147858383 1.9654862745 2.5609725361 0.547336433 0.4419911511 0.1626104604 
18 25 2.6736337969 2.1431984954 2.2438992673 2.7612199173 0.2229218176 -0.077839494 -0.0065905185 
19 23 2.6452551238 1.9357795631 2.669991289 2.3916038179 0.7051787634 -0.5247169085 -0.0427121945 
20 22 2.6247912784 2.8594598585 2.0382134598 1.9918559366 -0.9366107627 0.1272991646 -0.3752074841 
21 22 2.5834203146 2.0817000704 2.2109246631 2.3814357883 -0.0315375328 -0.6037559057 0.0511838884 
22 21 2.5426798247 1.7306493785 2.3563582974 2.378213015 0.2782290899 -0.2310231228 0.5062252013 
23 21 2.582926538 2.6270474399 1.7917174624 2.2527445983 -0.2273324961 -0.0992619337 -0.1460656299 
24 21 2.5607844321 1.706717046 2.360550875 2.4903489867 -0.2758627378 -0.5226505939 0.2394439809 
25 20 2.5041325002 2.2433344723 1.587657425 2.4396876811 0.0050743438 0.5296699655 0.318408554 
26 18 2.4171114808 1.7008192114 1.9925858005 2.1490228985 0.3200303668 0.2436623967 -0.237079208 
27 18 2.4850249671 1.6927266931 2.0916304246 2.3909919695 0.0010069897 0.3495231791 -0.7677002819 
28 17 2.3440941552 2.124351623 1.7215916558 1.6488341297 0.1214435572 -0.0774494219 0.0503184178 
29 16 2.3193220745 1.3142496431 2.4553862857 1.6096189563 0.2501392662 -0.0471846259 0.0484735876 
30 16 2.321341969 1.4952627624 1.7635958047 2.1297699698 -0.2968487077 -0.3641681844 0.2524215387 
31 15 2.2521963561 1.3637443506 1.9735666452 1.7350774306 -0.2012416207 -0.0662366882 -0.2065843676 
32 14 2.1733006977 1.3785136998 1.5240961139 1.8206261091 -0.0819680484 -0.1288028549 0.3381248746 
33 13 2.0608475191 1.4818323733 1.3838065873 1.3814535362 -0.0080600052 0.0291721626 -0.0067083355 
34 12 2.1761239988 2.0075445437 1.4205940056 1.3073771089 -0.0222644048 0.663659916 -0.3785207393 
35 12 2.0736155442 1.6090834022 1.4288194925 1.2619785302 0.0125530044 3.2092955421e-04 0.2774937864 
36 11 2.0372072346 1.1340770787 1.4006754229 1.6154608151 -0.189014718 -0.2765884324 -0.0964882766 
37 9 1.895708464 1.178379605 1.0292744729 1.3860565028 -0.2557504469 0.113265117 0.0323753557 
38 8 1.8409606935 1.217213669 0.9046446463 1.2672779599 -0.0637555277 0.3979276217 -0.09658559 
39 7 1.7518878707 1.4107581736 0.6900863113 0.9682666265 -0.0324306546 -0.0725017932 -0.4493355571 
40 7 1.725287425 1.1474688945 1.1102106223 0.7189371822 0.1534053706 0.256412083 -0.3293888186 
41 6 1.5894144161 0.8882529416 0.8713394425 0.7666458019 -0.0303843076 -0.0019107233 0.0504261237 
42 6 1.6046983675 0.8058740744 0.8677430007 0.9014397756 0.0122492041 -0.007767271 -0.028674256 
43 5 1.5396362344 0.6453774979 1.0737676384 0.6513345981 0.2198175144 0.1399711721 0.26337215 
44 5 1.5894097012 1.3253116887 0.6792193442 0.5216921654 0.1663345108 0.0903118962 0.0100506293 
45 4 1.4309259657 0.6702571398 0.782702844 0.5945891356 -0.06416554 0.0116482152 -0.0128973731 
46 3 1.3446111782 0.0558876459 0.808295104 0.9437964707 0.2051786441 0.0702006919 0.0407380296 
47 1 0.0 0.0 0.0 0.0 0.0 0.0 0.0 
