# Cluster list (63 data points):
# "Cluster Identifier" "Cluster Size" "Radius of Gyration" "Gyration Tensor.XX" "Gyration Tensor.YY" "Gyration Tensor.ZZ" "Gyration Tensor.XY" "Gyration Tensor.XZ" "Gyration Tensor.YZ"
1 53 4.3094556868 4.5432928344 4.0334827173 9.9946327645 -0.765295008 2.6631792104 -3.2664960385 
2 44 3.2546439339 3.6640321421 3.4628713556 3.4658036385 -0.1799926737 -0.327446096 0.577605005 
3 37 3.1912813107 2.3219579658 5.0592268024 2.803091636 0.3701214883 0.1851512011 0.405269059 
4 35 3.0101057746 2.7936855762 2.4963544246 3.7706967737 -0.3537435931 -0.0507027531 -0.1346589832 
5 33 2.9801155046 2.813364483 2.790430478 3.2772934598 0.4032358813 -0.7346303796 -0.239997191 
6 32 2.9294212257 2.4483931944 3.1540070574 2.9791084657 -0.1105502397 0.2892532794 -0.4532328086 
7 32 2.9601780356 3.7475198292 2.267510192 2.7476239812 0.1511247014 0.4296251298 0.3408679691 
8 30 2.8683591969 2.7330643922 2.8727852441 2.6216348461 -0.0957745162 -0.0671770518 -0.3069222378 
9 29 2.8926658188 2.4315910445 1.9948654774 3.9410590172 0.4067625816 -0.6676432995 0.0942843905 
10 29 2.8867903978 2.8669878161 3.0351409556 2.4314300289 -0.3059165214 0.311982801 -0.7279570126 
11 29 2.8510709261 2.6810415308 3.3472839127 2.100279982 0.5534612218 0.0651307763 0.2622998169 
12 27 2.7315220314 2.5373685849 2.3074469164 2.6163971065 0.0978822433 -0.2358223621 -0.1119488955 
13 26 2.8459579668 2.3375348041 3.1957903782 2.5661515667 -0.1172731558 -0.084725968 -0.3903108538 
14 26 2.7329159946 2.5490724345 2.6473759092 2.2723814899 0.4560378268 0.1663645306 0.652213615 
15 25 2.7033278202 2.5413975345 2.4314906033 2.3350931655 -0.0704879237 0.0274295441 -0.3719723695 
16 25 3.1066060786 3.1666403256 3.6672153192 2.817145683 -0.7793594715 0.4856488119 -1.8282487746 
17 23 2.6593993607 1.663814317 3.0907733908 2.317817252 0.2184594719 -0.5073651917 -0.2266005443 
18 23 2.6557425635 2.9738837265 2.3842736826 1.6948111545 -0.1371953004 0.2950637465 0.1697848632 
19 22 2.612122663 2.0997017562 2.3475236142 2.3759594362 -0.2115663252 -0.158367294 0.1520254519 
20 22 2.5737473538 1.9550601985 2.4382802826 2.2308349603 0.0717016191 0.4505258485 0.3004908623 
21 21 2.5484817023 2.7715010961 2.2744859373 1.4487719532 -0.2705291045 0.1915029547 -0.1120109252 
22 21 2.5433214978 1.9206733569 1.7518340862 2.7959767982 0.347486545 0.005650184 0.3236227278 
23 21 2.5716525138 2.3164354509 1.906103039 2.3908581617 -0.3789627389 0.0781422112 0.0222240904 
24 20 2.4964106975 2.4444859923 1.6226671233 2.1649132552 0.317769572 0.3532483527 0.3639377601 
25 18 2.4544846355 1.9654465554 1.3754205409 2.6836277293 0.0703441418 0.499645176 -0.2002586081 
26 18 2.434288376 1.5181370976 2.3438005976 2.0638222023 -0.182721512 0.3586291166 -0.0168759029 
27 17 2.3349166098 1.8271842375 1.8712903747 1.7533609623 0.0833717597 -0.1660475393 -0.1717647783 
28 16 2.2969080339 1.7494067202 2.1763593782 1.3500204177 -0.4026345841 -0.0569484283 -0.11671865 
29 16 2.3070950963 2.1340445954 1.6447382844 1.5439049036 0.1257175053 -0.4977410283 -0.1480811416 
30 15 2.2638380393 1.84610225 1.3417109128 1.9371495052 -0.1672876811 -0.2569303359 -0.0604798018 
31 14 2.1895944554 1.3527276665 1.4313548773 2.0102413354 0.0474176749 -0.067899113 -0.2740126311 
32 13 2.2973056904 1.6218559359 1.9801254781 1.6756320212 0.6026650194 -0.1213747273 0.5253881049 
33 13 2.0813709321 1.403420059 1.4611530735 1.4675318244 0.0074820965 -0.0109734657 -0.0334381995 
34 12 2.0555877145 1.429860493 1.3120841198 1.4834962393 -0.0997259696 -0.0889123982 -0.1143553877 
35 12 2.0718316304 1.4914338382 1.6275254194 1.1735270471 -0.0024700808 0.1812612649 -0.0078143152 
36 11 2.0226099808 1.2162466477 1.4601816616 1.4145228249 -0.3852586892 0.0292783679 0.0899992194 
37 11 2.0320245538 1.5204219392 1.7026428961 0.9060589518 0.0786941541 0.0762111921 0.1020384086 
38 11 2.0432885687 1.3698021519 1.1692584074 1.6359676157 0.1779742533 0.1439562058 -0.2580664064 
39 9 1.9429333477 0.6148716988 1.7156023571 1.4445159376 -0.1625020342 -0.0762218908 -0.1413755233 
40 9 1.8942851104 1.1749606537 1.1541675269 1.259187899 0.2155132887 -0.1922065124 0.1805661501 
41 8 1.8499430573 1.1814591244 1.2381185345 1.0027116563 -0.3571579753 -0.2209021139 0.2549162254 
42 8 1.8238261637 1.4250554134 0.9849112106 0.9163752514 0.293231579 -0.2257219736 -0.113335236 
43 7 1.7452322774 0.4571801164 1.3468087634 1.2418468224 -0.0079609965 0.1218893199 0.0109915201 
44 7 1.7122827607 0.6294031215 1.2352624389 1.0672466921 -0.1613426731 -0.3108165824 -0.0892639405 
45 7 1.7154730058 1.0828978439 0.9061885343 0.9537612555 0.271841125 -0.1949872522 0.2545955777 
46 6 1.591797722 0.8160639788 0.9131885272 0.8045674818 0.0017062251 -0.0310899812 -0.0031965344 
47 6 1.5949321713 0.8367838215 0.912692712 0.7943320975 0.0527264533 0.0100270667 -0.0281127033 
48 5 1.5532165951 0.6200999729 1.050221239 0.7421605793 -0.2337966071 -0.0925056242 0.346559299 
49 5 1.5640321617 1.0207550537 0.6613437679 0.7640977814 0.1617118708 -0.2733515005 0.0487974392 
50 5 1.5872609877 0.5322352212 0.6675331135 1.3196291084 -0.1800650388 -0.2493287685 0.2143215735 
51 5 1.564798839 0.4894353097 1.3794270191 0.5797330777 0.0534881562 -0.023951529 -0.1687234762 
52 5 1.5379958719 0.6126570003 0.7401644223 1.0126098793 0.1458513469 0.1331623161 0.3665290897 
53 4 1.422278092 0.6379541039 0.6682292759 0.7166915913 0.0325650847 0.0192317211 -0.091885872 
54 4 1.3969890839 0.5807710032 0.6935397947 0.6772677026 0.0082312527 -0.0665347246 -0.0126304264 
55 3 1.3603765012 0.1580187031 1.0043332655 0.6882722563 -0.1412188442 -0.2996193403 -0.0570722086 
56 3 1.3427976142 0.9460105338 0.0945053614 0.7625895376 0.0502262668 -0.0699186291 -0.2674557093 
57 3 1.3210984707 0.7834530447 0.7432238092 0.2186243154 0.1540870658 -0.3312727227 0.1714890421 
58 3 1.2940316239 0.0652841877 0.8623978259 0.7468358301 0.1651626364 -0.1430507025 0.0770279262 
59 2 1.1325809367 0.2338322007 0.1399110105 0.908996367 -0.1808748172 -0.4610342948 0.3566210877 
60 1 0.0 0.0 0.0 0.0 0.0 0.0 0.0 
61 1 0.0 0.0 0.0 0.0 0.0 0.0 0.0 
62 1 0.0 0.0 0.0 0.0 0.0 0.0 0.0 
63 1 0.0 0.0 0.0 0.0 0.0 0.0 0.0 
