# Cluster list (48 data points):
# "Cluster Identifier" "Cluster Size" "Radius of Gyration" "Gyration Tensor.XX" "Gyration Tensor.YY" "Gyration Tensor.ZZ" "Gyration Tensor.XY" "Gyration Tensor.XZ" "Gyration Tensor.YZ"
1 54 3.5105269667 4.2129421595 3.1466477398 4.9642096849 -0.3104597269 0.3396739965 -0.1753435919 
2 48 3.3648092718 3.9245336456 3.2457984184 4.1516093719 -0.0540234515 -0.525290912 0.5075103917 
3 45 3.3301803678 4.2444017502 2.861314308 3.984385224 -0.5182153841 -0.7333535752 0.5220087541 
4 37 3.1125193591 2.6561234664 4.2573019003 2.7743513943 -0.4366961959 0.0670810921 0.2983704628 
5 37 3.2430735964 2.5720968914 3.94290131 4.0025281501 -0.6936955048 -0.8030186085 1.3522217993 
6 36 3.0385475871 3.023156154 3.0889675361 3.1206477489 -0.2186456355 -0.1117020261 -0.1468519941 
7 36 3.0837611399 3.846167691 2.4891049655 3.1743101112 0.024678352 0.4409924828 -0.3956692797 
8 35 3.0176407869 2.8004861213 2.5791631442 3.7265066535 -0.4055377365 -0.1161717823 0.1293152749 
9 34 2.9958886747 2.8050008802 2.6774504795 3.4928975915 -0.1015060663 -0.4030195506 -0.4362117218 
10 32 2.9692101778 3.5135191291 2.3759184959 2.9267714552 0.4265468692 0.4739100245 0.4819037426 
11 31 3.0381250281 3.7525343078 3.1602627643 2.3174066145 -1.3777147326 0.7632011574 -0.1966753452 
12 31 2.8982175985 2.564239575 3.5161340447 2.3192916287 0.4551401951 0.0059415757 0.2256156324 
13 30 2.8524399549 2.9459707219 2.6670394186 2.5234035558 0.1639328121 -0.267781848 -0.0863066473 
14 29 2.8169924235 2.5971281646 2.8131120661 2.5252060836 -0.1577731197 -0.1007568248 0.1210582591 
15 29 2.8472603757 2.4442620552 3.1942192638 2.4684103282 0.2378768525 0.1654244579 0.6345060399 
16 27 2.7435361245 2.3523709206 2.4000668353 2.7745527105 0.0128444577 -0.0761624279 -0.2093193029 
17 26 2.7540904889 3.0641779361 1.8595218049 2.6613146798 0.1891540906 0.5125843258 0.1836429263 
18 25 2.6826127076 2.4185400613 2.1010610183 2.6768098594 0.1458464565 -0.181241427 0.1894102806 
19 23 2.6547166336 2.0702685424 2.9164074164 2.0608444457 0.570301687 -0.5513616911 0.0927188161 
20 22 2.6164157495 2.698374082 1.9822494022 2.1650078901 -0.9294980683 0.2910612117 -0.2710377195 
21 22 2.564716487 1.8704446767 2.2453940722 2.4619319097 0.0844807777 -0.4549929969 0.0349283781 
22 21 2.5568347047 1.8981236672 2.4159535105 2.2233265293 0.239059741 -0.2405216339 0.6307765336 
23 21 2.5638637195 2.5171287343 1.7252376441 2.331030794 -0.1196919746 0.0545603822 -0.1827356857 
24 21 2.5355382844 1.7939866787 2.4949121885 2.1400555246 -0.3558083188 -0.4527845918 0.1902551596 
25 20 2.4828872225 1.8645015018 1.4688795316 2.8313479263 -0.1006341603 0.1091100273 0.0173291155 
26 18 2.4570707757 1.7751095538 2.0507855971 2.2113016457 0.1913157087 -0.0411754825 -0.7129761537 
27 18 2.4168879638 2.0669465011 2.2230297204 1.5513712083 -2.1950927278e-04 0.4506476034 -0.0333686934 
28 17 2.3449716815 1.8696763576 2.1393898052 1.4898260244 0.1324296291 -0.0087835066 -0.0361977204 
29 16 2.2920571128 1.2438563003 2.3216672093 1.6880022987 -0.083797675 0.0466177101 -0.2968346655 
30 16 2.3126847808 1.95102493 1.8996259139 1.4978600515 -0.5023918253 -0.3130792335 0.0821931409 
31 15 2.2731820581 1.5825286409 1.7917595396 1.7930684888 -0.122847716 -0.2377667851 -0.3440545673 
32 14 2.1580428929 1.3543668664 1.396200437 1.9065818242 0.044905655 0.130830138 0.0730268657 
33 13 2.0658943538 1.4044100065 1.4429717905 1.420537684 0.0179339602 -6.2976872654e-04 0.0036913097 
34 12 2.1668455996 1.481994141 1.5152911961 1.6979345154 -0.0997974168 0.7592659611 -0.3642950733 
35 12 2.0547992136 1.5510929601 1.396442907 1.2746639414 -0.0900074978 0.0012829672 0.1946097146 
36 11 2.0418129541 1.6209271341 1.2860868193 1.2619861862 -0.0361424904 -0.1725088641 -0.2555743812 
37 9 1.8791692677 0.9356213235 1.3684169844 1.2272388289 -0.010551835 -0.2341522895 0.0172028664 
38 8 1.8215846519 0.9288083657 1.3820852283 1.0072770501 0.1557772389 0.0767621466 0.319307888 
39 7 1.7531451912 0.9356315696 0.8046999655 1.3331865264 -0.4555460044 -0.0102432612 0.0822038152 
40 7 1.7276825328 0.593723746 1.1724591263 1.2187040619 0.2370297366 0.220863443 -0.1170459022 
41 6 1.5840902736 0.8610825971 0.8558886066 0.7923707913 0.0068893677 0.0575400702 -0.0480811937 
42 6 1.5750203687 0.8258238291 0.8319078149 0.8229575179 -0.0271551781 -0.0090984122 -0.02046199 
43 5 1.5320383771 0.5951744555 1.2167885927 0.5351785407 0.2084962999 -0.0053991919 0.0072631091 
44 5 1.5615671115 0.5712185745 0.6014578319 1.2658154374 -0.05212667 -0.0267675734 -0.2570577009 
45 5 1.5391612325 1.1256320168 0.6422064891 0.6011787939 -0.0271101608 0.3226447825 0.0207114216 
46 4 1.3770115452 0.6326483735 0.5616830821 0.70182934 0.0090485079 0.0254313981 -0.0240603998 
47 3 1.2816694578 0.7829333486 0.1934785861 0.6662646643 0.0626456811 -0.0765524336 0.3462347671 
48 1 0.0 0.0 0.0 0.0 0.0 0.0 0.0 
