# Cluster list (48 data points):
# "Cluster Identifier" "Cluster Size" "Radius of Gyration" "Gyration Tensor.XX" "Gyration Tensor.YY" "Gyration Tensor.ZZ" "Gyration Tensor.XY" "Gyration Tensor.XZ" "Gyration Tensor.YZ"
1 54 3.5136411285 4.2116390885 3.2234121005 4.9106227908 -0.3577701671 0.4339244395 -0.2804436383 
2 48 3.3640548796 3.8295024053 3.2788496608 4.2085131671 -0.1045096747 -0.5121892283 0.5563596054 
3 45 3.3271589894 4.1789817724 2.8417343636 4.0492708049 -0.4726530582 -0.7721463111 0.49970355 
4 37 3.1232032327 2.7656302463 4.2659267342 2.7228414525 -0.3868660678 0.0076346998 0.1799770775 
5 37 3.2455003715 2.5535065605 3.6826703156 4.2970957852 -0.6267983604 -0.8609752573 1.3515098886 
6 36 3.0160439578 2.9114811817 3.0599836908 3.1250562826 -0.151535147 -0.0535574827 -0.2170674665 
7 36 3.0758209446 3.8391493581 2.5710869833 3.0504381416 0.0680080366 0.3639791487 -0.4751674496 
8 35 3.0125780883 2.7977903869 2.5459380738 3.7318982773 -0.367576945 -0.0806408787 0.0532982288 
9 34 2.9813373895 2.7880902204 2.6600520679 3.4402303417 -0.0814180982 -0.2816184311 -0.4875576934 
10 32 2.965276484 3.519096614 2.3733046691 2.9004633437 0.3351014241 0.4735537227 0.5403405299 
11 31 3.0022203784 3.5807903945 2.941334917 2.4912018893 -1.060590123 0.8439013285 -0.2112990417 
12 31 2.9077873688 2.626390016 3.5306643348 2.2981730311 0.4155323758 0.0197372396 0.2217588819 
13 30 2.8454842506 2.8949891406 2.6279598263 2.5738316533 0.0741921186 -0.2875245878 -0.053166425 
14 29 2.8093458818 2.5516003392 2.8188386962 2.5219852482 -0.1310483303 -0.1237343914 0.0701359267 
15 29 2.8455072529 2.324066151 3.2082878481 2.5645575271 0.2497220438 0.1942030432 0.6558901342 
16 27 2.7432227445 2.3193772851 2.3931363381 2.8127574029 0.0330460289 0.0274570847 -0.2583772843 
17 26 2.735860259 3.0879641516 1.7698760125 2.6270911926 0.1992812293 0.49221108 0.2005755726 
18 25 2.6970484731 2.3642205136 2.2064654077 2.7033845449 0.1473877619 -0.1791045334 0.1703656761 
19 23 2.643695927 2.0236881141 2.8883692449 2.0770707955 0.5560168663 -0.5691319936 0.0460392056 
20 22 2.6247135061 2.6146662875 2.1867824638 2.0876722379 -0.9558858499 0.224262669 -0.2126418287 
21 22 2.5759823557 1.8392641267 2.2700982565 2.5263227134 0.0259468918 -0.4866360897 -0.0028189294 
22 21 2.5520237458 1.9110492414 2.4681682373 2.1336077201 0.2485240658 -0.1796158342 0.59088515 
23 21 2.5596822638 2.5087684641 1.7441716021 2.2990332256 -0.124509036 0.0259920267 -0.2045244148 
24 21 2.5502001939 1.7003679643 2.4967721468 2.3063809179 -0.3425578037 -0.4846918805 0.2372417173 
25 20 2.4916225562 1.8993691341 1.4254300853 2.8833837434 -0.1313295227 0.1212587637 0.0176986952 
26 18 2.4755087701 1.6821050433 2.1626696214 2.2833690058 0.2018901079 -0.0853361833 -0.8582742037 
27 18 2.4134859656 1.875083117 2.2235355003 1.7262958886 0.0157529796 0.4074075108 -0.095095346 
28 17 2.3568956038 1.7982455117 2.2524780614 1.5042333142 0.0398311591 0.121161707 -0.0168251922 
29 16 2.3163854165 1.2830107815 2.3763072768 1.7063233396 -0.0407994089 -0.0212409403 -0.2960601618 
30 16 2.3123604844 1.7875133123 1.9777238861 1.5817738114 -0.5195662274 -0.2915810661 0.0941189712 
31 15 2.2560517038 1.5714586043 1.7861508238 1.732159862 -0.128157175 -0.1596026139 -0.2557340326 
32 14 2.2007570132 1.3950211827 1.3985816609 2.0497285875 0.0438198706 0.1472264679 0.1515722991 
33 13 2.0712739765 1.4446319782 1.3721235505 1.4734203571 0.0153661036 0.0059569802 -0.0051678181 
34 12 2.1619278405 1.2610261152 1.533108164 1.8797977082 -0.0738614336 0.7226161459 -0.3358585662 
35 12 2.0539322901 1.5228679485 1.3533022999 1.3424676039 -0.0728563617 0.0900134798 0.2252231659 
36 11 2.0247377496 1.6461287253 1.3003218649 1.1531123644 -0.0134446854 -0.2229109604 -0.2333199008 
37 9 1.870358008 0.8898980605 1.3586595995 1.2496814182 0.0403872677 -0.1689450444 0.0431560665 
38 8 1.822775216 0.9377741114 1.3418544981 1.0428808787 0.1387638478 0.1008994684 0.3607627736 
39 7 1.7418261164 0.8279352865 0.9269466703 1.2790762628 -0.4735245507 -0.0197202342 -0.0826245858 
40 7 1.7186490405 0.7057218136 1.1231664858 1.124866225 0.2467863306 0.2929338877 -0.1018564128 
41 6 1.6136538914 0.8473957147 0.7713960477 0.985087119 -5.5686786607e-04 0.0121811368 -0.043938584 
42 6 1.5859216311 0.8332377259 0.8410723352 0.840837359 -0.0341906038 0.0268445389 -0.0764846183 
43 5 1.5507398232 0.5063962135 1.4240686626 0.4743291231 0.1056275948 0.0082720168 -0.0235108293 
44 5 1.5493848125 0.6037275944 0.6396057909 1.1572599119 0.0793622435 -0.002520735 -0.2441573369 
45 5 1.5444132584 1.0086943246 0.5261864979 0.8503314903 -0.0671542073 0.3472465629 -0.0646114243 
46 4 1.3652681777 0.6332592651 0.6216638639 0.6090340681 -0.0234802171 0.0058709985 -0.0556780047 
47 3 1.3385542026 0.5948406663 0.3346048429 0.8622818439 0.355244048 -0.2137620552 0.1824685861 
48 1 0.0 0.0 0.0 0.0 0.0 0.0 0.0 
