# Cluster list (58 data points):
# "Cluster Identifier" "Cluster Size" "Radius of Gyration" "Gyration Tensor.XX" "Gyration Tensor.YY" "Gyration Tensor.ZZ" "Gyration Tensor.XY" "Gyration Tensor.XZ" "Gyration Tensor.YZ"
1 53 3.5375726522 4.1489343556 3.5886026016 4.7768833121 0.1144101305 0.4713431905 -0.6604578103 
2 44 3.2477845834 3.684321355 3.498423296 3.365360049 -0.1030820638 -0.3383972431 0.5170404723 
3 37 3.1319739746 2.4176686424 4.6819963586 2.7095959768 -0.179676206 0.040364192 0.2393602541 
4 36 3.1026064733 3.1280575419 3.4904610073 3.0076483791 -0.3805236092 -0.7090094193 -0.0019371344 
5 35 3.0153883456 2.7673455629 2.6189758575 3.7062454542 -0.3804438487 -0.0155656136 -0.1369468315 
6 32 2.9607587717 3.7623154039 2.3433865923 2.6603905079 0.3102778793 0.3312037779 0.3631509861 
7 32 2.9458847414 2.6170411591 3.1456282982 2.9155674522 -0.2910741526 0.448655504 -0.4215341696 
8 31 2.9813025138 2.8051114439 3.488896917 2.594156318 0.6262645102 0.0489224846 -0.3770963844 
9 30 2.8453016596 2.6285815841 2.6533495482 2.8138104017 -0.0731588868 -0.164579276 -0.1558222241 
10 29 2.8863470462 2.9908414023 2.7471900121 2.5929678568 -0.3324004737 0.3247849772 -0.7630237181 
11 29 2.8414908119 2.4536496649 3.3971083414 2.2233120281 0.4367623026 0.0446252174 0.3141469063 
12 29 2.8915852559 2.5394522497 2.2400162129 3.5817968297 0.1507163918 -0.9326414506 0.5059999805 
13 27 2.7385604012 2.5462560663 2.3464028084 2.6070541961 0.073930787 -0.2255286229 -0.1515729189 
14 26 2.731395316 2.5835583677 2.5380480993 2.3389139052 0.3898087955 0.2716700278 0.6875699172 
15 25 2.6941848585 2.4733663041 2.535284567 2.2499811807 -0.111128338 0.1010220886 -0.2597345015 
16 25 2.7059067975 2.2524645027 2.4153065119 2.6541605821 0.1147568687 0.1911654027 -0.365547167 
17 23 2.6554600433 1.736733194 3.089318779 2.2254160687 0.3130104338 -0.5042689051 -0.0350326089 
18 23 2.66850018 2.7717298678 2.3388679493 2.0102953934 -0.1206195051 0.7237413053 -0.0210373972 
19 22 2.6055023085 2.1502689806 2.3142323136 2.3241409855 -0.2288217494 -0.1305013848 0.1024686333 
20 22 2.5750194588 1.8642062597 2.369188 2.3973309533 0.0739021611 0.4430426574 0.3017861554 
21 21 2.5424207573 1.8542335489 1.985782964 2.6238867942 0.2360266722 -0.2813714683 0.5627001079 
22 21 2.5600496095 2.2983068299 1.886224745 2.369322428 -0.3882566341 0.0798496278 0.0606163814 
23 21 2.5486401262 2.8375629187 2.1128646914 1.5451388829 -0.1818588472 -0.0021903732 -0.258911651 
24 20 2.4903011531 2.3980372148 1.566441173 2.2371214452 0.0045829396 0.5459262632 0.2974129206 
25 18 2.4638356049 1.8197681712 1.5315371425 2.7191805743 -0.123232236 0.2956268014 -0.5047243407 
26 18 2.4198658698 1.6435149417 2.2825929532 1.9296429331 -0.1884534015 0.4227112 0.0295148122 
27 17 2.3415143156 1.8956870619 1.6620704007 1.9249318276 -0.0726741373 -0.1893056321 0.0359577396 
28 16 2.3128974289 1.463101211 2.1155603034 1.7708330021 -0.3466657804 0.024917835 -0.4286526334 
29 16 2.3352843592 1.9291553414 1.7195894321 1.8048082649 0.1735747901 -0.6114906914 -0.2207973393 
30 15 2.2548685164 1.9250728991 1.5012972937 1.6580618335 -0.0805017775 -0.2933160302 -0.2413985742 
31 14 2.1753315555 1.4598966042 1.4130757341 1.8590950383 -0.0733808182 0.2037786134 -0.2322855562 
32 13 2.235389585 1.5872155554 2.0292227864 1.3805282551 0.3570715633 -0.2414691845 0.6652253092 
33 13 2.0729912098 1.4227995165 1.408387068 1.4661059716 0.0227466773 0.009036446 0.0182914287 
34 12 2.2167661445 1.5583457971 1.9679156836 1.3877906588 0.125576699 -0.2043189309 -0.7603877073 
35 12 2.0537147284 1.2552862883 1.5047497725 1.4577081247 -0.1582781031 0.141839778 0.06906275 
36 12 2.0577819233 1.463877046 1.3795865358 1.3910028621 -0.1177141482 0.1218304203 0.19825 
37 11 2.011761433 1.3198751214 1.3988782799 1.3284306621 0.0731664195 0.1958091739 -0.3597639934 
38 11 2.0527824898 1.0763367018 1.4339875445 1.7035917042 -0.2156242873 -0.0773986091 0.0868546278 
39 11 2.0414890124 1.4932956429 1.6568779886 1.0175037564 0.0392843237 0.134587665 0.2126958935 
40 9 1.8979013397 1.2434753078 1.0465397578 1.3120144298 0.1477964885 -0.1183286466 0.19865994 
41 8 1.815498905 0.9424606089 1.5081957933 0.845379872 -0.238251386 -0.0407632698 0.12042709 
42 8 1.8131606056 1.5390149552 0.9218909986 0.826645428 -0.1197823468 -0.2318746775 0.0989200334 
43 7 1.7483270746 0.4829131489 1.3621081622 1.2116262489 0.0908700116 -0.1807333479 0.0376661543 
44 7 1.7315280267 1.1652159923 1.0792783181 0.7536949967 -0.1941576968 -0.3031842262 -0.30924339 
45 7 1.7332265566 1.3395768308 0.7375257818 0.9269716841 -0.0790321531 0.1770717164 0.3454236967 
46 6 1.6040141028 0.9019826231 0.8691450448 0.8017335742 0.053285954 -0.0028267266 -0.0013162673 
47 6 1.5904921705 0.8578677953 0.9218200412 0.7499775079 0.005366787 0.0062178695 -0.0397173002 
48 5 1.5332956057 0.9536977341 0.8178444133 0.579453267 -0.3995649334 -0.1340067779 0.1446821293 
49 5 1.5684659244 0.5869389989 0.6053955278 1.2677508292 0.0939973786 0.2731999834 0.2329864167 
50 5 1.5342744651 0.6912785893 0.8644296052 0.7982899398 0.1418083482 0.0821236738 0.2951382904 
51 5 1.5560850245 0.6335495263 0.9563567743 0.831494303 0.1371038084 0.1942712473 0.3265639114 
52 4 1.4019608684 0.608646032 0.7184723089 0.6383759355 0.0172083178 -0.0069816088 0.1388986152 
53 4 1.4124795102 0.5951496318 0.7940209239 0.6059278111 0.0234720023 -0.0217198243 -0.0640555812 
54 4 1.4754950319 0.9659948148 0.5020992723 0.7089915021 -0.0205989925 0.0222670869 -0.0097268725 
55 3 1.2750088329 0.813331668 0.1222093237 0.6901065322 0.1782734232 -0.0617871494 0.2251636909 
56 3 1.4259394155 0.3495888829 0.6230939491 1.0606203847 -0.3461768841 0.2873955874 0.1960993602 
57 1 0.0 0.0 0.0 0.0 0.0 0.0 0.0 
58 1 0.0 0.0 0.0 0.0 0.0 0.0 0.0 
