# Cluster list (56 data points):
# "Cluster Identifier" "Cluster Size" "Radius of Gyration" "Gyration Tensor.XX" "Gyration Tensor.YY" "Gyration Tensor.ZZ" "Gyration Tensor.XY" "Gyration Tensor.XZ" "Gyration Tensor.YZ"
1 53 3.4930161384 4.2538530803 3.23504261 4.7122660529 -0.204202954 0.524531655 -0.5476476259 
2 48 3.3885210514 3.7381483428 3.3275090684 4.4164175045 0.015972069 -0.6617839059 0.4404382733 
3 37 3.1162069946 2.9823710771 3.9291775471 2.7991974092 -0.8678714296 0.0278538591 0.1514273213 
4 36 3.0466215953 3.1119759249 2.8123068704 3.3576203494 -0.209039028 -0.2597700258 -0.0808119276 
5 35 2.9989446749 2.8846615513 2.4381805267 3.6708270849 -0.2680666315 0.0693392984 0.1752536901 
6 32 2.9773817001 3.7681971366 2.5236158363 2.572988815 0.5830976444 0.1729546643 0.4351206316 
7 32 2.9431329976 2.6551080023 3.0214640365 2.9854598028 -0.2751651101 0.4610801134 -0.3650875557 
8 31 2.9150543945 2.4312231232 3.3859353877 2.6803836121 -0.0561270597 -0.1468496693 -0.5199700935 
9 30 2.8443513867 2.7654084091 2.7289025037 2.5960238982 0.0186938104 -0.2845881184 -0.0977793899 
10 29 2.8681288545 2.8332475401 2.4456646259 2.9472509603 -0.1283185838 0.2944333296 -0.7324284819 
11 29 2.8355292027 2.3395393309 3.3875731598 2.3131133686 0.2160069064 -0.0384650512 0.4252552045 
12 29 2.8838956701 2.7759253968 2.133986797 3.4069420425 0.1415505777 -1.0207600946 0.4948329234 
13 27 2.7469114041 2.3972984875 2.364326233 2.7838975413 0.0332635084 -0.1514119145 -0.094681514 
14 26 2.7411894808 2.7178752778 2.5060620681 2.2901824241 0.3403238968 0.3535561746 0.6199777606 
15 25 2.697317911 2.5006641871 2.6102220386 2.1646376875 -0.0321661153 0.1170436579 -0.2994717518 
16 25 2.6915849619 2.2777801193 2.3068634425 2.6599860454 0.1523150739 0.1884219917 -0.2378054117 
17 23 2.6612925661 2.18069108 3.1634697988 1.7383172435 0.29109433 -0.5555539216 -0.0335780668 
18 23 2.6574558174 2.8973144978 2.3500668013 1.8146901221 -0.3594944711 0.5414535713 0.0249131477 
19 22 2.6070578179 2.3584770035 2.1525333944 2.2857400682 -0.2859838976 -0.1966722985 0.0329481757 
20 22 2.7467223594 4.06906158 1.7395849092 1.7358372306 -0.3192835866 -0.0750425818 -0.1007556055 
21 22 2.5718124656 1.6482863661 2.3486140532 2.6173189389 -0.0423368024 0.2368716181 0.2163269231 
22 21 2.5366896733 1.7682584391 2.2845357209 2.3820003387 0.1510712943 -0.3673969195 0.4961907523 
23 21 2.5648045922 2.1499425373 2.0713685138 2.3569115452 -0.4635478128 0.0499302579 -0.0179772029 
24 21 2.5319002722 2.7156676357 2.0980239336 1.5968274191 -0.3644916787 -0.1514471782 -0.246833195 
25 20 2.5020686531 2.5456330863 1.6115304113 2.1031840472 0.0491734946 0.5082580934 0.3790534538 
26 18 2.4563576653 1.9079095359 1.4783698961 2.647413548 -0.1130774071 0.4532395547 -0.3733531616 
27 18 2.4193998557 2.124132781 2.1560470092 1.5733158717 -0.0789997043 0.3501602989 0.0479497274 
28 17 2.3243820796 1.6850330614 1.6893937518 2.0283252385 -0.0062704076 -0.1409017101 -0.1818465437 
29 16 2.2960226484 1.5244199152 1.7483728456 1.9989272413 0.1216834638 -0.4741345267 -0.2565330209 
30 16 2.2944025323 1.2657667155 1.8192307334 2.1792855315 -0.0375241763 -0.1548514723 -0.4413445138 
31 15 2.263990452 2.0503223796 1.6341853475 1.4411450398 0.0546884145 -0.138616841 -0.2352350673 
32 14 2.1823503604 1.390463488 1.4337574469 1.9384321604 -0.0742301182 0.1414934042 -0.2385903091 
33 13 2.2164755501 1.7044581019 2.1597419782 1.0485637841 0.1499349246 -0.1194926401 0.649212309 
34 13 2.0603425928 1.4153965081 1.3971042547 1.4325108367 -0.0122450696 -0.0010815334 -0.046142246 
35 12 2.1850455552 1.4897876168 2.2735118717 1.0111245896 0.095547779 -0.0403845721 -0.5921543516 
36 12 2.0561491552 1.4146657312 1.5053382547 1.3077453625 -0.0568816296 0.1790161776 0.132418515 
37 12 2.0715924772 1.4042278435 1.5104155255 1.3768520226 -0.1409020885 0.1290668894 0.1319005162 
38 11 2.02928766 1.2756276538 1.3479629162 1.494417837 0.1524101017 0.2354372277 -0.2613692995 
39 9 1.9215871828 1.2201308304 1.257224285 1.2151421858 0.2017298318 -0.1739145148 0.1720112272 
40 8 1.8159810618 0.9130060529 1.4388193256 0.9459618382 -0.2241917694 -0.1018892348 0.2060635129 
41 8 1.8274631695 1.255528319 1.0920740769 0.9920192401 -0.324184411 -0.249441701 0.2371796482 
42 7 1.7432485487 0.6163346302 1.1762001256 1.2463807465 0.2835964087 -9.3116878903e-04 -0.0637746103 
43 7 1.7470296158 1.2847894966 0.7767801341 0.9905428476 0.0238680946 -0.019245896 -0.4472959589 
44 7 1.7715718548 1.437991386 0.4551500645 1.2453253863 -0.0073774438 0.0915780128 0.244610476 
45 6 1.6674129049 0.7731769132 1.0103774048 0.9967114772 0.1425660681 0.1481479685 0.0086824381 
46 6 1.5902794745 0.8440696813 0.7561077697 0.9288113561 0.0502270044 0.0224921604 -0.0449409665 
47 5 1.5408898892 0.598780036 0.5502347329 1.2253268817 0.0040292 -0.2904406389 -0.0147112673 
48 5 1.5116224037 0.9315588106 0.8502333256 0.5032101552 -0.2865023166 0.0307450208 -0.1310534436 
49 5 1.5233605081 0.5516653913 1.1524093221 0.6165525243 0.0423010711 0.0349077877 0.1633635195 
50 5 1.5972696437 0.9029390971 0.7752499439 0.8730812738 0.2119268708 -0.0452010262 0.2885542796 
51 4 1.382960846 0.5483780879 0.6527158363 0.7114867773 -0.0203872345 0.0456252642 -0.0255075346 
52 4 1.3510057286 0.5577625345 0.6385075797 0.6289463645 -0.0240257414 -0.010619267 -0.0093679829 
53 3 1.3263009593 0.5849224764 0.8562059917 0.3179457666 -0.1569049919 0.3613118392 0.1808297863 
54 3 1.2639446495 0.0933184528 0.751264912 0.7529727123 0.1312496019 -0.2188074993 0.0609786495 
55 1 0.0 0.0 0.0 0.0 0.0 0.0 0.0 
56 1 0.0 0.0 0.0 0.0 0.0 0.0 0.0 
