# Cluster list (52 data points):
# "Cluster Identifier" "Cluster Size" "Radius of Gyration" "Gyration Tensor.XX" "Gyration Tensor.YY" "Gyration Tensor.ZZ" "Gyration Tensor.XY" "Gyration Tensor.XZ" "Gyration Tensor.YZ"
1 54 3.508672931 4.2174309892 3.2056086554 4.8877460917 -0.2228452393 0.2873264966 -0.47829991 
2 48 3.3657762469 3.6985387318 3.2067331253 4.4231778875 -0.1052552121 -0.4758216965 0.5560217024 
3 45 3.5249303605 4.5661597945 2.7933778158 5.0655964361 -0.2311445559 -1.9065531876 0.0116675237 
4 37 3.1147755321 3.1449687297 3.6716051775 2.8852527079 -0.9080126296 -0.160060883 0.3186340307 
5 36 3.0389617298 2.9556525221 3.1021441545 3.1774917186 -0.3217123661 -0.0925563668 -0.1429304533 
6 35 3.0190694535 2.7067631555 2.8036301634 3.6043870464 -0.4318530807 0.0846237291 0.3286930369 
7 33 2.9631222161 2.9661287886 2.4671429323 3.3468215469 0.3661012518 -0.1947979052 -0.322900803 
8 32 2.9536558743 3.5567495247 2.6479153116 2.5194181874 0.4153175629 0.3838562395 0.5091267857 
9 31 2.8904463937 2.4090147746 3.6161636001 2.32950198 0.1885492948 -0.1258577934 -0.0910891823 
10 30 2.8591400474 2.8755278494 2.8391455406 2.4600084209 0.2318617798 0.0310734338 -0.0241563628 
11 29 2.8998149618 3.1552619957 2.6716879085 2.5819769088 -0.7256315938 0.5690250831 -0.011416077 
12 29 2.8554030832 2.4381420309 3.1507304568 2.56445428 0.2410999366 0.0769361819 0.6784012362 
13 29 2.8800885059 2.6497161456 2.2779319313 3.3672617249 -0.1779521979 -0.042364111 -0.634213276 
14 27 2.741293123 2.3664517207 2.3020638405 2.8461724248 0.0155309689 -0.1398622239 -0.0381130114 
15 26 2.743924679 2.9960073409 2.2153352352 2.3177800677 0.3305727393 0.4484081987 0.4974862105 
16 25 2.7001397401 2.5129905898 2.6200590299 2.1577049963 0.0887894709 0.0102820597 -0.1963245672 
17 25 2.6806816785 2.232994724 2.2813604527 2.6716990847 0.2557502956 0.1021198084 -0.1859880107 
18 23 2.6499916924 1.8491877544 3.0997152054 2.0735530098 0.2600968185 -0.6195524205 -0.1653767962 
19 23 2.6742494318 2.6599516395 2.3934639951 2.0981943889 -0.4888187614 0.5971080724 0.0371885268 
20 22 2.6067471435 3.2643677754 1.5037548808 2.027008014 -0.4979921436 0.2222642253 -0.1223184112 
21 22 2.5713256737 1.6504018893 2.2090959969 2.752217834 -0.0104876227 -0.1742915917 0.0156245577 
22 21 2.5347081358 1.8423105522 2.1991870873 2.3832476942 0.1576820868 -0.3129260963 0.5776547783 
23 21 2.5779382914 2.3934030494 1.8828441178 2.3695186669 -0.3780846197 0.0239899346 -0.0898139882 
24 21 2.5321389492 2.5024386747 2.2304610862 1.6788278969 -0.4056950535 -0.4095419725 -0.1300710608 
25 20 2.4968533332 2.2514251727 1.597428251 2.3854231437 0.0356785303 0.5156813053 0.3695943399 
26 18 2.4666499867 1.8112547518 1.5693925868 2.7037148182 -0.1199267046 0.2213025409 -0.497093061 
27 18 2.413228315 1.9801631076 2.1567220621 1.6867857304 0.0194309317 0.4696409648 -0.0987276812 
28 17 2.3332681616 1.6868684946 2.0512799585 1.7059918609 0.1143004662 -0.1101565186 -0.1392871152 
29 16 2.3025238068 1.304920372 1.8320255902 2.1646699186 0.0791265082 -0.2512772539 -0.3589011381 
30 16 2.3110490201 1.7518851202 1.6394611613 1.9496012916 -0.1949352112 -0.5777155022 0.0950140267 
31 15 2.2650149419 1.7505004455 1.7439145652 1.6358776761 0.0527641041 -0.366146006 -0.0850810582 
32 14 2.1920123249 1.3983864832 1.3771918656 2.0293396838 0.0102046124 0.1087110604 0.0205743217 
33 13 2.0769164347 1.4414305572 1.4268036591 1.4453476603 -0.0067278587 0.0095907166 0.0532861504 
34 12 2.1735135538 1.5725084864 1.7094549052 1.442197777 -0.2532526698 0.1454722947 -0.7810932102 
35 12 2.0594299876 1.5502981872 1.2554442274 1.4355094591 -0.1187598824 -0.1411299861 -0.1653948262 
36 12 2.0667604953 1.4722626438 1.5731609448 1.2260753565 -0.0395446578 0.1013380393 0.0310923616 
37 11 2.0450404282 1.6593249383 1.5439972001 0.9788682145 -0.1338517152 0.1914530305 0.0140345789 
38 9 1.9025291245 0.9275907006 1.3691661792 1.3228601897 0.142704103 0.1081800551 -0.0274229923 
39 8 1.8351099287 1.213377872 1.2980054965 0.8562450821 -0.4170687031 0.0224156338 -0.0867166965 
40 8 1.8365419135 0.9379225476 1.4495555683 0.9854080841 -0.1818079757 -0.0781497633 0.2333510785 
41 7 1.7146448112 1.1590083064 0.9296960764 0.851302446 0.1800565577 0.1950344403 -0.3960655624 
42 7 1.7271845499 0.7258806344 1.0080792842 1.2492065509 -0.3750151791 0.1674510047 0.1389016532 
43 6 1.6163403526 0.8367978633 0.9597946227 0.8159636495 -0.0446642161 -0.0045344449 -0.0097143418 
44 6 1.5995293201 0.911905913 0.8049162326 0.8416719001 -0.0200208816 0.035359144 0.0124574145 
45 5 1.5452710322 0.5087854158 0.4921347468 1.3869424004 0.0166067599 0.0777335589 0.1145519572 
46 5 1.5404906599 0.945164483 0.8348613353 0.593085655 -0.3204441853 0.2197059947 -0.1869627727 
47 5 1.5665705426 0.742403047 0.5376933993 1.1740468185 -0.1613365296 -0.0438589397 -0.1327858313 
48 5 1.5542837163 0.5556079179 1.0430404663 0.8171494867 0.0989490847 0.1082933737 0.2767448615 
49 4 1.372830106 0.6612463453 0.6010107871 0.6224053677 -0.0337205863 0.0140918718 0.0093051881 
50 3 1.3499247083 0.9615874634 0.2602465711 0.6004626836 -0.2321133367 0.0907487149 0.3257670617 
51 3 1.3318519768 0.4346723607 0.5247678862 0.8143894411 -0.4273208641 -0.1417524927 -0.1442057452 
52 1 0.0 0.0 0.0 0.0 0.0 0.0 0.0 
