# Cluster list (52 data points):
# "Cluster Identifier" "Cluster Size" "Radius of Gyration" "Gyration Tensor.XX" "Gyration Tensor.YY" "Gyration Tensor.ZZ" "Gyration Tensor.XY" "Gyration Tensor.XZ" "Gyration Tensor.YZ"
1 54 3.4982535496 4.2675369489 3.1754061974 4.794834751 -0.2914144058 0.4218412722 -0.421058788 
2 48 3.3745352176 3.6298482727 3.2268890003 4.530750662 0.0261844967 -0.3802627319 0.5117457398 
3 45 4.0305253845 6.6345992678 2.7052883958 6.9052472111 0.3431316041 -4.3413017366 -0.3787579238 
4 37 3.1151383792 3.2740272327 3.633207227 2.7968526621 -0.8759527601 -0.1452333808 0.2588691011 
5 36 3.0419455592 2.8957262324 3.0833101717 3.2743963812 -0.2366051734 6.8356532281e-04 -0.0041635822 
6 35 2.9971866097 2.6742342639 2.6530030444 3.6558902651 -0.347452662 0.0596318902 0.2821043607 
7 33 2.9649840147 3.0176044617 2.4603442399 3.3131815059 0.3295019849 -0.2353324967 -0.2575765475 
8 32 2.9542970668 3.4179849629 2.7651336437 2.5447525526 0.5649593374 0.3332116647 0.5621693403 
9 31 2.9036077238 2.4352765886 3.5657445613 2.4299166637 0.1540348666 -0.1561539088 -0.3296729725 
10 30 2.8508818517 2.9390582385 2.781450528 2.4070185656 0.212089762 -0.060631659 -0.0300771079 
11 29 2.8971065468 3.0897686265 2.5463046967 2.7571530204 -0.6698436676 0.4413851106 -0.1003221872 
12 29 2.850341493 2.3323468278 3.1191341136 2.6729656851 0.2072491532 -0.023728172 0.7143035789 
13 29 2.8725019831 2.6024270632 2.4112061403 3.2376344395 -0.1397372325 -0.0603913744 -0.7179790678 
14 27 2.7351700551 2.3133861574 2.2769760276 2.8907930455 -0.0227208831 -0.0941360944 -0.0242141923 
15 26 2.7331017827 2.8570819137 2.2851486834 2.3276147573 0.3127471982 0.4054472542 0.4885007032 
16 25 2.6892533761 2.3893501736 2.7427732678 2.0999602795 0.0442536334 0.0662694819 -0.2173478688 
17 25 2.691294337 2.1883575511 2.313107724 2.7415999332 0.2544180503 0.0520081218 -0.1831835671 
18 23 2.6543056492 1.8757850036 3.1493898221 2.0201636538 0.1033033478 -0.6132477053 -0.3184583159 
19 23 2.6736227597 2.5688667089 2.3687083914 2.2106835606 -0.3246029946 0.7260942665 -0.0730296731 
20 22 2.623710701 3.3722242329 1.4995488105 2.0120847992 -0.4612166914 0.0399190339 -0.0105723209 
21 22 2.5789533808 1.6739976351 2.2359291392 2.7410737661 -0.063069687 -0.2159342166 0.0612614412 
22 21 2.5483333364 1.7427200857 2.4695270801 2.2817556274 0.1084109113 -0.3626038405 0.4935276571 
23 21 2.5644662071 2.1375703098 1.97539809 2.4635185273 -0.3909098937 0.0416121157 -0.1320886404 
24 21 2.5396972711 2.4632515946 2.2307507998 1.7560598346 -0.5132827682 -0.3944548915 -0.1738704584 
25 20 2.4844822062 2.4337403778 1.5922969271 2.1466145282 0.1106144963 0.484248657 0.3319963368 
26 18 2.4509493085 1.8173343409 1.4434589241 2.7463592478 -0.0726107715 0.2180358616 -0.3172863593 
27 18 2.4104838544 2.1038004803 2.216288341 1.490343591 -0.0828077184 0.3832731027 -0.0652869931 
28 17 2.3441008843 1.6576104816 1.8938550589 1.9433434152 -0.0046083699 0.0415555472 -0.2889516117 
29 16 2.3171537796 1.3187015483 1.6879707065 2.3625293833 0.0753656976 -0.2566831154 -0.2494282237 
30 16 2.3184866648 1.7877085499 1.7113033053 1.8763685595 -0.1867150274 -0.550886303 0.1336469435 
31 15 2.2766323758 1.8862842321 1.80006822 1.4967025224 0.0842008853 -0.4174403829 -0.0187072752 
32 14 2.1793541638 1.4880336698 1.3840025183 1.8775483833 -0.0397516508 0.2274585574 -0.0709784705 
33 13 2.068190392 1.4292120995 1.432549614 1.415649784 0.0347144075 0.0048069168 0.0452476164 
34 12 2.167267095 1.6086693619 1.6238201549 1.4645571443 -0.3802925221 0.1438358983 -0.7401984332 
35 12 2.0539364471 1.5573067603 1.2478874988 1.4134606696 -0.0350808136 -0.0515078022 -0.1951950117 
36 12 2.0735571613 1.5585174889 1.5533428014 1.187779011 -0.0121183464 0.0609297481 0.0040859669 
37 11 2.0396422795 1.4243416562 1.5083939765 1.2274049954 -0.0733490079 0.3405213741 -0.1997194713 
38 9 1.909229868 0.9326475359 1.3938219275 1.3186892255 0.0431842107 -0.2809522365 -0.0495304967 
39 8 1.8168413134 0.9599390688 1.4731671119 0.8678061773 -0.1930773263 -0.0707417608 0.1735863569 
40 8 1.8505046566 1.0545731896 1.3552583733 1.0145359211 -0.2741846751 -0.1413447014 0.1569311905 
41 7 1.7434644594 1.2497295732 1.2611578743 0.5287808738 0.0533017596 0.1869627805 -0.2020726258 
42 7 1.720092432 0.670185471 1.0033082843 1.2852242194 -0.3883943109 0.0604378335 0.0325570872 
43 6 1.6008227454 0.8809688268 0.8600606024 0.8216040328 -0.0546602198 -0.0194065069 0.0194488504 
44 6 1.6262399452 0.8528303856 0.9231227089 0.868703265 -0.0289616451 -0.0434924135 -0.0179404309 
45 5 1.5696236111 0.5717292169 0.5239986889 1.3679903748 -0.0252035545 -0.1109359675 0.0081301701 
46 5 1.5319879763 1.1253388371 0.6733789671 0.5482693554 -0.2422819961 0.1148222642 -0.1446784363 
47 5 1.5634013405 0.8732451771 0.6638536088 0.9071249656 0.0739128915 -0.3756203695 -0.0950148528 
48 5 1.5051081094 0.5417426838 0.9395960815 0.7840116558 -0.0026717599 -0.046790591 0.3290975437 
49 4 1.3787224534 0.557878084 0.6275241599 0.7154733595 0.032282403 -0.0416577587 -0.0801628967 
50 3 1.2694549631 0.7846301108 0.2417167731 0.5851690194 -0.1627555595 -0.049514221 -0.3376371517 
51 3 1.292753288 0.4201537221 0.6442578254 0.606799516 -0.2740720329 -0.3303400795 -0.186453694 
52 1 0.0 0.0 0.0 0.0 0.0 0.0 0.0 
